v(1	1	32	157	64	2)
v(1	2	22	178	44	2)
v(1	3	5	60	10	2)
v(2	1	1	110	2	1)
v(2	2	1	80	2	1)
v(3	1	24	49	48	2)
v(3	2	20	157	40	3)
v(3	3	31	128	62	3)
v(3	4	13	126	26	2)
v(4	1	23	82	46	1)
v(4	2	8	12	16	1)
v(5	1	9	27	18	0)
v(6	1	8	151	16	0)
v(7	1	8	33	16	0)
v(8	1	26	170	52	4)
v(8	2	14	18	28	4)
v(8	3	4	98	8	4)
v(8	4	7	19	14	4)
v(8	5	1	133	2	4)
v(9	1	28	149	56	3)
v(9	2	20	97	40	3)
v(9	3	6	83	12	3)
v(9	4	17	167	34	4)
v(9	5	19	175	38	3)
v(10	1	9	95	18	3)
v(10	2	9	150	18	3)
v(10	3	12	164	24	3)
v(10	4	18	149	36	3)
v(11	1	29	137	58	4)
v(11	2	29	92	58	4)
v(11	3	18	104	36	4)
v(11	4	30	184	60	3)
v(11	5	10	34	20	3)
v(12	1	25	51	50	0)
v(13	1	3	101	6	1)
v(13	2	20	171	40	1)
v(14	1	29	36	58	4)
v(14	2	4	136	8	3)
v(14	3	20	164	40	3)
v(14	4	21	179	42	4)
v(14	5	22	119	44	4)
v(15	1	29	157	58	3)
v(15	2	31	70	62	3)
v(15	3	2	46	4	3)
v(15	4	8	67	16	3)
v(16	1	4	71	8	0)
v(17	1	21	57	42	1)
v(17	2	31	179	62	2)
v(17	3	8	18	16	2)
v(17	4	30	94	60	1)
v(18	1	6	159	12	1)
v(18	2	3	40	6	1)
v(19	1	11	162	22	4)
v(19	2	23	74	46	4)
v(19	3	6	134	12	4)
v(19	4	22	141	44	4)
v(19	5	9	45	18	4)
v(20	1	20	46	40	4)
v(20	2	8	134	16	4)
v(20	3	3	143	6	4)
v(20	4	27	75	54	4)
v(20	5	11	102	22	4)
v(21	1	21	161	42	0)
v(22	1	10	149	20	2)
v(22	2	15	145	30	2)
v(22	3	19	64	38	3)
v(22	4	15	56	30	3)
v(23	1	3	74	6	1)
v(23	2	25	65	50	1)
v(24	1	25	140	50	4)
v(24	2	8	148	16	4)
v(24	3	8	79	16	3)
v(24	4	29	178	58	3)
v(24	5	26	125	52	4)
v(25	1	11	32	22	3)
v(25	2	21	164	42	3)
v(25	3	9	138	18	3)
v(25	4	5	48	10	3)
v(26	1	31	53	62	0)
v(27	1	1	13	2	2)
v(27	2	26	185	52	2)
v(27	3	6	23	12	2)
v(28	1	17	85	34	2)
v(28	2	14	158	28	2)
v(28	3	20	116	40	2)
v(29	1	15	135	30	3)
v(29	2	2	124	4	3)
v(29	3	7	162	14	3)
v(29	4	14	170	28	3)
v(30	1	25	81	50	4)
v(30	2	32	171	64	4)
v(30	3	4	18	8	4)
v(30	4	9	27	18	4)
v(30	5	26	43	52	4)
v(31	1	22	99	44	0)
v(31	2	25	115	50	0)
v(32	1	28	108	56	3)
v(32	2	5	7	10	3)
v(32	3	5	47	10	3)
v(32	4	7	104	14	3)
v(33	1	10	164	20	4)
v(33	2	6	24	12	4)
v(33	3	10	144	20	4)
v(33	4	6	120	12	4)
v(33	5	21	172	42	4)
v(34	1	26	157	52	2)
v(34	2	19	21	38	2)
v(34	3	23	180	46	2)
v(35	1	24	128	48	3)
v(35	2	22	158	44	4)
v(35	3	32	57	64	4)
v(35	4	25	69	50	4)
v(35	5	10	15	20	3)
v(36	1	25	155	50	0)
v(37	1	22	24	44	4)
v(37	2	7	158	14	3)
v(37	3	1	156	2	4)
v(37	4	16	139	32	3)
v(37	5	18	26	36	4)
v(38	1	27	176	54	1)
v(38	2	29	173	58	1)
v(39	1	22	107	44	2)
v(39	2	4	139	8	2)
v(39	3	23	88	46	2)
v(40	1	6	16	12	1)
v(40	2	2	3	4	1)
v(41	1	2	31	4	4)
v(41	2	30	114	60	4)
v(41	3	11	17	22	4)
v(41	4	14	85	28	4)
v(41	5	15	98	30	4)
v(42	1	30	142	60	2)
v(42	2	18	44	36	2)
v(42	3	10	165	20	2)
v(43	1	24	153	48	0)
v(44	1	32	51	64	4)
v(44	2	31	56	62	4)
v(44	3	21	25	42	4)
v(44	4	16	83	32	4)
v(44	5	14	83	28	4)
v(45	1	21	153	42	0)
v(46	1	28	67	56	3)
v(46	2	24	68	48	3)
v(46	3	16	42	32	3)
v(46	4	6	121	12	3)
v(47	1	8	22	16	2)
v(47	2	30	77	60	2)
v(47	3	32	161	64	2)
v(48	1	7	132	14	1)
v(48	2	8	71	16	1)
v(49	1	5	135	10	4)
v(49	2	8	23	16	4)
v(49	3	30	155	60	4)
v(49	4	29	81	58	3)
v(49	5	4	34	8	3)
v(50	1	28	56	56	4)
v(50	2	20	63	40	4)
v(50	3	19	117	38	4)
v(50	4	19	40	38	4)
v(50	5	24	64	48	4)
v(51	1	13	87	26	3)
v(51	2	7	163	14	3)
v(51	3	27	165	54	3)
v(51	4	14	170	28	3)
v(52	1	16	101	32	4)
v(52	2	14	119	28	4)
v(52	3	24	150	48	4)
v(52	4	6	57	12	4)
v(52	5	1	67	2	4)
v(53	1	31	151	62	2)
v(53	2	18	117	36	2)
v(53	3	12	50	24	2)
v(54	1	13	105	26	0)
v(55	1	25	115	50	0)
v(55	2	23	114	46	0)
v(56	1	18	35	36	4)
v(56	2	16	146	32	4)
v(56	3	23	157	46	4)
v(56	4	27	79	54	4)
v(56	5	12	145	24	4)
v(57	1	31	169	62	1)
v(57	2	29	48	58	1)
v(58	1	26	29	52	1)
v(58	2	26	152	52	1)
v(59	1	16	60	32	1)
v(59	2	18	98	36	1)
v(60	1	6	64	12	3)
v(60	2	4	69	8	3)
v(60	3	9	136	18	3)
v(60	4	7	89	14	3)
v(61	1	12	36	24	1)
v(61	2	19	88	38	1)
v(62	1	5	157	10	3)
v(62	2	21	54	42	3)
v(62	3	31	187	62	2)
v(62	4	1	133	2	2)
v(63	1	1	55	2	1)
v(63	2	29	165	58	2)
v(63	3	25	61	50	1)
v(64	1	19	151	38	3)
v(64	2	5	20	10	3)
v(64	3	19	95	38	4)
v(64	4	24	112	48	4)
v(64	5	8	118	16	4)
v(65	1	28	113	56	2)
v(65	2	29	107	58	2)
v(65	3	28	75	56	2)
v(66	1	6	133	12	4)
v(66	2	4	91	8	4)
v(66	3	29	188	58	4)
v(66	4	14	139	28	4)
v(66	5	13	64	26	4)
v(67	1	17	117	34	1)
v(67	2	13	82	26	1)
v(68	1	31	139	62	0)
v(69	1	32	53	64	2)
v(69	2	10	71	20	2)
v(69	3	13	149	26	2)
v(70	1	9	87	18	1)
v(70	2	23	114	46	1)
v(71	1	11	104	22	1)
v(71	2	25	56	50	1)
v(72	1	8	25	16	2)
v(72	2	12	83	24	3)
v(72	3	10	99	20	3)
v(72	4	19	107	38	2)
v(73	1	20	82	40	0)
v(74	1	9	129	18	2)
v(74	2	30	98	60	2)
v(74	3	26	27	52	2)
v(75	1	32	64	64	4)
v(75	2	30	54	60	4)
v(75	3	21	79	42	4)
v(75	4	8	129	16	4)
v(75	5	10	57	20	4)
v(76	1	1	91	2	3)
v(76	2	2	129	4	3)
v(76	3	26	119	52	3)
v(76	4	26	58	52	3)
v(77	1	7	99	14	2)
v(77	2	24	118	48	2)
v(77	3	12	101	24	2)
v(78	1	7	120	14	2)
v(78	2	16	172	32	2)
v(78	3	6	61	12	2)
v(79	1	32	51	64	0)
v(80	1	12	169	24	3)
v(80	2	23	38	46	2)
v(80	3	19	70	38	2)
v(80	4	4	51	8	3)
v(81	1	21	109	42	0)
v(82	1	15	169	30	3)
v(82	2	2	78	4	4)
v(82	3	9	160	18	4)
v(82	4	8	53	16	3)
v(82	5	27	51	54	4)
v(83	1	11	73	22	0)
v(84	1	20	165	40	2)
v(84	2	29	130	58	2)
v(84	3	8	151	16	3)
v(84	4	18	143	36	3)
v(85	1	23	33	46	0)
v(86	1	30	177	60	1)
v(86	2	14	18	28	1)
v(87	1	20	119	40	1)
v(87	2	4	159	8	1)
v(88	1	24	94	48	1)
v(88	2	16	175	32	1)
v(89	1	7	38	14	0)
v(90	1	14	33	28	3)
v(90	2	9	73	18	3)
v(90	3	23	40	46	3)
v(90	4	29	107	58	3)
v(91	1	8	124	16	1)
v(91	2	11	22	22	1)
v(92	1	29	36	58	0)
v(93	1	4	69	8	4)
v(93	2	19	98	38	4)
v(93	3	1	155	2	4)
v(93	4	13	31	26	4)
v(93	5	2	66	4	4)
v(94	1	20	179	40	2)
v(94	2	12	172	24	2)
v(94	3	23	51	46	2)
v(95	1	19	45	38	3)
v(95	2	20	87	40	4)
v(95	3	6	116	12	4)
v(95	4	28	44	56	4)
v(95	5	5	73	10	3)
v(96	1	24	78	48	0)
v(97	1	2	103	4	1)
v(97	2	6	132	12	1)
v(98	1	31	188	62	0)
v(99	1	26	80	52	0)
v(100	1	8	33	16	0)
v(100	2	16	84	32	0)
v(101	1	14	132	28	3)
v(101	2	7	140	14	3)
v(101	3	7	165	14	3)
v(101	4	29	148	58	3)
v(102	1	11	19	22	1)
v(102	2	15	129	30	1)
v(103	1	6	163	12	3)
v(103	2	17	95	34	3)
v(103	3	15	99	30	3)
v(103	4	31	77	62	3)
v(104	1	25	33	50	2)
v(104	2	28	61	56	2)
v(104	3	26	168	52	2)
v(105	1	26	113	52	1)
v(105	2	5	79	10	1)
v(106	1	29	42	58	2)
v(106	2	16	64	32	2)
v(106	3	24	123	48	2)
v(107	1	13	17	26	0)
v(108	1	30	36	60	3)
v(108	2	26	107	52	3)
v(108	3	20	59	40	3)
v(108	4	29	184	58	3)
v(109	1	16	32	32	2)
v(109	2	15	138	30	2)
v(109	3	8	71	16	2)
v(110	1	24	133	48	1)
v(110	2	25	61	50	1)
v(110	3	2	121	4	2)
v(111	1	10	160	20	4)
v(111	2	15	104	30	4)
v(111	3	23	124	46	4)
v(111	4	23	60	46	4)
v(111	5	6	106	12	4)
v(112	1	19	59	38	0)
v(113	1	11	56	22	3)
v(113	2	1	6	2	4)
v(113	3	11	18	22	4)
v(113	4	14	116	28	4)
v(113	5	15	28	30	3)
v(114	1	21	107	42	3)
v(114	2	30	100	60	3)
v(114	3	15	49	30	3)
v(114	4	17	30	34	3)
v(115	1	11	91	22	3)
v(115	2	20	78	40	3)
v(115	3	13	49	26	4)
v(115	4	2	6	4	4)
v(115	5	22	157	44	4)
v(116	1	24	87	48	0)
v(117	1	20	41	40	1)
v(117	2	23	107	46	1)
v(118	1	22	95	44	2)
v(118	2	3	5	6	2)
v(118	3	13	149	26	2)
v(119	1	14	27	28	4)
v(119	2	8	97	16	4)
v(119	3	11	91	22	4)
v(119	4	19	107	38	4)
v(119	5	28	127	56	4)
v(120	1	14	151	28	2)
v(120	2	20	47	40	2)
v(120	3	20	171	40	2)
v(121	1	23	113	46	3)
v(121	2	31	186	62	3)
v(121	3	9	11	18	4)
v(121	4	11	169	22	4)
v(121	5	4	136	8	4)
v(122	1	26	183	52	0)
v(123	1	19	110	38	3)
v(123	2	25	107	50	3)
v(123	3	23	168	46	2)
v(123	4	30	72	60	2)
v(124	1	30	103	60	1)
v(124	2	15	161	30	1)
v(125	1	10	138	20	3)
v(125	2	20	96	40	3)
v(125	3	28	85	56	3)
v(125	4	11	139	22	3)
v(126	1	7	104	14	4)
v(126	2	9	167	18	4)
v(126	3	16	22	32	4)
v(126	4	30	153	60	4)
v(126	5	4	164	8	4)
v(127	1	17	24	34	0)
v(128	1	18	135	36	3)
v(128	2	30	167	60	3)
v(128	3	18	34	36	3)
v(128	4	6	98	12	3)
v(129	1	18	20	36	3)
v(129	2	26	75	52	3)
v(129	3	3	5	6	3)
v(129	4	21	54	42	3)
v(130	1	25	140	50	3)
v(130	2	11	141	22	4)
v(130	3	16	55	32	4)
v(130	4	1	26	2	3)
v(130	5	13	53	26	4)
v(131	1	1	121	2	4)
v(131	2	2	106	4	4)
v(131	3	17	32	34	4)
v(131	4	26	85	52	4)
v(131	5	18	134	36	4)
v(132	1	29	138	58	4)
v(132	2	28	56	56	3)
v(132	3	10	160	20	3)
v(132	4	28	82	56	4)
v(132	5	11	19	22	4)
v(133	1	29	167	58	4)
v(133	2	22	93	44	4)
v(133	3	18	131	36	4)
v(133	4	24	169	48	4)
v(133	5	28	71	56	4)
v(134	1	10	119	20	2)
v(134	2	31	99	62	2)
v(134	3	14	84	28	2)
v(135	1	3	109	6	4)
v(135	2	20	101	40	4)
v(135	3	13	61	26	4)
v(135	4	15	31	30	4)
v(135	5	28	114	56	4)
v(136	1	5	114	10	4)
v(136	2	10	170	20	4)
v(136	3	20	108	40	3)
v(136	4	2	53	4	3)
v(136	5	10	155	20	4)
v(137	1	11	141	22	2)
v(137	2	13	20	26	2)
v(137	3	16	33	32	2)
v(138	1	8	96	16	4)
v(138	2	13	94	26	4)
v(138	3	20	107	40	3)
v(138	4	12	97	24	4)
v(138	5	27	169	54	3)
v(139	1	6	131	12	3)
v(139	2	13	117	26	2)
v(139	3	28	148	56	4)
v(139	4	10	146	20	4)
v(139	5	29	151	58	3)
v(140	1	13	162	26	3)
v(140	2	19	144	38	4)
v(140	3	2	50	4	4)
v(140	4	24	54	48	3)
v(140	5	11	160	22	4)
v(141	1	1	117	2	0)
v(142	1	7	125	14	3)
v(142	2	31	150	62	3)
v(142	3	1	25	2	3)
v(142	4	24	64	48	3)
v(143	1	21	106	42	2)
v(143	2	24	113	48	2)
v(143	3	13	30	26	2)
v(144	1	31	62	62	0)
v(145	1	15	70	30	4)
v(145	2	17	132	34	4)
v(145	3	9	48	18	4)
v(145	4	31	75	62	3)
v(145	5	1	155	2	3)
v(146	1	24	127	48	1)
v(146	2	7	51	14	1)
v(147	1	12	86	24	0)
v(148	1	11	24	22	3)
v(148	2	26	168	52	4)
v(148	3	18	135	36	4)
v(148	4	30	90	60	3)
v(148	5	5	45	10	4)
v(149	1	11	19	22	0)
v(150	1	13	15	26	2)
v(150	2	8	152	16	2)
v(150	3	26	94	52	2)
v(151	1	18	48	36	1)
v(151	2	15	119	30	2)
v(151	3	1	106	2	1)
v(152	1	15	24	30	3)
v(152	2	3	13	6	3)
v(152	3	16	44	32	3)
v(152	4	6	59	12	3)
v(153	1	1	41	2	0)
v(154	1	10	160	20	3)
v(154	2	10	170	20	3)
v(154	3	6	59	12	3)
v(154	4	9	138	18	3)
v(155	1	22	68	44	0)
v(156	1	14	16	28	0)
v(157	1	20	22	40	0)
v(158	1	21	157	42	0)
v(159	1	20	147	40	4)
v(159	2	13	20	26	4)
v(159	3	15	103	30	4)
v(159	4	28	69	56	4)
v(159	5	12	139	24	4)
v(160	1	2	27	4	3)
v(160	2	21	100	42	3)
v(160	3	15	34	30	4)
v(160	4	25	131	50	4)
v(160	5	12	88	24	4)
v(161	1	24	33	48	1)
v(161	2	18	64	36	3)
v(161	3	19	57	38	3)
v(161	4	25	157	50	3)
v(161	5	13	104	26	4)
v(162	1	18	147	36	0)
v(162	2	17	113	34	0)
v(163	1	17	52	34	2)
v(163	2	12	77	24	1)
v(163	3	16	76	32	3)
v(163	4	30	173	60	2)
v(164	1	32	40	64	4)
v(164	2	6	148	12	4)
v(164	3	3	6	6	4)
v(164	4	32	180	64	4)
v(164	5	16	173	32	4)
v(165	1	8	16	16	0)
v(166	1	21	37	42	3)
v(166	2	12	72	24	3)
v(166	3	5	126	10	3)
v(166	4	24	43	48	3)
v(167	1	10	59	20	0)
v(168	1	32	156	64	3)
v(168	2	16	133	32	2)
v(168	3	1	90	2	3)
v(168	4	25	110	50	2)
v(169	1	15	111	30	2)
v(169	2	23	126	46	1)
v(169	3	15	135	30	2)
v(169	4	1	156	2	3)
v(170	1	16	103	32	4)
v(170	2	2	82	4	4)
v(170	3	6	45	12	4)
v(170	4	20	82	40	4)
v(170	5	20	29	40	4)
v(171	1	32	70	64	4)
v(171	2	13	149	26	4)
v(171	3	19	160	38	4)
v(171	4	32	155	64	4)
v(171	5	1	78	2	4)
v(172	1	8	101	16	3)
v(172	2	10	18	20	4)
v(172	3	12	39	24	3)
v(172	4	17	80	34	2)
v(172	5	26	29	52	2)
v(173	1	32	41	64	2)
v(173	2	30	90	60	2)
v(173	3	32	163	64	2)
v(174	1	24	148	48	1)
v(174	2	5	138	10	1)
v(175	1	3	130	6	0)
v(176	1	20	142	40	2)
v(176	2	10	16	20	2)
v(176	3	12	147	24	2)
v(177	1	21	172	42	4)
v(177	2	11	43	22	3)
v(177	3	20	140	40	4)
v(177	4	21	181	42	3)
v(177	5	19	90	38	4)
v(178	1	1	16	2	3)
v(178	2	12	77	24	3)
v(178	3	6	140	12	3)
v(178	4	24	113	48	3)
v(179	1	5	130	10	2)
v(179	2	5	46	10	2)
v(179	3	12	97	24	2)
v(180	1	6	40	12	1)
v(180	2	30	187	60	1)
v(181	1	1	19	2	1)
v(181	2	26	84	52	1)
v(182	1	9	34	18	0)
v(183	1	5	70	10	4)
v(183	2	15	93	30	3)
v(183	3	24	168	48	4)
v(183	4	20	51	40	4)
v(183	5	11	132	22	3)
v(184	1	21	113	42	0)
v(185	1	1	135	2	0)
v(186	1	20	32	40	2)
v(186	2	24	88	48	2)
v(186	3	32	128	64	2)
v(187	1	25	75	50	3)
v(187	2	7	26	14	2)
v(187	3	25	116	50	2)
v(187	4	7	63	14	3)
v(188	1	7	125	14	2)
v(188	2	29	130	58	2)
v(188	3	13	130	26	2)
v(189	1	19	26	38	4)
v(189	2	10	96	20	4)
v(189	3	14	165	28	4)
v(189	4	8	106	16	4)
v(189	5	19	59	38	4)
v(190	1	13	140	26	1)
v(190	2	7	77	14	1)
v(191	1	12	64	24	2)
v(191	2	8	164	16	2)
v(191	3	9	32	18	2)
v(192	1	5	124	10	0)
v(193	1	22	165	44	3)
v(193	2	13	40	26	3)
v(193	3	1	130	2	3)
v(193	4	30	127	60	3)
v(194	1	7	136	14	2)
v(194	2	18	43	36	3)
v(194	3	18	73	36	2)
v(194	4	13	57	26	1)
v(195	1	15	112	30	3)
v(195	2	31	115	62	3)
v(195	3	25	174	50	3)
v(195	4	20	52	40	3)
v(196	1	5	91	10	4)
v(196	2	29	114	58	4)
v(196	3	11	119	22	4)
v(196	4	16	105	32	4)
v(196	5	31	157	62	4)
v(197	1	28	110	56	1)
v(197	2	2	149	4	1)
v(198	1	6	67	12	3)
v(198	2	6	72	12	3)
v(198	3	24	162	48	3)
v(198	4	1	20	2	3)
v(199	1	25	144	50	0)
v(200	1	7	125	14	4)
v(200	2	2	3	4	4)
v(200	3	13	153	26	4)
v(200	4	23	63	46	4)
v(200	5	1	86	2	4)
v(201	1	11	80	22	2)
v(201	2	32	105	64	3)
v(201	3	25	60	50	2)
v(201	4	20	23	40	3)
v(202	1	25	85	50	0)
v(203	1	23	125	46	1)
v(203	2	28	117	56	1)
v(204	1	15	168	30	4)
v(204	2	14	95	28	4)
v(204	3	19	58	38	4)
v(204	4	23	99	46	4)
v(204	5	9	81	18	4)
v(205	1	22	36	44	3)
v(205	2	13	154	26	3)
v(205	3	9	169	18	2)
v(205	4	4	152	8	2)
v(206	1	31	169	62	2)
v(206	2	20	149	40	2)
v(206	3	31	64	62	2)
v(207	1	27	123	54	3)
v(207	2	20	114	40	2)
v(207	3	23	48	46	2)
v(207	4	9	111	18	3)
v(208	1	30	102	60	4)
v(208	2	5	51	10	4)
v(208	3	3	140	6	3)
v(208	4	24	48	48	4)
v(208	5	16	49	32	3)
v(209	1	15	161	30	4)
v(209	2	13	32	26	4)
v(209	3	12	80	24	4)
v(209	4	31	34	62	4)
v(209	5	9	54	18	4)
v(210	1	25	168	50	3)
v(210	2	32	51	64	3)
v(210	3	25	150	50	2)
v(210	4	21	180	42	2)
v(211	1	24	69	48	1)
v(211	2	15	83	30	1)
v(212	1	15	148	30	0)
v(213	1	21	116	42	0)
v(214	1	15	64	30	3)
v(214	2	10	151	20	3)
v(214	3	13	84	26	3)
v(214	4	20	62	40	3)
v(215	1	23	77	46	1)
v(215	2	9	69	18	2)
v(215	3	12	45	24	1)
v(216	1	25	184	50	3)
v(216	2	32	190	64	3)
v(216	3	17	76	34	3)
v(216	4	15	164	30	3)
v(217	1	22	148	44	0)
v(218	1	31	167	62	0)
v(219	1	31	77	62	1)
v(219	2	16	145	32	1)
v(219	3	8	55	16	2)
v(220	1	27	94	54	2)
v(220	2	6	16	12	2)
v(220	3	12	103	24	2)
v(221	1	16	72	32	1)
v(221	2	6	82	12	2)
v(221	3	13	152	26	1)
v(222	1	19	92	38	2)
v(222	2	4	60	8	2)
v(222	3	21	164	42	2)
v(223	1	24	31	48	2)
v(223	2	28	176	56	2)
v(223	3	25	82	50	2)
v(224	1	8	43	16	4)
v(224	2	23	77	46	4)
v(224	3	5	50	10	3)
v(224	4	32	168	64	3)
v(224	5	8	112	16	4)
v(225	1	4	148	8	4)
v(225	2	30	132	60	4)
v(225	3	6	88	12	4)
v(225	4	32	69	64	4)
v(225	5	29	121	58	4)
v(226	1	2	75	4	4)
v(226	2	2	113	4	4)
v(226	3	17	46	34	4)
v(226	4	32	96	64	4)
v(226	5	29	188	58	4)
v(227	1	5	37	10	0)
v(228	1	19	58	38	1)
v(228	2	22	45	44	1)
v(229	1	22	53	44	2)
v(229	2	16	139	32	2)
v(229	3	20	123	40	2)
v(230	1	17	30	34	0)
v(231	1	20	49	40	4)
v(231	2	23	87	46	4)
v(231	3	15	104	30	4)
v(231	4	20	164	40	4)
v(231	5	14	59	28	4)
v(232	1	8	66	16	4)
v(232	2	13	55	26	4)
v(232	3	16	32	32	3)
v(232	4	25	28	50	4)
v(232	5	8	75	16	3)
v(233	1	10	27	20	4)
v(233	2	23	55	46	4)
v(233	3	11	160	22	4)
v(233	4	32	84	64	4)
v(233	5	19	67	38	4)
v(234	1	21	170	42	1)
v(234	2	1	36	2	1)
v(235	1	19	169	38	4)
v(235	2	14	173	28	4)
v(235	3	12	114	24	4)
v(235	4	28	112	56	4)
v(235	5	21	178	42	4)
v(236	1	18	108	36	2)
v(236	2	1	115	2	3)
v(236	3	5	77	10	3)
v(236	4	26	68	52	2)
v(237	1	28	146	56	0)
v(238	1	15	63	30	3)
v(238	2	14	102	28	2)
v(238	3	14	165	28	3)
v(238	4	30	114	60	2)
v(239	1	24	35	48	1)
v(239	2	5	56	10	1)
v(240	1	11	118	22	3)
v(240	2	4	149	8	3)
v(240	3	19	38	38	4)
v(240	4	20	105	40	4)
v(240	5	22	69	44	4)
v(241	1	12	167	24	3)
v(241	2	25	101	50	3)
v(241	3	32	51	64	3)
v(241	4	32	165	64	3)
v(242	1	32	160	64	3)
v(242	2	10	145	20	3)
v(242	3	19	113	38	3)
v(242	4	19	45	38	3)
v(243	1	12	123	24	0)
v(244	1	3	15	6	1)
v(244	2	30	106	60	1)
v(245	1	28	133	56	3)
v(245	2	4	66	8	3)
v(245	3	13	164	26	2)
v(245	4	16	157	32	2)
v(246	1	14	132	28	4)
v(246	2	22	67	44	4)
v(246	3	20	146	40	3)
v(246	4	15	126	30	4)
v(246	5	17	37	34	3)
v(247	1	19	125	38	0)
v(248	1	6	146	12	2)
v(248	2	7	137	14	2)
v(248	3	9	142	18	2)
v(249	1	32	161	64	4)
v(249	2	2	12	4	3)
v(249	3	18	88	36	4)
v(249	4	1	56	2	4)
v(249	5	27	71	54	3)
v(250	1	22	177	44	2)
v(250	2	10	55	20	2)
v(250	3	29	96	58	2)
v(251	1	15	49	30	0)
v(252	1	4	42	8	1)
v(252	2	9	131	18	1)
v(253	1	18	101	36	2)
v(253	2	26	36	52	2)
v(253	3	27	98	54	2)
v(254	1	18	74	36	1)
v(254	2	17	111	34	1)
v(255	1	28	167	56	0)
v(256	1	29	118	58	3)
v(256	2	1	53	2	3)
v(256	3	10	98	20	3)
v(256	4	23	165	46	3)
v(257	1	29	48	58	4)
v(257	2	21	167	42	4)
v(257	3	16	138	32	4)
v(257	4	15	103	30	4)
v(257	5	29	55	58	4)
v(258	1	28	57	56	4)
v(258	2	6	160	12	4)
v(258	3	21	171	42	4)
v(258	4	4	66	8	4)
v(258	5	5	90	10	4)
v(259	1	14	100	28	0)
v(260	1	23	142	46	4)
v(260	2	22	146	44	3)
v(260	3	23	69	46	3)
v(260	4	5	47	10	4)
v(260	5	11	55	22	4)
v(261	1	5	24	10	0)
v(262	1	15	118	30	0)
v(263	1	11	125	22	2)
v(263	2	8	158	16	2)
v(263	3	14	119	28	2)
v(264	1	22	43	44	1)
v(264	2	26	103	52	1)
v(265	1	29	87	58	3)
v(265	2	6	80	12	3)
v(265	3	14	17	28	3)
v(265	4	22	169	44	3)
v(266	1	3	60	6	1)
v(266	2	3	53	6	1)
v(267	1	19	60	38	4)
v(267	2	14	17	28	4)
v(267	3	9	119	18	4)
v(267	4	25	68	50	4)
v(267	5	29	166	58	4)
v(268	1	21	103	42	1)
v(268	2	13	155	26	1)
v(269	1	1	121	2	2)
v(269	2	30	179	60	2)
v(269	3	22	133	44	2)
v(270	1	22	98	44	1)
v(270	2	27	113	54	1)
v(271	1	3	55	6	3)
v(271	2	31	120	62	3)
v(271	3	23	126	46	3)
v(271	4	4	55	8	3)
v(272	1	24	159	48	2)
v(272	2	4	156	8	2)
v(272	3	15	52	30	2)
v(273	1	6	131	12	4)
v(273	2	9	164	18	4)
v(273	3	3	95	6	4)
v(273	4	8	21	16	4)
v(273	5	12	167	24	4)
v(274	1	8	36	16	1)
v(274	2	25	47	50	1)
v(275	1	3	119	6	0)
v(276	1	22	47	44	4)
v(276	2	21	150	42	4)
v(276	3	25	106	50	4)
v(276	4	15	67	30	4)
v(276	5	27	86	54	4)
v(277	1	18	91	36	4)
v(277	2	31	106	62	4)
v(277	3	25	45	50	4)
v(277	4	6	70	12	4)
v(277	5	28	156	56	4)
v(278	1	30	44	60	3)
v(278	2	24	139	48	3)
v(278	3	16	28	32	3)
v(278	4	29	98	58	3)
v(279	1	9	34	18	2)
v(279	2	10	51	20	2)
v(279	3	12	62	24	2)
v(280	1	13	171	26	3)
v(280	2	26	66	52	3)
v(280	3	20	50	40	3)
v(280	4	12	170	24	3)
v(281	1	18	44	36	3)
v(281	2	10	86	20	3)
v(281	3	5	43	10	3)
v(281	4	4	139	8	3)
v(282	1	30	163	60	3)
v(282	2	24	42	48	3)
v(282	3	9	47	18	3)
v(282	4	18	110	36	3)
v(283	1	5	19	10	0)
v(284	1	1	98	2	1)
v(284	2	21	97	42	1)
v(285	1	30	147	60	0)
v(286	1	13	32	26	2)
v(286	2	2	116	4	3)
v(286	3	29	164	58	2)
v(286	4	1	82	2	3)
v(287	1	2	11	4	3)
v(287	2	26	87	52	3)
v(287	3	3	65	6	2)
v(287	4	2	53	4	2)
v(288	1	2	30	4	2)
v(288	2	11	56	22	2)
v(288	3	32	45	64	2)
v(289	1	25	159	50	4)
v(289	2	2	141	4	4)
v(289	3	27	176	54	4)
v(289	4	2	62	4	4)
v(289	5	20	143	40	4)
v(290	1	4	13	8	2)
v(290	2	13	127	26	3)
v(290	3	31	100	62	3)
v(290	4	16	55	32	2)
v(291	1	31	102	62	2)
v(291	2	29	97	58	2)
v(291	3	28	148	56	2)
v(292	1	5	38	10	2)
v(292	2	16	41	32	2)
v(292	3	18	69	36	2)
v(293	1	16	47	32	2)
v(293	2	24	109	48	2)
v(293	3	28	172	56	2)
v(294	1	20	123	40	4)
v(294	2	9	119	18	4)
v(294	3	5	84	10	4)
v(294	4	28	90	56	3)
v(294	5	29	38	58	3)
v(295	1	6	77	12	1)
v(295	2	21	124	42	1)
v(296	1	5	136	10	3)
v(296	2	20	132	40	3)
v(296	3	4	58	8	3)
v(296	4	25	48	50	3)
v(297	1	11	23	22	0)
v(297	2	31	173	62	0)
v(298	1	8	145	16	2)
v(298	2	29	167	58	1)
v(298	3	6	106	12	1)
v(299	1	25	46	50	0)
v(300	1	13	86	26	3)
v(300	2	7	65	14	3)
v(300	3	15	151	30	3)
v(300	4	16	100	32	3)
v(301	1	8	166	16	0)
v(302	1	22	84	44	4)
v(302	2	21	104	42	4)
v(302	3	15	139	30	4)
v(302	4	16	106	32	4)
v(302	5	5	52	10	4)
v(303	1	19	109	38	4)
v(303	2	19	136	38	4)
v(303	3	6	58	12	4)
v(303	4	3	94	6	4)
v(303	5	15	140	30	4)
v(304	1	26	128	52	2)
v(304	2	28	70	56	2)
v(304	3	11	169	22	2)
v(305	1	7	128	14	0)
v(306	1	29	47	58	2)
v(306	2	3	28	6	2)
v(306	3	1	35	2	2)
v(307	1	22	86	44	0)
v(308	1	13	112	26	2)
v(308	2	10	142	20	2)
v(308	3	29	92	58	2)
v(309	1	6	96	12	1)
v(309	2	19	34	38	1)
v(310	1	17	36	34	1)
v(310	2	4	102	8	1)
v(311	1	6	135	12	3)
v(311	2	14	173	28	3)
v(311	3	28	99	56	3)
v(311	4	31	171	62	3)
v(312	1	1	58	2	4)
v(312	2	21	49	42	3)
v(312	3	12	62	24	3)
v(312	4	14	66	28	4)
v(312	5	15	94	30	4)
v(313	1	21	143	42	0)
v(314	1	9	162	18	3)
v(314	2	17	177	34	2)
v(314	3	20	81	40	3)
v(314	4	2	119	4	2)
v(315	1	3	135	6	2)
v(315	2	10	87	20	2)
v(315	3	11	115	22	2)
v(316	1	28	58	56	0)
v(317	1	32	157	64	0)
v(318	1	9	147	18	0)
v(319	1	28	169	56	3)
v(319	2	28	75	56	3)
v(319	3	13	119	26	3)
v(319	4	31	72	62	3)
v(320	1	25	87	50	0)
v(321	1	30	80	60	2)
v(321	2	4	39	8	2)
v(321	3	5	164	10	2)
v(322	1	25	88	50	2)
v(322	2	15	101	30	1)
v(322	3	30	172	60	1)
v(323	1	2	42	4	3)
v(323	2	8	100	16	4)
v(323	3	28	59	56	3)
v(323	4	2	83	4	4)
v(323	5	6	148	12	4)
v(324	1	6	45	12	0)
v(325	1	20	163	40	0)
v(326	1	25	119	50	3)
v(326	2	21	63	42	2)
v(326	3	7	166	14	2)
v(326	4	15	101	30	3)
v(327	1	12	70	24	0)
v(328	1	31	33	62	2)
v(328	2	30	164	60	2)
v(328	3	21	114	42	2)
v(329	1	9	14	18	2)
v(329	2	20	148	40	2)
v(329	3	13	115	26	2)
v(330	1	19	58	38	4)
v(330	2	2	142	4	4)
v(330	3	5	35	10	3)
v(330	4	4	24	8	4)
v(330	5	13	94	26	3)
v(331	1	19	162	38	3)
v(331	2	5	63	10	3)
v(331	3	31	47	62	3)
v(331	4	4	66	8	3)
v(332	1	26	46	52	0)
v(333	1	26	65	52	2)
v(333	2	19	151	38	2)
v(333	3	18	82	36	2)
v(334	1	31	112	62	3)
v(334	2	6	160	12	3)
v(334	3	31	116	62	3)
v(334	4	2	162	4	3)
v(335	1	25	88	50	1)
v(335	2	18	140	36	1)
v(335	3	7	80	14	2)
v(336	1	16	22	32	0)
v(337	1	29	188	58	0)
v(337	2	32	119	64	0)
v(338	1	10	155	20	0)
v(339	1	29	110	58	4)
v(339	2	2	35	4	4)
v(339	3	21	59	42	3)
v(339	4	16	122	32	4)
v(339	5	12	99	24	3)
v(340	1	26	129	52	3)
v(340	2	26	153	52	2)
v(340	3	3	93	6	2)
v(340	4	21	122	42	3)
v(341	1	32	104	64	3)
v(341	2	9	92	18	3)
v(341	3	26	107	52	3)
v(341	4	18	24	36	3)
v(342	1	25	154	50	4)
v(342	2	23	68	46	4)
v(342	3	30	76	60	4)
v(342	4	25	50	50	4)
v(342	5	26	58	52	4)
v(343	1	14	148	28	2)
v(343	2	14	61	28	2)
v(343	3	1	76	2	2)
v(344	1	15	103	30	3)
v(344	2	3	47	6	3)
v(344	3	13	40	26	3)
v(344	4	3	10	6	3)
v(345	1	3	154	6	1)
v(345	2	24	153	48	1)
v(346	1	30	170	60	2)
v(346	2	9	79	18	3)
v(346	3	10	90	20	3)
v(346	4	29	133	58	2)
v(347	1	19	126	38	3)
v(347	2	31	75	62	3)
v(347	3	6	28	12	3)
v(347	4	26	79	52	3)
v(348	1	20	172	40	2)
v(348	2	27	53	54	2)
v(348	3	17	85	34	2)
v(349	1	22	169	44	2)
v(349	2	29	78	58	2)
v(349	3	19	55	38	2)
v(350	1	5	38	10	3)
v(350	2	23	93	46	3)
v(350	3	12	138	24	3)
v(350	4	18	49	36	3)
v(351	1	18	116	36	2)
v(351	2	8	113	16	2)
v(351	3	4	71	8	2)
v(352	1	28	129	56	4)
v(352	2	10	156	20	4)
v(352	3	21	172	42	4)
v(352	4	20	136	40	4)
v(352	5	1	60	2	4)
v(353	1	28	29	56	3)
v(353	2	16	44	32	4)
v(353	3	11	139	22	3)
v(353	4	5	41	10	4)
v(353	5	23	37	46	2)
v(354	1	26	153	52	0)
v(355	1	16	83	32	3)
v(355	2	3	124	6	3)
v(355	3	3	152	6	3)
v(355	4	4	98	8	3)
v(356	1	4	46	8	1)
v(356	2	25	90	50	1)
v(357	1	16	67	32	3)
v(357	2	26	154	52	3)
v(357	3	12	109	24	3)
v(357	4	30	187	60	3)
v(358	1	23	133	46	2)
v(358	2	26	178	52	2)
v(358	3	31	147	62	2)
v(359	1	24	99	48	1)
v(359	2	16	96	32	1)
v(360	1	18	75	36	3)
v(360	2	24	62	48	3)
v(360	3	24	35	48	3)
v(360	4	14	149	28	3)
v(361	1	21	106	42	4)
v(361	2	24	43	48	4)
v(361	3	14	116	28	4)
v(361	4	26	106	52	4)
v(361	5	15	100	30	4)
v(362	1	30	42	60	0)
v(363	1	7	111	14	4)
v(363	2	9	127	18	4)
v(363	3	2	159	4	4)
v(363	4	5	160	10	4)
v(363	5	26	177	52	4)
v(364	1	17	174	34	0)
v(365	1	9	35	18	1)
v(365	2	12	36	24	1)
v(366	1	11	80	22	0)
v(367	1	12	14	24	2)
v(367	2	9	145	18	2)
v(367	3	6	125	12	2)
v(368	1	23	25	46	1)
v(368	2	24	160	48	1)
v(369	1	11	141	22	1)
v(369	2	27	142	54	1)
v(370	1	18	138	36	3)
v(370	2	32	129	64	2)
v(370	3	23	101	46	2)
v(370	4	11	71	22	3)
v(371	1	2	128	4	2)
v(371	2	5	44	10	2)
v(371	3	6	136	12	2)
v(372	1	24	113	48	3)
v(372	2	10	95	20	3)
v(372	3	4	108	8	3)
v(372	4	29	121	58	3)
v(373	1	13	128	26	4)
v(373	2	20	23	40	4)
v(373	3	10	48	20	4)
v(373	4	30	42	60	4)
v(373	5	31	152	62	4)
v(374	1	20	102	40	4)
v(374	2	23	114	46	4)
v(374	3	19	46	38	4)
v(374	4	3	65	6	4)
v(374	5	8	75	16	4)
v(375	1	6	39	12	0)
v(376	1	27	85	54	1)
v(376	2	3	148	6	1)
v(377	1	16	70	32	1)
v(377	2	20	131	40	1)
v(378	1	22	130	44	1)
v(378	2	7	14	14	1)
v(378	3	15	58	30	2)
v(379	1	23	59	46	1)
v(379	2	6	100	12	1)
v(380	1	30	149	60	2)
v(380	2	18	96	36	2)
v(380	3	2	42	4	2)
v(381	1	22	90	44	4)
v(381	2	20	82	40	4)
v(381	3	24	124	48	4)
v(381	4	32	164	64	4)
v(381	5	20	49	40	4)
v(382	1	30	105	60	0)
v(383	1	14	32	28	0)
v(384	1	7	121	14	0)
v(385	1	22	159	44	1)
v(385	2	11	16	22	1)
v(386	1	23	137	46	4)
v(386	2	8	58	16	4)
v(386	3	20	25	40	3)
v(386	4	23	62	46	3)
v(386	5	24	166	48	4)
v(387	1	17	66	34	0)
v(388	1	10	115	20	0)
v(389	1	21	74	42	1)
v(389	2	2	133	4	1)
v(390	1	18	163	36	3)
v(390	2	17	81	34	3)
v(390	3	27	129	54	3)
v(390	4	2	16	4	3)
v(391	1	23	64	46	3)
v(391	2	32	166	64	3)
v(391	3	14	79	28	4)
v(391	4	23	172	46	4)
v(391	5	8	125	16	4)
v(392	1	18	19	36	4)
v(392	2	25	157	50	4)
v(392	3	8	51	16	4)
v(392	4	22	34	44	4)
v(392	5	24	184	48	4)
v(393	1	6	59	12	2)
v(393	2	1	159	2	2)
v(393	3	31	141	62	2)
v(394	1	13	21	26	1)
v(394	2	15	54	30	1)
v(395	1	31	165	62	4)
v(395	2	17	152	34	4)
v(395	3	4	79	8	4)
v(395	4	22	50	44	4)
v(395	5	4	55	8	4)
v(396	1	32	148	64	2)
v(396	2	14	61	28	1)
v(396	3	27	184	54	1)
v(397	1	7	61	14	3)
v(397	2	23	116	46	3)
v(397	3	17	153	34	3)
v(397	4	20	138	40	3)
v(398	1	7	154	14	1)
v(398	2	3	98	6	1)
v(399	1	22	69	44	3)
v(399	2	28	136	56	3)
v(399	3	22	129	44	2)
v(399	4	13	158	26	2)
v(400	1	14	30	28	1)
v(400	2	32	148	64	1)
v(401	1	27	125	54	4)
v(401	2	14	119	28	4)
v(401	3	28	44	56	4)
v(401	4	17	49	34	4)
v(401	5	4	134	8	4)
v(402	1	11	109	22	4)
v(402	2	5	165	10	4)
v(402	3	9	25	18	4)
v(402	4	26	124	52	4)
v(402	5	2	51	4	4)
v(403	1	26	168	52	0)
v(404	1	30	169	60	1)
v(404	2	14	168	28	1)
v(405	1	24	54	48	0)
v(406	1	3	4	6	2)
v(406	2	21	116	42	3)
v(406	3	6	101	12	3)
v(406	4	32	70	64	2)
v(407	1	2	10	4	1)
v(407	2	17	105	34	1)
v(408	1	10	113	20	3)
v(408	2	3	35	6	4)
v(408	3	14	38	28	2)
v(408	4	27	166	54	4)
v(408	5	4	102	8	3)
v(409	1	9	86	18	2)
v(409	2	26	169	52	2)
v(409	3	19	78	38	2)
v(410	1	22	62	44	0)
v(411	1	25	73	50	2)
v(411	2	2	61	4	2)
v(411	3	18	19	36	2)
v(412	1	27	148	54	2)
v(412	2	30	74	60	3)
v(412	3	32	39	64	3)
v(412	4	29	172	58	2)
v(413	1	26	82	52	4)
v(413	2	17	177	34	4)
v(413	3	16	89	32	3)
v(413	4	18	174	36	3)
v(413	5	20	98	40	4)
v(414	1	31	184	62	0)
v(415	1	4	87	8	1)
v(415	2	30	49	60	1)
v(416	1	19	137	38	2)
v(416	2	23	161	46	2)
v(416	3	5	32	10	2)
v(417	1	25	127	50	4)
v(417	2	19	60	38	4)
v(417	3	17	125	34	4)
v(417	4	23	129	46	4)
v(417	5	15	67	30	4)
v(418	1	32	143	64	2)
v(418	2	19	146	38	2)
v(418	3	2	18	4	3)
v(418	4	3	156	6	3)
v(419	1	15	117	30	1)
v(419	2	6	47	12	1)
v(420	1	31	167	62	1)
v(420	2	6	123	12	1)
v(420	3	20	140	40	2)
v(421	1	10	137	20	2)
v(421	2	27	160	54	2)
v(421	3	9	138	18	3)
v(421	4	11	72	22	3)
v(422	1	27	91	54	3)
v(422	2	17	164	34	3)
v(422	3	6	70	12	3)
v(422	4	18	65	36	3)
v(423	1	13	67	26	0)
v(424	1	10	122	20	0)
v(425	1	10	69	20	1)
v(425	2	3	51	6	1)
v(426	1	14	120	28	3)
v(426	2	16	32	32	3)
v(426	3	16	33	32	4)
v(426	4	26	86	52	4)
v(426	5	4	105	8	4)
v(427	1	7	42	14	2)
v(427	2	11	137	22	2)
v(427	3	19	138	38	2)
v(428	1	4	69	8	2)
v(428	2	28	145	56	2)
v(428	3	8	141	16	2)
v(429	1	31	153	62	0)
v(430	1	14	166	28	2)
v(430	2	19	106	38	2)
v(430	3	5	24	10	2)
v(431	1	17	118	34	4)
v(431	2	7	36	14	4)
v(431	3	21	38	42	4)
v(431	4	11	89	22	4)
v(431	5	20	118	40	4)
v(432	1	8	64	16	1)
v(432	2	26	77	52	1)
v(432	3	32	171	64	2)
v(433	1	20	96	40	2)
v(433	2	18	88	36	2)
v(433	3	14	152	28	2)
v(434	1	25	27	50	2)
v(434	2	19	66	38	2)
v(434	3	32	74	64	2)
v(435	1	3	20	6	1)
v(435	2	20	168	40	1)
v(436	1	21	39	42	2)
v(436	2	22	98	44	2)
v(436	3	26	95	52	2)
v(437	1	1	147	2	1)
v(437	2	18	132	36	1)
v(438	1	12	149	24	1)
v(438	2	17	110	34	1)
v(439	1	11	133	22	3)
v(439	2	14	16	28	3)
v(439	3	23	148	46	3)
v(439	4	21	50	42	3)
v(440	1	13	15	26	1)
v(440	2	26	38	52	1)
v(441	1	1	127	2	1)
v(441	2	10	15	20	1)
v(441	3	30	79	60	0)
v(442	1	24	179	48	2)
v(442	2	9	11	18	2)
v(442	3	16	92	32	2)
v(443	1	19	80	38	1)
v(443	2	23	157	46	1)
v(444	1	11	35	22	0)
v(445	1	16	73	32	0)
v(446	1	16	174	32	4)
v(446	2	3	30	6	3)
v(446	3	30	108	60	4)
v(446	4	7	23	14	3)
v(446	5	17	177	34	4)
v(447	1	18	21	36	0)
v(448	1	32	114	64	2)
v(448	2	31	57	62	2)
v(448	3	16	45	32	2)
v(449	1	26	92	52	2)
v(449	2	3	144	6	3)
v(449	3	11	95	22	3)
v(449	4	27	114	54	2)
v(450	1	4	103	8	4)
v(450	2	14	148	28	4)
v(450	3	24	53	48	4)
v(450	4	1	65	2	4)
v(450	5	7	117	14	4)
v(451	1	3	55	6	0)
v(452	1	3	96	6	2)
v(452	2	30	168	60	2)
v(452	3	7	41	14	2)
v(453	1	27	124	54	2)
v(453	2	27	141	54	2)
v(453	3	28	57	56	3)
v(453	4	16	37	32	3)
v(454	1	13	71	26	3)
v(454	2	29	44	58	3)
v(454	3	25	62	50	3)
v(454	4	13	113	26	3)
v(455	1	11	80	22	3)
v(455	2	12	145	24	3)
v(455	3	23	76	46	3)
v(455	4	13	44	26	3)
v(456	1	5	79	10	0)
v(457	1	5	35	10	4)
v(457	2	28	72	56	3)
v(457	3	23	60	46	4)
v(457	4	17	32	34	4)
v(457	5	23	65	46	3)
v(458	1	26	142	52	4)
v(458	2	16	62	32	4)
v(458	3	30	173	60	4)
v(458	4	13	142	26	4)
v(458	5	12	87	24	4)
v(459	1	11	15	22	3)
v(459	2	11	83	22	4)
v(459	3	16	34	32	3)
v(459	4	4	157	8	4)
v(459	5	20	107	40	4)
v(460	1	27	94	54	4)
v(460	2	21	55	42	4)
v(460	3	23	164	46	4)
v(460	4	15	127	30	4)
v(460	5	27	151	54	4)
v(461	1	19	155	38	3)
v(461	2	6	26	12	2)
v(461	3	5	123	10	2)
v(461	4	4	132	8	3)
v(462	1	12	24	24	3)
v(462	2	4	126	8	3)
v(462	3	27	106	54	3)
v(462	4	30	105	60	3)
v(463	1	24	110	48	2)
v(463	2	25	141	50	2)
v(463	3	11	158	22	2)
v(464	1	24	165	48	2)
v(464	2	25	93	50	2)
v(464	3	4	43	8	2)
v(465	1	23	81	46	2)
v(465	2	11	32	22	2)
v(465	3	29	171	58	2)
v(466	1	10	116	20	2)
v(466	2	28	76	56	2)
v(466	3	22	40	44	2)
v(467	1	4	82	8	3)
v(467	2	24	115	48	2)
v(467	3	21	24	42	2)
v(467	4	7	118	14	3)
v(468	1	17	154	34	1)
v(468	2	11	163	22	1)
v(469	1	13	50	26	1)
v(469	2	7	77	14	1)
v(470	1	18	163	36	3)
v(470	2	13	134	26	3)
v(470	3	16	173	32	3)
v(470	4	7	64	14	3)
v(471	1	10	80	20	0)
v(472	1	15	61	30	2)
v(472	2	24	121	48	2)
v(472	3	16	107	32	2)
v(473	1	17	47	34	2)
v(473	2	11	89	22	2)
v(473	3	5	24	10	2)
v(474	1	27	112	54	2)
v(474	2	22	49	44	2)
v(474	3	3	27	6	2)
v(475	1	19	107	38	2)
v(475	2	10	90	20	2)
v(475	3	14	113	28	2)
v(476	1	20	93	40	0)
v(477	1	3	64	6	1)
v(477	2	26	66	52	1)
v(478	1	31	144	62	0)
v(479	1	28	109	56	2)
v(479	2	22	39	44	2)
v(479	3	19	136	38	2)
v(480	1	15	141	30	0)
v(481	1	19	32	38	2)
v(481	2	17	103	34	2)
v(481	3	20	154	40	2)
v(482	1	32	44	64	0)
v(483	1	14	24	28	1)
v(483	2	6	32	12	1)
v(484	1	28	121	56	4)
v(484	2	31	147	62	4)
v(484	3	4	87	8	4)
v(484	4	22	152	44	4)
v(484	5	6	96	12	4)
v(485	1	9	41	18	4)
v(485	2	20	158	40	4)
v(485	3	32	106	64	4)
v(485	4	31	46	62	3)
v(485	5	6	8	12	3)
v(486	1	20	121	40	2)
v(486	2	8	118	16	2)
v(486	3	25	103	50	2)
v(487	1	16	37	32	1)
v(487	2	12	21	24	1)
v(488	1	8	16	16	0)
v(489	1	12	23	24	0)
v(490	1	3	61	6	1)
v(490	2	27	79	54	1)
v(491	1	7	84	14	2)
v(491	2	13	96	26	3)
v(491	3	26	43	52	3)
v(491	4	14	71	28	2)
v(492	1	2	34	4	2)
v(492	2	9	163	18	2)
v(492	3	20	45	40	2)
v(493	1	12	27	24	1)
v(493	2	3	87	6	1)
v(494	1	5	83	10	3)
v(494	2	6	57	12	3)
v(494	3	4	5	8	3)
v(494	4	11	13	22	3)
v(495	1	29	115	58	0)
v(496	1	24	182	48	0)
v(496	2	26	43	52	0)
v(497	1	15	60	30	2)
v(497	2	27	175	54	2)
v(497	3	3	37	6	2)
v(498	1	30	128	60	0)
v(499	1	28	134	56	0)
v(500	1	6	57	12	2)
v(500	2	15	65	30	3)
v(500	3	13	35	26	3)
v(500	4	26	37	52	2)
v(501	1	21	32	42	4)
v(501	2	15	161	30	4)
v(501	3	16	59	32	4)
v(501	4	27	39	54	4)
v(501	5	22	42	44	4)
v(502	1	30	170	60	0)
v(503	1	27	146	54	2)
v(503	2	6	151	12	2)
v(503	3	3	63	6	2)
v(504	1	15	168	30	4)
v(504	2	21	144	42	4)
v(504	3	9	93	18	4)
v(504	4	9	73	18	4)
v(504	5	11	131	22	4)
v(505	1	5	101	10	2)
v(505	2	22	36	44	2)
v(505	3	12	89	24	2)
v(506	1	11	17	22	0)
v(507	1	31	148	62	2)
v(507	2	11	112	22	2)
v(507	3	3	48	6	2)
v(508	1	22	27	44	4)
v(508	2	22	92	44	4)
v(508	3	16	124	32	4)
v(508	4	9	99	18	4)
v(508	5	13	128	26	4)
v(509	1	12	92	24	4)
v(509	2	3	4	6	4)
v(509	3	10	81	20	4)
v(509	4	2	130	4	4)
v(509	5	20	42	40	4)
v(510	1	22	108	44	0)
v(510	2	27	108	54	0)
v(511	1	23	25	46	1)
v(511	2	2	5	4	1)
v(512	1	10	17	20	1)
v(512	2	2	135	4	1)
v(513	1	13	81	26	3)
v(513	2	14	29	28	3)
v(513	3	31	104	62	4)
v(513	4	29	101	58	4)
v(513	5	21	115	42	4)
v(514	1	22	158	44	3)
v(514	2	14	64	28	4)
v(514	3	4	39	8	4)
v(514	4	4	133	8	3)
v(514	5	3	148	6	4)
v(515	1	15	137	30	2)
v(515	2	19	73	38	2)
v(515	3	18	145	36	2)
v(516	1	6	65	12	3)
v(516	2	3	25	6	3)
v(516	3	19	108	38	3)
v(516	4	9	38	18	3)
v(517	1	15	149	30	4)
v(517	2	25	92	50	4)
v(517	3	5	159	10	4)
v(517	4	10	113	20	4)
v(517	5	14	134	28	4)
v(518	1	8	34	16	1)
v(518	2	12	72	24	1)
v(519	1	15	62	30	0)
v(520	1	21	65	42	0)
v(521	1	3	28	6	2)
v(521	2	6	102	12	2)
v(521	3	30	171	60	2)
v(522	1	15	37	30	2)
v(522	2	8	58	16	2)
v(522	3	20	167	40	2)
v(523	1	8	12	16	0)
v(524	1	12	85	24	2)
v(524	2	13	118	26	2)
v(524	3	25	137	50	2)
v(525	1	18	173	36	3)
v(525	2	23	141	46	3)
v(525	3	17	108	34	3)
v(525	4	1	54	2	3)
v(526	1	30	128	60	1)
v(526	2	12	54	24	1)
v(527	1	6	9	12	0)
v(528	1	2	132	4	1)
v(528	2	18	152	36	2)
v(528	3	3	59	6	1)
v(528	4	9	35	18	2)
v(529	1	23	132	46	0)
v(530	1	11	98	22	1)
v(530	2	16	80	32	1)
v(531	1	28	35	56	1)
v(531	2	9	111	18	1)
v(532	1	26	143	52	2)
v(532	2	24	116	48	2)
v(532	3	17	35	34	2)
v(533	1	11	162	22	2)
v(533	2	10	13	20	2)
v(533	3	5	71	10	2)
v(534	1	29	104	58	3)
v(534	2	10	155	20	3)
v(534	3	6	159	12	3)
v(534	4	14	120	28	3)
v(535	1	17	66	34	0)
v(536	1	11	164	22	4)
v(536	2	32	142	64	4)
v(536	3	9	97	18	4)
v(536	4	32	37	64	4)
v(536	5	25	139	50	4)
v(537	1	10	91	20	0)
v(538	1	19	33	38	0)
v(539	1	17	103	34	2)
v(539	2	31	144	62	2)
v(539	3	29	139	58	2)
v(540	1	32	98	64	1)
v(540	2	29	183	58	1)
v(541	1	1	42	2	2)
v(541	2	23	63	46	3)
v(541	3	4	65	8	2)
v(541	4	1	111	2	3)
v(542	1	28	52	56	3)
v(542	2	30	112	60	2)
v(542	3	2	128	4	2)
v(542	4	20	95	40	3)
v(543	1	12	111	24	1)
v(543	2	26	184	52	1)
v(544	1	24	86	48	3)
v(544	2	26	65	52	3)
v(544	3	12	139	24	3)
v(544	4	24	101	48	3)
v(545	1	28	62	56	4)
v(545	2	19	95	38	3)
v(545	3	1	54	2	3)
v(545	4	17	78	34	4)
v(545	5	32	56	64	4)
v(546	1	9	147	18	4)
v(546	2	28	138	56	3)
v(546	3	19	110	38	4)
v(546	4	22	75	44	3)
v(546	5	2	126	4	4)
v(547	1	25	78	50	0)
v(548	1	32	44	64	2)
v(548	2	15	121	30	2)
v(548	3	8	164	16	2)
v(549	1	24	129	48	0)
v(550	1	12	168	24	2)
v(550	2	12	31	24	2)
v(550	3	30	99	60	2)
v(551	1	19	55	38	1)
v(551	2	7	129	14	1)
v(552	1	10	82	20	0)
v(553	1	9	19	18	2)
v(553	2	7	68	14	2)
v(553	3	2	44	4	2)
v(554	1	29	128	58	1)
v(554	2	1	114	2	1)
v(554	3	8	55	16	2)
v(555	1	18	40	36	3)
v(555	2	30	137	60	3)
v(555	3	27	81	54	3)
v(555	4	16	21	32	3)
v(556	1	10	81	20	1)
v(556	2	22	111	44	1)
v(557	1	17	84	34	1)
v(557	2	23	72	46	1)
v(558	1	21	129	42	1)
v(558	2	1	152	2	1)
v(559	1	29	172	58	2)
v(559	2	10	158	20	2)
v(559	3	29	90	58	3)
v(559	4	31	64	62	3)
v(560	1	23	86	46	1)
v(560	2	17	136	34	1)
v(561	1	28	138	56	1)
v(561	2	23	62	46	1)
v(562	1	29	132	58	1)
v(562	2	18	99	36	1)
v(563	1	21	83	42	2)
v(563	2	5	60	10	2)
v(563	3	8	115	16	2)
v(564	1	3	136	6	0)
v(565	1	20	40	40	0)
v(566	1	3	64	6	2)
v(566	2	1	113	2	2)
v(566	3	11	17	22	2)
v(567	1	19	50	38	2)
v(567	2	11	130	22	2)
v(567	3	32	94	64	2)
v(568	1	17	71	34	1)
v(568	2	17	113	34	1)
v(568	3	21	72	42	2)
v(569	1	19	27	38	0)
v(570	1	21	76	42	1)
v(570	2	23	183	46	0)
v(570	3	22	95	44	1)
v(571	1	11	34	22	3)
v(571	2	4	67	8	3)
v(571	3	17	106	34	3)
v(571	4	21	174	42	3)
v(572	1	25	182	50	0)
v(573	1	30	127	60	0)
v(574	1	31	59	62	0)
v(575	1	20	124	40	0)
v(576	1	9	84	18	2)
v(576	2	14	16	28	2)
v(576	3	11	14	22	2)
v(577	1	5	57	10	3)
v(577	2	3	46	6	3)
v(577	3	29	54	58	3)
v(577	4	15	174	30	3)
v(578	1	14	73	28	0)
v(579	1	9	123	18	1)
v(579	2	4	122	8	1)
v(580	1	18	128	36	1)
v(580	2	25	96	50	1)
v(581	1	9	28	18	4)
v(581	2	8	28	16	4)
v(581	3	2	125	4	4)
v(581	4	24	38	48	4)
v(581	5	16	112	32	4)
v(582	1	23	85	46	1)
v(582	2	14	123	28	1)
v(583	1	20	49	40	1)
v(583	2	23	130	46	1)
v(584	1	2	70	4	4)
v(584	2	19	85	38	3)
v(584	3	13	19	26	4)
v(584	4	26	35	52	2)
v(584	5	10	122	20	3)
v(585	1	1	90	2	4)
v(585	2	8	42	16	4)
v(585	3	21	34	42	4)
v(585	4	19	91	38	4)
v(585	5	16	61	32	4)
v(586	1	2	51	4	2)
v(586	2	22	113	44	3)
v(586	3	14	140	28	3)
v(586	4	26	135	52	2)
v(587	1	27	126	54	1)
v(587	2	16	70	32	1)
v(588	1	13	25	26	3)
v(588	2	15	139	30	4)
v(588	3	7	37	14	4)
v(588	4	9	42	18	3)
v(588	5	5	92	10	4)
v(589	1	13	133	26	2)
v(589	2	19	178	38	3)
v(589	3	9	82	18	2)
v(589	4	32	59	64	3)
v(590	1	25	140	50	0)
v(591	1	7	86	14	4)
v(591	2	6	95	12	4)
v(591	3	30	160	60	4)
v(591	4	11	56	22	4)
v(591	5	12	67	24	4)
v(592	1	13	161	26	0)
v(593	1	14	87	28	2)
v(593	2	30	181	60	2)
v(593	3	31	105	62	2)
v(594	1	12	30	24	2)
v(594	2	12	30	24	2)
v(594	3	7	60	14	2)
v(595	1	24	136	48	1)
v(595	2	4	15	8	2)
v(595	3	19	47	38	1)
v(596	1	20	38	40	3)
v(596	2	29	100	58	3)
v(596	3	30	106	60	3)
v(596	4	31	82	62	3)
v(597	1	29	75	58	1)
v(597	2	11	72	22	1)
v(598	1	15	101	30	3)
v(598	2	20	98	40	3)
v(598	3	16	169	32	3)
v(598	4	14	23	28	3)
v(599	1	29	132	58	4)
v(599	2	24	143	48	4)
v(599	3	24	146	48	4)
v(599	4	20	92	40	4)
v(599	5	31	152	62	4)
v(600	1	21	78	42	3)
v(600	2	27	36	54	3)
v(600	3	8	74	16	3)
v(600	4	16	160	32	3)
v(601	1	23	30	46	1)
v(601	2	25	41	50	1)
v(602	1	9	100	18	4)
v(602	2	14	82	28	3)
v(602	3	4	54	8	4)
v(602	4	3	124	6	4)
v(602	5	24	35	48	3)
v(603	1	30	48	60	1)
v(603	2	23	120	46	1)
v(604	1	4	39	8	2)
v(604	2	9	122	18	2)
v(604	3	15	81	30	2)
v(605	1	4	35	8	3)
v(605	2	7	154	14	3)
v(605	3	3	39	6	3)
v(605	4	16	174	32	3)
v(606	1	19	35	38	1)
v(606	2	11	52	22	1)
v(607	1	24	165	48	3)
v(607	2	28	58	56	3)
v(607	3	21	84	42	3)
v(607	4	28	164	56	3)
v(608	1	29	60	58	2)
v(608	2	12	40	24	2)
v(608	3	1	10	2	2)
v(609	1	23	167	46	4)
v(609	2	28	141	56	4)
v(609	3	19	84	38	4)
v(609	4	8	90	16	4)
v(609	5	1	46	2	4)
v(610	1	17	133	34	4)
v(610	2	27	162	54	3)
v(610	3	20	159	40	3)
v(610	4	17	109	34	4)
v(610	5	21	147	42	4)
v(611	1	9	168	18	1)
v(611	2	16	166	32	1)
v(612	1	24	152	48	3)
v(612	2	12	28	24	3)
v(612	3	4	39	8	3)
v(612	4	5	19	10	3)
v(613	1	17	37	34	4)
v(613	2	8	120	16	4)
v(613	3	8	90	16	3)
v(613	4	18	142	36	3)
v(613	5	14	78	28	4)
v(614	1	15	62	30	2)
v(614	2	24	61	48	2)
v(614	3	31	154	62	2)
v(615	1	20	96	40	4)
v(615	2	3	123	6	4)
v(615	3	6	81	12	4)
v(615	4	3	151	6	4)
v(615	5	11	97	22	4)
v(616	1	9	36	18	3)
v(616	2	24	89	48	3)
v(616	3	27	132	54	3)
v(616	4	10	119	20	3)
v(617	1	27	33	54	2)
v(617	2	25	142	50	2)
v(617	3	1	90	2	2)
v(618	1	2	91	4	0)
v(618	2	7	121	14	0)
v(619	1	31	61	62	2)
v(619	2	6	24	12	3)
v(619	3	2	16	4	2)
v(619	4	3	155	6	3)
v(620	1	4	43	8	1)
v(620	2	16	137	32	1)
v(621	1	19	39	38	0)
v(621	2	5	116	10	0)
v(622	1	14	63	28	1)
v(622	2	18	176	36	1)
v(623	1	9	101	18	3)
v(623	2	14	125	28	3)
v(623	3	11	115	22	3)
v(623	4	7	129	14	3)
v(624	1	23	180	46	1)
v(624	2	26	56	52	1)
v(625	1	29	72	58	0)
v(626	1	25	68	50	1)
v(626	2	1	103	2	1)
v(627	1	29	146	58	1)
v(627	2	12	125	24	1)
v(628	1	1	126	2	1)
v(628	2	16	61	32	2)
v(628	3	22	146	44	1)
v(629	1	6	49	12	3)
v(629	2	8	9	16	3)
v(629	3	25	57	50	4)
v(629	4	23	153	46	4)
v(629	5	3	133	6	4)
v(630	1	16	35	32	0)
v(631	1	8	9	16	2)
v(631	2	18	118	36	2)
v(631	3	25	185	50	2)
v(632	1	3	148	6	0)
v(633	1	23	72	46	1)
v(633	2	15	76	30	1)
v(633	3	7	11	14	2)
v(634	1	19	70	38	3)
v(634	2	6	19	12	3)
v(634	3	1	145	2	3)
v(634	4	20	125	40	3)
v(635	1	1	109	2	3)
v(635	2	25	32	50	3)
v(635	3	24	75	48	3)
v(635	4	16	59	32	3)
v(636	1	8	135	16	4)
v(636	2	13	51	26	4)
v(636	3	27	83	54	4)
v(636	4	27	47	54	4)
v(636	5	27	118	54	4)
v(637	1	26	127	52	3)
v(637	2	6	135	12	3)
v(637	3	20	90	40	3)
v(637	4	28	145	56	3)
v(638	1	29	39	58	1)
v(638	2	25	65	50	1)
v(639	1	17	136	34	2)
v(639	2	15	128	30	2)
v(639	3	27	165	54	2)
v(640	1	26	98	52	0)
v(641	1	2	151	4	0)
v(642	1	29	119	58	3)
v(642	2	30	63	60	3)
v(642	3	29	124	58	3)
v(642	4	5	73	10	3)
v(643	1	10	17	20	4)
v(643	2	7	90	14	4)
v(643	3	4	70	8	4)
v(643	4	28	147	56	4)
v(643	5	15	130	30	4)
v(644	1	30	135	60	0)
v(645	1	25	29	50	4)
v(645	2	24	79	48	4)
v(645	3	29	154	58	4)
v(645	4	1	47	2	4)
v(645	5	12	104	24	4)
v(646	1	1	152	2	3)
v(646	2	8	104	16	4)
v(646	3	15	91	30	3)
v(646	4	22	37	44	2)
v(646	5	14	101	28	4)
v(647	1	12	41	24	0)
v(648	1	7	51	14	4)
v(648	2	10	116	20	4)
v(648	3	29	144	58	4)
v(648	4	24	60	48	4)
v(648	5	9	141	18	4)
v(649	1	14	123	28	2)
v(649	2	28	124	56	2)
v(649	3	8	42	16	2)
v(650	1	23	149	46	1)
v(650	2	18	131	36	1)
v(651	1	14	91	28	0)
v(652	1	1	66	2	3)
v(652	2	19	120	38	3)
v(652	3	29	45	58	3)
v(652	4	24	29	48	3)
v(653	1	32	127	64	0)
v(654	1	8	62	16	0)
v(655	1	23	53	46	1)
v(655	2	26	84	52	1)
v(656	1	31	32	62	0)
v(657	1	15	128	30	3)
v(657	2	21	158	42	3)
v(657	3	23	76	46	3)
v(657	4	11	136	22	3)
v(658	1	26	32	52	3)
v(658	2	27	155	54	3)
v(658	3	12	65	24	3)
v(658	4	12	93	24	3)
v(659	1	13	154	26	0)
v(660	1	23	168	46	2)
v(660	2	20	55	40	2)
v(660	3	29	54	58	2)
v(661	1	20	57	40	2)
v(661	2	6	44	12	2)
v(661	3	23	62	46	2)
v(662	1	25	92	50	2)
v(662	2	25	169	50	3)
v(662	3	17	105	34	3)
v(662	4	13	112	26	2)
v(663	1	29	125	58	0)
v(663	2	22	163	44	0)
v(664	1	22	72	44	0)
v(665	1	3	154	6	3)
v(665	2	7	73	14	3)
v(665	3	32	102	64	3)
v(665	4	24	103	48	3)
v(666	1	30	111	60	0)
v(667	1	3	80	6	1)
v(667	2	7	54	14	1)
v(668	1	26	90	52	0)
v(669	1	12	50	24	3)
v(669	2	27	101	54	3)
v(669	3	5	100	10	3)
v(669	4	12	117	24	3)
v(670	1	9	139	18	0)
v(671	1	25	89	50	0)
v(672	1	1	17	2	2)
v(672	2	13	124	26	2)
v(672	3	20	95	40	2)
v(673	1	1	146	2	4)
v(673	2	8	61	16	4)
v(673	3	22	153	44	4)
v(673	4	25	52	50	4)
v(673	5	29	94	58	4)
v(674	1	28	85	56	1)
v(674	2	30	63	60	1)
v(675	1	7	110	14	1)
v(675	2	3	71	6	1)
v(676	1	7	97	14	1)
v(676	2	8	166	16	1)
v(676	3	24	90	48	2)
v(677	1	20	113	40	1)
v(677	2	9	96	18	1)
v(678	1	9	114	18	4)
v(678	2	20	155	40	4)
v(678	3	16	162	32	4)
v(678	4	15	116	30	4)
v(678	5	19	28	38	4)
v(679	1	9	130	18	1)
v(679	2	14	59	28	1)
v(679	3	13	54	26	2)
v(680	1	15	33	30	0)
v(681	1	9	74	18	2)
v(681	2	29	105	58	2)
v(681	3	27	65	54	2)
v(682	1	9	89	18	0)
v(683	1	11	124	22	2)
v(683	2	8	51	16	2)
v(683	3	11	100	22	2)
v(684	1	19	27	38	4)
v(684	2	8	62	16	4)
v(684	3	14	102	28	4)
v(684	4	18	80	36	4)
v(684	5	7	77	14	4)
v(685	1	27	72	54	0)
v(686	1	26	84	52	2)
v(686	2	15	37	30	2)
v(686	3	1	93	2	2)
v(687	1	28	120	56	3)
v(687	2	25	64	50	3)
v(687	3	10	163	20	3)
v(687	4	14	137	28	3)
v(688	1	17	24	34	1)
v(688	2	11	106	22	1)
v(689	1	20	92	40	0)
v(690	1	10	63	20	2)
v(690	2	20	82	40	2)
v(690	3	8	167	16	2)
v(691	1	31	133	62	1)
v(691	2	23	80	46	1)
v(692	1	6	78	12	2)
v(692	2	5	15	10	2)
v(692	3	25	38	50	2)
v(693	1	16	165	32	0)
v(694	1	16	40	32	4)
v(694	2	23	99	46	4)
v(694	3	14	165	28	4)
v(694	4	28	57	56	4)
v(694	5	19	85	38	4)
v(695	1	28	43	56	3)
v(695	2	16	146	32	3)
v(695	3	20	75	40	3)
v(695	4	15	60	30	3)
v(696	1	25	120	50	4)
v(696	2	17	103	34	4)
v(696	3	29	39	58	4)
v(696	4	3	41	6	4)
v(696	5	29	154	58	4)
v(697	1	31	83	62	1)
v(697	2	16	121	32	1)
v(698	1	27	92	54	2)
v(698	2	16	154	32	2)
v(698	3	12	41	24	2)
v(699	1	13	130	26	4)
v(699	2	23	84	46	4)
v(699	3	6	53	12	4)
v(699	4	1	117	2	4)
v(699	5	10	25	20	4)
v(700	1	18	56	36	0)
v(701	1	18	131	36	1)
v(701	2	5	33	10	2)
v(701	3	12	109	24	1)
v(702	1	27	126	54	2)
v(702	2	11	25	22	2)
v(702	3	8	119	16	2)
v(703	1	31	52	62	2)
v(703	2	12	167	24	2)
v(703	3	7	96	14	2)
v(704	1	30	62	60	4)
v(704	2	15	67	30	4)
v(704	3	32	77	64	3)
v(704	4	15	169	30	4)
v(704	5	11	44	22	3)
v(705	1	19	100	38	1)
v(705	2	23	25	46	1)
v(706	1	18	165	36	1)
v(706	2	10	93	20	1)
v(707	1	8	105	16	0)
v(708	1	7	100	14	4)
v(708	2	1	154	2	4)
v(708	3	23	85	46	4)
v(708	4	11	119	22	4)
v(708	5	30	185	60	4)
v(709	1	11	27	22	3)
v(709	2	31	155	62	3)
v(709	3	25	94	50	3)
v(709	4	19	23	38	3)
v(710	1	19	55	38	0)
v(711	1	16	135	32	4)
v(711	2	13	170	26	4)
v(711	3	20	177	40	4)
v(711	4	17	135	34	4)
v(711	5	29	70	58	4)
v(712	1	19	167	38	3)
v(712	2	25	157	50	3)
v(712	3	25	48	50	3)
v(712	4	15	70	30	3)
v(713	1	19	166	38	4)
v(713	2	17	169	34	4)
v(713	3	13	46	26	3)
v(713	4	9	109	18	4)
v(713	5	14	92	28	3)
v(714	1	14	74	28	3)
v(714	2	30	147	60	3)
v(714	3	26	149	52	3)
v(714	4	16	130	32	3)
v(715	1	19	64	38	4)
v(715	2	21	107	42	4)
v(715	3	16	78	32	4)
v(715	4	6	51	12	4)
v(715	5	30	178	60	4)
v(716	1	31	59	62	1)
v(716	2	20	129	40	1)
v(717	1	4	151	8	0)
v(718	1	7	43	14	4)
v(718	2	13	111	26	3)
v(718	3	24	143	48	3)
v(718	4	21	52	42	3)
v(718	5	8	85	16	3)
v(719	1	7	129	14	3)
v(719	2	2	132	4	2)
v(719	3	25	79	50	1)
v(719	4	13	162	26	2)
v(720	1	9	60	18	4)
v(720	2	25	147	50	4)
v(720	3	6	45	12	4)
v(720	4	15	132	30	4)
v(720	5	5	161	10	4)
v(721	1	19	34	38	3)
v(721	2	10	105	20	2)
v(721	3	30	172	60	3)
v(721	4	20	109	40	2)
v(722	1	29	88	58	0)
v(723	1	32	127	64	0)
v(724	1	3	12	6	1)
v(724	2	5	128	10	1)
v(725	1	2	115	4	0)
v(726	1	26	123	52	2)
v(726	2	7	61	14	2)
v(726	3	18	42	36	2)
v(727	1	31	155	62	1)
v(727	2	4	16	8	1)
v(728	1	7	19	14	3)
v(728	2	21	81	42	3)
v(728	3	31	118	62	4)
v(728	4	17	159	34	4)
v(728	5	11	66	22	4)
v(729	1	2	105	4	2)
v(729	2	16	124	32	2)
v(729	3	17	138	34	2)
v(730	1	19	93	38	0)
v(731	1	22	48	44	2)
v(731	2	4	73	8	2)
v(731	3	10	22	20	2)
v(732	1	25	40	50	3)
v(732	2	12	105	24	3)
v(732	3	22	142	44	3)
v(732	4	27	147	54	3)
v(733	1	24	183	48	4)
v(733	2	32	179	64	4)
v(733	3	9	90	18	4)
v(733	4	16	132	32	4)
v(733	5	20	112	40	4)
v(734	1	29	49	58	2)
v(734	2	8	79	16	4)
v(734	3	19	20	38	3)
v(734	4	25	48	50	3)
v(734	5	2	52	4	4)
v(735	1	7	133	14	0)
v(736	1	25	93	50	3)
v(736	2	3	10	6	2)
v(736	3	25	58	50	3)
v(736	4	21	32	42	2)
v(737	1	30	161	60	4)
v(737	2	13	56	26	2)
v(737	3	14	123	28	3)
v(737	4	10	131	20	3)
v(737	5	17	148	34	4)
v(738	1	13	127	26	1)
v(738	2	30	128	60	1)
v(739	1	22	134	44	3)
v(739	2	25	164	50	3)
v(739	3	15	37	30	3)
v(739	4	2	66	4	3)
v(740	1	13	98	26	0)
v(741	1	20	102	40	4)
v(741	2	12	133	24	4)
v(741	3	23	94	46	4)
v(741	4	22	36	44	4)
v(741	5	21	141	42	4)
v(742	1	3	131	6	3)
v(742	2	7	93	14	2)
v(742	3	13	164	26	3)
v(742	4	16	91	32	2)
v(743	1	23	146	46	1)
v(743	2	4	62	8	1)
v(744	1	29	41	58	1)
v(744	2	23	162	46	1)
v(745	1	20	88	40	1)
v(745	2	28	71	56	1)
v(746	1	18	33	36	2)
v(746	2	24	143	48	2)
v(746	3	11	167	22	2)
v(747	1	9	16	18	2)
v(747	2	4	68	8	2)
v(747	3	12	72	24	2)
v(748	1	18	90	36	3)
v(748	2	21	137	42	3)
v(748	3	31	44	62	2)
v(748	4	23	82	46	3)
v(748	5	26	174	52	3)
v(749	1	22	171	44	1)
v(749	2	2	131	4	1)
v(750	1	29	132	58	4)
v(750	2	22	123	44	4)
v(750	3	3	161	6	4)
v(750	4	8	138	16	4)
v(750	5	9	16	18	4)
v(751	1	32	90	64	2)
v(751	2	7	94	14	3)
v(751	3	20	118	40	2)
v(751	4	30	61	60	2)
v(751	5	16	78	32	3)
v(752	1	28	39	56	3)
v(752	2	17	106	34	3)
v(752	3	32	169	64	3)
v(752	4	26	75	52	3)
v(753	1	24	160	48	2)
v(753	2	1	5	2	2)
v(753	3	12	149	24	2)
v(754	1	31	162	62	0)
v(755	1	20	58	40	1)
v(755	2	1	67	2	1)
v(756	1	21	141	42	0)
v(757	1	25	86	50	1)
v(757	2	14	28	28	2)
v(757	3	13	56	26	1)
v(758	1	23	36	46	4)
v(758	2	18	166	36	4)
v(758	3	25	137	50	4)
v(758	4	3	42	6	4)
v(758	5	13	41	26	4)
v(759	1	7	137	14	4)
v(759	2	7	150	14	4)
v(759	3	23	139	46	4)
v(759	4	6	147	12	4)
v(759	5	13	149	26	4)
v(760	1	11	76	22	0)
v(761	1	4	62	8	0)
v(762	1	23	83	46	4)
v(762	2	26	167	52	4)
v(762	3	28	162	56	4)
v(762	4	15	47	30	4)
v(762	5	18	25	36	4)
v(763	1	3	125	6	4)
v(763	2	12	163	24	4)
v(763	3	21	125	42	3)
v(763	4	17	135	34	3)
v(763	5	20	25	40	4)
v(764	1	20	94	40	4)
v(764	2	15	52	30	4)
v(764	3	22	148	44	4)
v(764	4	25	63	50	4)
v(764	5	20	179	40	4)
v(765	1	8	167	16	2)
v(765	2	4	32	8	2)
v(765	3	23	180	46	2)
v(766	1	23	91	46	0)
v(767	1	16	49	32	0)
v(768	1	11	80	22	3)
v(768	2	26	155	52	4)
v(768	3	16	147	32	4)
v(768	4	11	60	22	4)
v(768	5	3	55	6	3)
v(769	1	26	150	52	0)
v(770	1	8	115	16	2)
v(770	2	22	175	44	2)
v(770	3	3	20	6	2)
v(771	1	3	103	6	0)
v(772	1	22	105	44	1)
v(772	2	30	190	60	1)
v(773	1	2	79	4	4)
v(773	2	24	177	48	4)
v(773	3	26	76	52	4)
v(773	4	19	89	38	4)
v(773	5	16	93	32	4)
v(774	1	13	55	26	3)
v(774	2	9	45	18	3)
v(774	3	10	115	20	3)
v(774	4	13	68	26	3)
v(775	1	17	35	34	4)
v(775	2	16	84	32	4)
v(775	3	1	15	2	4)
v(775	4	14	169	28	4)
v(775	5	8	114	16	4)
v(776	1	7	131	14	0)
v(777	1	32	75	64	0)
v(778	1	9	35	18	2)
v(778	2	3	65	6	2)
v(778	3	4	123	8	2)
v(779	1	25	118	50	2)
v(779	2	18	68	36	2)
v(779	3	6	147	12	3)
v(779	4	20	118	40	3)
v(780	1	8	25	16	3)
v(780	2	17	116	34	3)
v(780	3	25	41	50	3)
v(780	4	15	174	30	3)
v(781	1	5	100	10	3)
v(781	2	22	70	44	3)
v(781	3	14	49	28	3)
v(781	4	12	152	24	3)
v(782	1	11	120	22	3)
v(782	2	10	88	20	3)
v(782	3	16	137	32	3)
v(782	4	8	112	16	3)
v(783	1	25	39	50	2)
v(783	2	4	119	8	2)
v(783	3	2	3	4	2)
v(784	1	23	145	46	3)
v(784	2	32	53	64	4)
v(784	3	6	31	12	3)
v(784	4	18	119	36	4)
v(784	5	31	91	62	4)
v(785	1	25	67	50	2)
v(785	2	23	141	46	2)
v(785	3	6	133	12	2)
v(786	1	31	108	62	2)
v(786	2	4	35	8	2)
v(786	3	24	26	48	2)
v(787	1	15	31	30	0)
v(788	1	30	56	60	0)
v(789	1	21	169	42	3)
v(789	2	11	62	22	3)
v(789	3	2	60	4	3)
v(789	4	6	108	12	3)
v(790	1	5	103	10	2)
v(790	2	15	115	30	2)
v(790	3	12	160	24	2)
v(791	1	14	149	28	2)
v(791	2	6	158	12	1)
v(791	3	3	49	6	1)
v(792	1	3	137	6	0)
v(793	1	11	116	22	1)
v(793	2	26	129	52	1)
v(794	1	2	106	4	1)
v(794	2	2	102	4	1)
v(795	1	29	60	58	4)
v(795	2	32	60	64	4)
v(795	3	12	119	24	3)
v(795	4	14	67	28	3)
v(795	5	26	40	52	4)
v(796	1	15	159	30	3)
v(796	2	2	100	4	3)
v(796	3	15	55	30	3)
v(796	4	4	107	8	3)
v(796	5	19	63	38	4)
v(797	1	1	120	2	0)
v(798	1	27	169	54	0)
v(799	1	4	64	8	0)
v(800	1	19	121	38	2)
v(800	2	18	131	36	2)
v(800	3	23	174	46	2)
v(801	1	4	65	8	3)
v(801	2	31	93	62	4)
v(801	3	21	134	42	4)
v(801	4	23	84	46	3)
v(801	5	17	123	34	4)
v(802	1	6	75	12	1)
v(802	2	9	11	18	1)
v(803	1	29	111	58	2)
v(803	2	23	60	46	2)
v(803	3	26	60	52	2)
v(804	1	7	165	14	1)
v(804	2	17	88	34	1)
v(805	1	11	100	22	0)
v(806	1	22	75	44	0)
v(807	1	15	29	30	0)
v(808	1	16	59	32	1)
v(808	2	4	121	8	1)
v(809	1	32	91	64	3)
v(809	2	11	142	22	3)
v(809	3	30	136	60	3)
v(809	4	13	48	26	3)
v(810	1	11	101	22	2)
v(810	2	28	140	56	2)
v(810	3	21	86	42	2)
v(811	1	24	146	48	3)
v(811	2	21	104	42	3)
v(811	3	9	138	18	2)
v(811	4	14	38	28	2)
v(812	1	28	134	56	0)
v(812	2	14	66	28	0)
v(813	1	3	28	6	1)
v(813	2	4	8	8	0)
v(813	3	15	64	30	1)
v(814	1	2	123	4	2)
v(814	2	1	76	2	2)
v(814	3	23	146	46	2)
v(815	1	5	7	10	0)
v(816	1	9	17	18	1)
v(816	2	26	75	52	1)
v(817	1	20	76	40	4)
v(817	2	17	143	34	3)
v(817	3	21	45	42	4)
v(817	4	19	111	38	4)
v(817	5	27	108	54	3)
v(818	1	6	97	12	3)
v(818	2	28	143	56	2)
v(818	3	11	51	22	3)
v(818	4	28	110	56	2)
v(819	1	24	164	48	0)
v(820	1	32	61	64	3)
v(820	2	30	133	60	3)
v(820	3	31	36	62	2)
v(820	4	24	44	48	2)
v(821	1	31	59	62	1)
v(821	2	6	150	12	1)
v(822	1	6	158	12	2)
v(822	2	3	139	6	2)
v(822	3	16	33	32	2)
v(823	1	11	65	22	0)
v(824	1	6	100	12	0)
v(824	2	25	108	50	0)
v(825	1	18	106	36	4)
v(825	2	11	158	22	4)
v(825	3	16	70	32	4)
v(825	4	30	165	60	4)
v(825	5	26	137	52	4)
v(826	1	26	105	52	3)
v(826	2	23	47	46	2)
v(826	3	31	142	62	2)
v(826	4	12	32	24	3)
v(827	1	30	74	60	1)
v(827	2	23	77	46	1)
v(828	1	27	55	54	3)
v(828	2	32	152	64	3)
v(828	3	16	61	32	3)
v(828	4	22	167	44	3)
v(829	1	8	23	16	1)
v(829	2	20	48	40	1)
v(830	1	3	54	6	1)
v(830	2	23	124	46	1)
v(830	3	26	130	52	2)
v(831	1	16	87	32	4)
v(831	2	3	101	6	4)
v(831	3	25	152	50	4)
v(831	4	1	144	2	4)
v(831	5	27	47	54	4)
v(832	1	8	52	16	0)
v(833	1	17	82	34	3)
v(833	2	29	108	58	4)
v(833	3	4	162	8	4)
v(833	4	18	27	36	4)
v(833	5	10	14	20	3)
v(834	1	5	50	10	0)
v(835	1	16	125	32	3)
v(835	2	16	61	32	3)
v(835	3	9	120	18	3)
v(835	4	12	39	24	3)
v(836	1	30	66	60	1)
v(836	2	24	146	48	1)
v(837	1	9	116	18	1)
v(837	2	18	142	36	1)
v(838	1	4	110	8	2)
v(838	2	16	19	32	2)
v(838	3	13	96	26	2)
v(839	1	29	34	58	0)
v(840	1	32	70	64	2)
v(840	2	30	128	60	2)
v(840	3	8	50	16	2)
v(841	1	4	64	8	1)
v(841	2	27	173	54	1)
v(841	3	28	97	56	2)
v(842	1	8	106	16	2)
v(842	2	5	38	10	3)
v(842	3	18	66	36	4)
v(842	4	6	111	12	3)
v(842	5	8	61	16	4)
v(843	1	2	63	4	0)
v(844	1	5	99	10	3)
v(844	2	25	52	50	3)
v(844	3	2	126	4	3)
v(844	4	9	10	18	3)
v(845	1	12	53	24	1)
v(845	2	14	28	28	1)
v(846	1	7	20	14	4)
v(846	2	3	153	6	4)
v(846	3	26	154	52	4)
v(846	4	11	26	22	3)
v(846	5	31	66	62	3)
v(847	1	11	29	22	0)
v(848	1	7	112	14	1)
v(848	2	5	131	10	1)
v(849	1	6	47	12	2)
v(849	2	27	32	54	2)
v(849	3	18	70	36	2)
v(850	1	29	80	58	1)
v(850	2	26	68	52	1)
v(851	1	1	111	2	2)
v(851	2	8	35	16	2)
v(851	3	11	72	22	2)
v(852	1	10	52	20	2)
v(852	2	16	33	32	2)
v(852	3	2	141	4	2)
v(853	1	18	151	36	3)
v(853	2	15	25	30	3)
v(853	3	9	115	18	3)
v(853	4	7	162	14	3)
v(854	1	21	153	42	4)
v(854	2	14	139	28	4)
v(854	3	12	106	24	4)
v(854	4	29	88	58	4)
v(854	5	21	113	42	4)
v(855	1	1	115	2	1)
v(855	2	10	164	20	1)
v(855	3	18	72	36	2)
v(856	1	17	66	34	0)
v(856	2	14	102	28	0)
v(857	1	12	105	24	4)
v(857	2	6	152	12	4)
v(857	3	7	29	14	4)
v(857	4	26	40	52	4)
v(857	5	25	94	50	4)
v(858	1	9	17	18	3)
v(858	2	13	103	26	3)
v(858	3	8	31	16	3)
v(858	4	4	87	8	3)
v(859	1	32	79	64	1)
v(859	2	4	96	8	1)
v(860	1	6	95	12	0)
v(861	1	21	83	42	1)
v(861	2	6	159	12	2)
v(861	3	19	164	38	1)
v(862	1	15	17	30	3)
v(862	2	10	19	20	3)
v(862	3	9	121	18	3)
v(862	4	28	134	56	3)
v(863	1	20	108	40	1)
v(863	2	6	82	12	1)
v(864	1	17	95	34	1)
v(864	2	19	144	38	1)
v(865	1	18	133	36	2)
v(865	2	11	57	22	2)
v(865	3	15	91	30	2)
v(866	1	15	68	30	3)
v(866	2	3	84	6	3)
v(866	3	5	44	10	3)
v(866	4	26	120	52	3)
v(867	1	22	133	44	1)
v(867	2	23	123	46	2)
v(867	3	17	159	34	1)
v(868	1	13	136	26	4)
v(868	2	22	40	44	4)
v(868	3	23	33	46	4)
v(868	4	19	156	38	4)
v(868	5	10	167	20	4)
v(869	1	15	86	30	1)
v(869	2	14	82	28	1)
v(870	1	22	158	44	0)
v(871	1	1	11	2	0)
v(872	1	14	20	28	2)
v(872	2	30	124	60	2)
v(872	3	3	81	6	2)
v(873	1	31	70	62	3)
v(873	2	3	159	6	3)
v(873	3	25	73	50	3)
v(873	4	6	94	12	3)
v(874	1	30	101	60	0)
v(875	1	12	71	24	0)
v(876	1	30	130	60	2)
v(876	2	28	168	56	3)
v(876	3	1	48	2	2)
v(876	4	21	142	42	3)
v(877	1	3	87	6	0)
v(878	1	19	79	38	4)
v(878	2	3	45	6	3)
v(878	3	20	68	40	3)
v(878	4	17	169	34	4)
v(878	5	23	179	46	4)
v(879	1	16	148	32	1)
v(879	2	29	169	58	1)
v(880	1	6	20	12	4)
v(880	2	17	169	34	4)
v(880	3	3	99	6	4)
v(880	4	1	59	2	4)
v(880	5	22	47	44	4)
v(881	1	5	54	10	1)
v(881	2	3	47	6	1)
v(882	1	5	69	10	1)
v(882	2	12	14	24	1)
v(883	1	32	191	64	0)
v(884	1	20	86	40	0)
v(885	1	16	122	32	4)
v(885	2	23	108	46	4)
v(885	3	18	81	36	4)
v(885	4	7	58	14	4)
v(885	5	2	68	4	4)
v(886	1	26	122	52	1)
v(886	2	30	135	60	1)
v(887	1	11	79	22	3)
v(887	2	32	144	64	2)
v(887	3	10	164	20	4)
v(887	4	8	166	16	3)
v(887	5	9	79	18	4)
v(888	1	28	100	56	2)
v(888	2	11	72	22	2)
v(888	3	20	89	40	2)
v(889	1	3	122	6	3)
v(889	2	27	127	54	3)
v(889	3	17	74	34	3)
v(889	4	10	48	20	3)
v(890	1	27	111	54	2)
v(890	2	31	124	62	2)
v(890	3	15	151	30	2)
v(891	1	20	38	40	2)
v(891	2	26	44	52	2)
v(891	3	13	117	26	2)
v(892	1	25	35	50	1)
v(892	2	11	145	22	1)
v(893	1	23	105	46	1)
v(893	2	7	100	14	1)
v(894	1	5	27	10	2)
v(894	2	31	83	62	3)
v(894	3	4	119	8	2)
v(894	4	15	128	30	3)
v(895	1	13	28	26	1)
v(895	2	19	53	38	1)
v(896	1	32	96	64	0)
v(897	1	2	21	4	3)
v(897	2	24	142	48	3)
v(897	3	24	172	48	3)
v(897	4	12	53	24	3)
v(898	1	25	112	50	2)
v(898	2	13	117	26	2)
v(898	3	2	92	4	2)
v(899	1	30	73	60	2)
v(899	2	16	37	32	2)
v(899	3	18	49	36	2)
v(900	1	31	155	62	2)
v(900	2	13	126	26	2)
v(900	3	2	18	4	2)
v(901	1	2	82	4	3)
v(901	2	28	158	56	3)
v(901	3	24	165	48	2)
v(901	4	3	23	6	2)
v(902	1	28	164	56	2)
v(902	2	28	43	56	2)
v(902	3	31	152	62	2)
v(903	1	21	28	42	1)
v(903	2	19	75	38	1)
v(904	1	14	173	28	2)
v(904	2	5	14	10	2)
v(904	3	12	13	24	2)
v(905	1	13	66	26	0)
v(906	1	2	97	4	1)
v(906	2	23	136	46	1)
v(907	1	26	36	52	2)
v(907	2	30	94	60	2)
v(907	3	27	142	54	2)
v(908	1	1	46	2	1)
v(908	2	5	101	10	2)
v(908	3	23	81	46	1)
v(909	1	16	104	32	2)
v(909	2	13	160	26	2)
v(909	3	2	32	4	2)
v(910	1	30	84	60	3)
v(910	2	10	18	20	3)
v(910	3	10	97	20	3)
v(910	4	14	162	28	3)
v(911	1	31	147	62	3)
v(911	2	28	95	56	3)
v(911	3	10	76	20	2)
v(911	4	3	148	6	2)
v(912	1	17	82	34	2)
v(912	2	12	103	24	2)
v(912	3	22	114	44	2)
v(913	1	18	63	36	1)
v(913	2	4	11	8	1)
v(914	1	9	15	18	2)
v(914	2	20	162	40	2)
v(914	3	18	129	36	2)
v(915	1	25	32	50	0)
v(916	1	10	125	20	1)
v(916	2	8	16	16	1)
v(917	1	31	111	62	4)
v(917	2	20	96	40	4)
v(917	3	2	20	4	4)
v(917	4	6	10	12	4)
v(917	5	16	106	32	4)
v(918	1	15	140	30	2)
v(918	2	22	167	44	2)
v(918	3	17	93	34	2)
v(919	1	17	82	34	1)
v(919	2	6	165	12	1)
v(920	1	22	96	44	2)
v(920	2	1	12	2	1)
v(920	3	11	131	22	2)
v(920	4	32	152	64	3)
v(921	1	13	95	26	4)
v(921	2	28	97	56	3)
v(921	3	9	129	18	4)
v(921	4	17	142	34	4)
v(921	5	27	108	54	3)
v(922	1	8	131	16	3)
v(922	2	11	13	22	4)
v(922	3	6	53	12	3)
v(922	4	32	160	64	4)
v(922	5	17	101	34	4)
v(923	1	30	177	60	4)
v(923	2	32	102	64	4)
v(923	3	1	26	2	4)
v(923	4	17	144	34	4)
v(923	5	6	34	12	4)
v(924	1	19	171	38	3)
v(924	2	29	83	58	2)
v(924	3	21	30	42	2)
v(924	4	4	31	8	3)
v(925	1	10	147	20	1)
v(925	2	15	172	30	1)
v(926	1	11	59	22	4)
v(926	2	1	5	2	3)
v(926	3	10	53	20	4)
v(926	4	30	120	60	4)
v(926	5	21	50	42	3)
v(927	1	8	75	16	3)
v(927	2	29	124	58	3)
v(927	3	1	104	2	3)
v(927	4	3	100	6	3)
v(928	1	32	47	64	3)
v(928	2	16	96	32	3)
v(928	3	2	39	4	3)
v(928	4	14	97	28	3)
v(929	1	10	80	20	0)
v(930	1	22	171	44	1)
v(930	2	20	27	40	1)
v(931	1	7	167	14	1)
v(931	2	1	157	2	2)
v(931	3	30	32	60	1)
v(932	1	27	165	54	1)
v(932	2	20	156	40	1)
v(933	1	15	85	30	0)
v(934	1	26	154	52	3)
v(934	2	23	122	46	3)
v(934	3	28	147	56	3)
v(934	4	16	126	32	3)
v(935	1	13	35	26	4)
v(935	2	22	84	44	3)
v(935	3	1	158	2	3)
v(935	4	4	58	8	4)
v(935	5	3	6	6	4)
v(936	1	21	72	42	3)
v(936	2	27	90	54	3)
v(936	3	28	181	56	4)
v(936	4	3	130	6	4)
v(936	5	16	155	32	4)
v(937	1	9	77	18	4)
v(937	2	8	80	16	4)
v(937	3	23	141	46	4)
v(937	4	29	77	58	4)
v(937	5	11	151	22	4)
v(938	1	29	179	58	1)
v(938	2	22	53	44	1)
v(939	1	30	79	60	0)
v(939	2	31	158	62	0)
v(940	1	28	96	56	2)
v(940	2	18	64	36	2)
v(940	3	6	58	12	2)
v(941	1	31	79	62	1)
v(941	2	22	179	44	1)
v(942	1	20	49	40	1)
v(942	2	22	166	44	1)
v(942	3	30	133	60	2)
v(943	1	4	21	8	3)
v(943	2	21	72	42	3)
v(943	3	24	87	48	3)
v(943	4	14	45	28	3)
v(944	1	4	52	8	1)
v(944	2	21	133	42	1)
v(945	1	23	71	46	3)
v(945	2	14	75	28	3)
v(945	3	10	95	20	3)
v(945	4	23	144	46	3)
v(946	1	5	81	10	4)
v(946	2	19	124	38	4)
v(946	3	31	101	62	4)
v(946	4	30	160	60	4)
v(946	5	3	43	6	4)
v(947	1	12	171	24	3)
v(947	2	25	61	50	3)
v(947	3	11	17	22	3)
v(947	4	9	85	18	3)
v(948	1	11	94	22	2)
v(948	2	25	57	50	2)
v(948	3	19	52	38	2)
v(949	1	6	140	12	2)
v(949	2	24	100	48	2)
v(949	3	21	79	42	2)
v(950	1	11	39	22	1)
v(950	2	27	60	54	2)
v(950	3	8	12	16	1)
v(951	1	25	74	50	3)
v(951	2	6	18	12	3)
v(951	3	16	158	32	4)
v(951	4	30	39	60	4)
v(951	5	16	139	32	4)
v(952	1	22	56	44	4)
v(952	2	19	59	38	4)
v(952	3	10	158	20	4)
v(952	4	5	164	10	4)
v(952	5	30	78	60	4)
v(953	1	14	115	28	2)
v(953	2	7	163	14	2)
v(953	3	3	26	6	2)
v(954	1	8	122	16	3)
v(954	2	11	114	22	3)
v(954	3	11	25	22	3)
v(954	4	12	135	24	3)
v(955	1	8	123	16	0)
v(955	2	11	36	22	0)
v(956	1	23	90	46	3)
v(956	2	13	50	26	2)
v(956	3	7	121	14	2)
v(956	4	31	107	62	3)
v(957	1	25	174	50	1)
v(957	2	6	118	12	1)
v(958	1	3	4	6	2)
v(958	2	30	161	60	2)
v(958	3	5	22	10	2)
v(959	1	26	120	52	0)
v(960	1	15	80	30	0)
v(961	1	5	32	10	0)
v(962	1	3	85	6	2)
v(962	2	17	41	34	2)
v(962	3	7	12	14	2)
v(963	1	8	120	16	3)
v(963	2	25	163	50	3)
v(963	3	29	150	58	3)
v(963	4	6	154	12	3)
v(964	1	32	180	64	2)
v(964	2	28	183	56	2)
v(964	3	14	156	28	2)
v(965	1	7	158	14	3)
v(965	2	19	164	38	3)
v(965	3	24	86	48	3)
v(965	4	14	99	28	3)
v(966	1	30	125	60	0)
v(967	1	11	87	22	3)
v(967	2	10	34	20	3)
v(967	3	9	134	18	3)
v(967	4	1	78	2	3)
v(968	1	1	39	2	2)
v(968	2	23	72	46	3)
v(968	3	13	145	26	3)
v(968	4	2	8	4	2)
v(969	1	8	163	16	1)
v(969	2	13	153	26	1)
v(970	1	29	121	58	1)
v(970	2	27	82	54	1)
v(971	1	22	31	44	1)
v(971	2	23	78	46	1)
v(972	1	16	148	32	4)
v(972	2	14	48	28	3)
v(972	3	5	128	10	4)
v(972	4	26	95	52	4)
v(972	5	7	113	14	3)
v(973	1	15	148	30	4)
v(973	2	8	34	16	4)
v(973	3	32	105	64	4)
v(973	4	2	11	4	4)
v(973	5	21	83	42	4)
v(974	1	16	83	32	3)
v(974	2	2	15	4	2)
v(974	3	16	43	32	3)
v(974	4	30	148	60	2)
v(975	1	21	61	42	2)
v(975	2	24	76	48	2)
v(975	3	8	72	16	2)
v(976	1	21	47	42	1)
v(976	2	13	57	26	2)
v(976	3	1	108	2	2)
v(976	4	26	65	52	3)
v(977	1	14	34	28	2)
v(977	2	14	157	28	2)
v(977	3	25	118	50	2)
v(978	1	16	176	32	1)
v(978	2	15	20	30	1)
v(978	3	12	90	24	2)
v(979	1	16	33	32	0)
v(980	1	23	38	46	0)
v(981	1	8	97	16	4)
v(981	2	5	86	10	4)
v(981	3	12	108	24	4)
v(981	4	31	119	62	4)
v(981	5	6	45	12	4)
v(982	1	13	136	26	0)
v(983	1	8	119	16	0)
v(984	1	4	18	8	0)
v(985	1	28	51	56	4)
v(985	2	25	122	50	4)
v(985	3	8	25	16	4)
v(985	4	22	112	44	4)
v(985	5	32	191	64	4)
v(986	1	22	67	44	4)
v(986	2	23	62	46	4)
v(986	3	32	182	64	4)
v(986	4	3	92	6	4)
v(986	5	19	131	38	4)
v(987	1	31	119	62	0)
v(988	1	19	137	38	1)
v(988	2	9	126	18	1)
v(989	1	12	23	24	2)
v(989	2	10	122	20	2)
v(989	3	13	146	26	3)
v(989	4	19	162	38	3)
v(990	1	11	167	22	4)
v(990	2	10	116	20	4)
v(990	3	3	124	6	4)
v(990	4	29	41	58	3)
v(990	5	10	162	20	3)
v(991	1	14	100	28	1)
v(991	2	24	106	48	1)
v(992	1	22	79	44	1)
v(992	2	3	52	6	1)
v(993	1	29	57	58	2)
v(993	2	17	108	34	2)
v(993	3	32	141	64	2)
v(994	1	30	107	60	2)
v(994	2	12	18	24	2)
v(994	3	18	20	36	2)
v(994	4	7	86	14	2)
v(995	1	7	137	14	0)
v(996	1	9	110	18	1)
v(996	2	26	81	52	1)
v(997	1	2	16	4	3)
v(997	2	13	35	26	3)
v(997	3	18	21	36	3)
v(997	4	3	15	6	3)
v(998	1	12	124	24	4)
v(998	2	27	152	54	4)
v(998	3	22	97	44	4)
v(998	4	1	6	2	4)
v(998	5	26	76	52	4)
v(999	1	11	80	22	1)
v(999	2	27	67	54	1)
v(1000	1	8	87	16	4)
v(1000	2	16	132	32	4)
v(1000	3	16	111	32	4)
v(1000	4	21	173	42	4)
v(1000	5	13	14	26	4)
v(1001	1	2	66	4	3)
v(1001	2	22	124	44	3)
v(1001	3	20	96	40	3)
v(1001	4	4	117	8	3)
v(1002	1	12	124	24	3)
v(1002	2	30	187	60	3)
v(1002	3	27	165	54	3)
v(1002	4	10	82	20	3)
v(1003	1	16	82	32	2)
v(1003	2	11	46	22	2)
v(1003	3	22	31	44	2)
v(1004	1	26	47	52	4)
v(1004	2	29	149	58	4)
v(1004	3	9	162	18	4)
v(1004	4	2	89	4	4)
v(1004	5	10	118	20	4)
v(1005	1	19	82	38	2)
v(1005	2	5	159	10	2)
v(1005	3	3	130	6	2)
v(1006	1	21	176	42	2)
v(1006	2	2	121	4	2)
v(1006	3	18	47	36	2)
v(1007	1	23	162	46	0)
v(1008	1	32	84	64	0)
v(1009	1	9	144	18	1)
v(1009	2	21	167	42	1)
v(1010	1	17	150	34	1)
v(1010	2	24	44	48	1)
v(1011	1	16	48	32	4)
v(1011	2	18	140	36	4)
v(1011	3	3	145	6	4)
v(1011	4	12	86	24	4)
v(1011	5	23	137	46	4)
v(1012	1	8	144	16	3)
v(1012	2	24	106	48	3)
v(1012	3	25	139	50	3)
v(1012	4	17	147	34	3)
v(1013	1	7	91	14	4)
v(1013	2	15	46	30	4)
v(1013	3	13	132	26	4)
v(1013	4	18	63	36	3)
v(1013	5	5	106	10	3)
v(1014	1	22	176	44	1)
v(1014	2	27	38	54	1)
v(1015	1	18	32	36	3)
v(1015	2	12	166	24	3)
v(1015	3	20	127	40	4)
v(1015	4	16	67	32	4)
v(1015	5	1	161	2	2)
v(1016	1	19	75	38	1)
v(1016	2	4	159	8	2)
v(1016	3	13	72	26	1)
v(1017	1	14	126	28	0)
v(1017	2	5	165	10	0)
v(1018	1	17	47	34	4)
v(1018	2	17	51	34	4)
v(1018	3	6	158	12	4)
v(1018	4	12	73	24	4)
v(1018	5	14	96	28	4)
v(1019	1	14	173	28	4)
v(1019	2	6	149	12	4)
v(1019	3	32	163	64	4)
v(1019	4	16	137	32	4)
v(1019	5	20	51	40	4)
v(1020	1	12	79	24	4)
v(1020	2	32	147	64	4)
v(1020	3	13	111	26	4)
v(1020	4	26	150	52	4)
v(1020	5	10	154	20	4)
v(1021	1	11	66	22	1)
v(1021	2	23	163	46	1)
v(1022	1	10	125	20	4)
v(1022	2	11	26	22	4)
v(1022	3	14	92	28	4)
v(1022	4	25	158	50	4)
v(1022	5	16	37	32	4)
v(1023	1	22	166	44	4)
v(1023	2	31	166	62	4)
v(1023	3	31	55	62	4)
v(1023	4	29	129	58	4)
v(1023	5	24	80	48	4)
v(1024	1	9	94	18	2)
v(1024	2	4	110	8	2)
v(1024	3	11	107	22	2)
v(1025	1	2	38	4	2)
v(1025	2	4	105	8	2)
v(1025	3	16	57	32	2)
v(1026	1	8	84	16	3)
v(1026	2	16	125	32	2)
v(1026	3	22	82	44	3)
v(1026	4	24	85	48	2)
v(1027	1	8	41	16	3)
v(1027	2	25	176	50	3)
v(1027	3	22	131	44	3)
v(1027	4	28	54	56	3)
v(1028	1	28	124	56	1)
v(1028	2	13	76	26	1)
v(1029	1	17	36	34	0)
v(1030	1	6	123	12	0)
v(1031	1	15	30	30	3)
v(1031	2	4	19	8	3)
v(1031	3	23	175	46	3)
v(1031	4	20	54	40	3)
v(1032	1	5	56	10	1)
v(1032	2	4	20	8	1)
v(1033	1	13	132	26	3)
v(1033	2	15	158	30	3)
v(1033	3	10	47	20	3)
v(1033	4	22	165	44	3)
v(1034	1	14	35	28	2)
v(1034	2	9	137	18	2)
v(1034	3	13	90	26	2)
v(1035	1	30	129	60	0)
v(1036	1	17	35	34	4)
v(1036	2	18	55	36	4)
v(1036	3	23	176	46	4)
v(1036	4	7	9	14	4)
v(1036	5	6	10	12	4)
v(1037	1	25	99	50	0)
v(1038	1	17	177	34	4)
v(1038	2	19	146	38	4)
v(1038	3	30	124	60	4)
v(1038	4	7	43	14	4)
v(1038	5	22	28	44	4)
v(1039	1	24	106	48	3)
v(1039	2	20	30	40	3)
v(1039	3	22	24	44	3)
v(1039	4	15	138	30	3)
v(1040	1	27	50	54	2)
v(1040	2	4	164	8	3)
v(1040	3	7	24	14	2)
v(1040	4	19	112	38	3)
v(1041	1	3	111	6	3)
v(1041	2	2	139	4	3)
v(1041	3	29	141	58	3)
v(1041	4	30	39	60	3)
v(1042	1	21	101	42	3)
v(1042	2	32	83	64	3)
v(1042	3	16	50	32	3)
v(1042	4	1	140	2	3)
v(1043	1	25	172	50	0)
v(1043	2	23	181	46	0)
v(1044	1	28	60	56	0)
v(1045	1	32	160	64	2)
v(1045	2	7	39	14	2)
v(1045	3	32	70	64	2)
v(1046	1	27	138	54	4)
v(1046	2	30	189	60	3)
v(1046	3	15	80	30	4)
v(1046	4	23	76	46	4)
v(1046	5	30	135	60	3)
v(1047	1	12	38	24	2)
v(1047	2	12	85	24	3)
v(1047	3	26	145	52	2)
v(1047	4	30	60	60	3)
v(1048	1	30	147	60	2)
v(1048	2	23	141	46	2)
v(1048	3	18	80	36	2)
v(1049	1	18	112	36	0)
v(1050	1	22	157	44	3)
v(1050	2	18	64	36	3)
v(1050	3	3	156	6	3)
v(1050	4	21	118	42	3)
v(1051	1	2	4	4	2)
v(1051	2	18	58	36	2)
v(1051	3	15	26	30	2)
v(1052	1	1	105	2	0)
v(1053	1	5	82	10	3)
v(1053	2	16	84	32	4)
v(1053	3	29	59	58	3)
v(1053	4	29	40	58	4)
v(1053	5	20	144	40	4)
v(1054	1	23	101	46	2)
v(1054	2	11	101	22	3)
v(1054	3	1	133	2	3)
v(1054	4	21	87	42	2)
v(1055	1	25	109	50	1)
v(1055	2	31	185	62	1)
v(1056	1	25	128	50	4)
v(1056	2	29	95	58	4)
v(1056	3	31	140	62	4)
v(1056	4	13	75	26	4)
v(1056	5	27	34	54	4)
v(1057	1	20	54	40	0)
v(1058	1	27	160	54	3)
v(1058	2	15	118	30	3)
v(1058	3	30	65	60	4)
v(1058	4	26	102	52	4)
v(1058	5	9	155	18	4)
v(1059	1	2	103	4	1)
v(1059	2	9	38	18	1)
v(1060	1	1	111	2	3)
v(1060	2	32	107	64	3)
v(1060	3	19	74	38	3)
v(1060	4	32	61	64	3)
v(1061	1	22	68	44	3)
v(1061	2	7	64	14	3)
v(1061	3	25	183	50	3)
v(1061	4	26	125	52	3)
v(1062	1	1	5	2	2)
v(1062	2	25	126	50	2)
v(1062	3	7	15	14	2)
v(1063	1	10	137	20	3)
v(1063	2	31	69	62	3)
v(1063	3	7	136	14	3)
v(1063	4	6	89	12	3)
v(1064	1	18	148	36	4)
v(1064	2	7	46	14	4)
v(1064	3	8	130	16	4)
v(1064	4	9	104	18	4)
v(1064	5	12	152	24	4)
v(1065	1	17	38	34	4)
v(1065	2	13	139	26	4)
v(1065	3	24	153	48	4)
v(1065	4	8	66	16	4)
v(1065	5	12	75	24	4)
v(1066	1	28	41	56	3)
v(1066	2	32	120	64	3)
v(1066	3	15	39	30	2)
v(1066	4	20	179	40	2)
v(1067	1	6	48	12	1)
v(1067	2	24	100	48	1)
v(1068	1	2	58	4	1)
v(1068	2	10	145	20	1)
v(1069	1	26	50	52	0)
v(1070	1	19	32	38	3)
v(1070	2	21	155	42	3)
v(1070	3	30	50	60	3)
v(1070	4	29	108	58	3)
v(1071	1	12	41	24	2)
v(1071	2	22	102	44	2)
v(1071	3	29	125	58	2)
v(1072	1	3	29	6	3)
v(1072	2	4	82	8	3)
v(1072	3	15	126	30	3)
v(1072	4	25	156	50	3)
v(1073	1	23	159	46	3)
v(1073	2	27	53	54	3)
v(1073	3	20	55	40	3)
v(1073	4	10	82	20	3)
v(1074	1	4	70	8	1)
v(1074	2	28	173	56	1)
v(1075	1	8	159	16	4)
v(1075	2	2	116	4	4)
v(1075	3	5	10	10	4)
v(1075	4	32	152	64	3)
v(1075	5	22	138	44	3)
v(1076	1	19	142	38	4)
v(1076	2	18	153	36	3)
v(1076	3	22	56	44	4)
v(1076	4	25	120	50	3)
v(1076	5	30	112	60	4)
v(1077	1	3	108	6	3)
v(1077	2	24	171	48	3)
v(1077	3	1	136	2	3)
v(1077	4	30	110	60	3)
v(1078	1	15	60	30	3)
v(1078	2	5	128	10	3)
v(1078	3	10	45	20	3)
v(1078	4	3	99	6	3)
v(1079	1	10	12	20	3)
v(1079	2	16	155	32	3)
v(1079	3	8	114	16	3)
v(1079	4	7	21	14	3)
v(1080	1	22	64	44	2)
v(1080	2	1	114	2	1)
v(1080	3	10	50	20	1)
v(1081	1	10	98	20	1)
v(1081	2	11	28	22	1)
v(1082	1	12	34	24	0)
v(1083	1	7	108	14	1)
v(1083	2	14	84	28	1)
v(1084	1	29	168	58	3)
v(1084	2	25	144	50	2)
v(1084	3	5	48	10	4)
v(1084	4	20	34	40	3)
v(1084	5	24	58	48	4)
v(1085	1	23	47	46	0)
v(1086	1	8	94	16	4)
v(1086	2	25	35	50	4)
v(1086	3	16	22	32	4)
v(1086	4	2	17	4	4)
v(1086	5	32	128	64	4)
v(1087	1	26	173	52	2)
v(1087	2	11	129	22	2)
v(1087	3	10	25	20	2)
v(1088	1	28	133	56	0)
v(1089	1	3	112	6	4)
v(1089	2	22	177	44	4)
v(1089	3	26	94	52	4)
v(1089	4	12	159	24	3)
v(1089	5	18	94	36	3)
v(1090	1	17	72	34	0)
v(1091	1	7	166	14	3)
v(1091	2	9	167	18	3)
v(1091	3	3	22	6	3)
v(1091	4	5	103	10	3)
v(1092	1	7	42	14	3)
v(1092	2	3	153	6	3)
v(1092	3	6	143	12	3)
v(1092	4	28	136	56	3)
v(1093	1	28	138	56	0)
v(1094	1	24	175	48	4)
v(1094	2	28	35	56	4)
v(1094	3	29	132	58	4)
v(1094	4	8	132	16	4)
v(1094	5	14	42	28	4)
v(1095	1	7	128	14	0)
v(1096	1	12	86	24	1)
v(1096	2	27	104	54	1)
v(1097	1	27	101	54	3)
v(1097	2	7	94	14	3)
v(1097	3	17	125	34	3)
v(1097	4	9	38	18	3)
v(1098	1	20	133	40	4)
v(1098	2	23	24	46	4)
v(1098	3	26	96	52	4)
v(1098	4	17	142	34	4)
v(1098	5	28	165	56	4)
v(1099	1	14	154	28	1)
v(1099	2	4	58	8	1)
v(1100	1	19	83	38	0)
