e(1	1	2	160)
e(1	1	3	160)
e(1	2	3	130)
e(2	1	2	70)
e(3	1	2	140)
e(3	1	3	20)
e(3	2	3	70)
e(3	2	4	160)
e(3	3	4	130)
e(4	1	2	80)
e(8	1	2	160)
e(8	1	3	20)
e(8	2	3	110)
e(8	1	4	80)
e(8	2	4	30)
e(8	3	4	60)
e(8	1	5	150)
e(8	2	5	60)
e(8	3	5	10)
e(8	4	5	60)
e(9	1	3	40)
e(9	2	3	150)
e(9	1	4	100)
e(9	2	4	30)
e(9	3	4	10)
e(9	1	5	150)
e(9	2	5	100)
e(9	4	5	40)
e(10	1	2	130)
e(10	1	3	20)
e(10	2	3	120)
e(10	1	4	40)
e(10	2	4	120)
e(10	3	4	110)
e(11	1	2	40)
e(11	1	3	50)
e(11	2	3	120)
e(11	1	4	120)
e(11	2	4	70)
e(11	3	4	50)
e(11	1	5	140)
e(11	2	5	30)
e(11	3	5	80)
e(13	1	2	70)
e(14	1	2	100)
e(14	1	3	70)
e(14	1	4	120)
e(14	2	4	160)
e(14	3	4	70)
e(14	1	5	60)
e(14	2	5	60)
e(14	3	5	100)
e(14	4	5	20)
e(15	1	2	50)
e(15	1	3	30)
e(15	2	3	20)
e(15	1	4	160)
e(15	2	4	90)
e(15	3	4	100)
e(17	1	3	100)
e(17	2	3	20)
e(17	2	4	150)
e(18	1	2	110)
e(19	1	2	70)
e(19	1	3	70)
e(19	2	3	20)
e(19	1	4	160)
e(19	2	4	30)
e(19	3	4	100)
e(19	1	5	110)
e(19	2	5	50)
e(19	3	5	30)
e(19	4	5	70)
e(20	1	2	150)
e(20	1	3	100)
e(20	2	3	140)
e(20	1	4	70)
e(20	2	4	160)
e(20	3	4	70)
e(20	1	5	140)
e(20	2	5	40)
e(20	3	5	10)
e(20	4	5	30)
e(22	1	3	20)
e(22	2	3	90)
e(22	1	4	110)
e(22	2	4	150)
e(22	3	4	110)
e(23	1	2	120)
e(24	1	2	60)
e(24	1	3	30)
e(24	2	3	80)
e(24	1	4	40)
e(24	2	4	120)
e(24	1	5	20)
e(24	2	5	20)
e(24	3	5	20)
e(24	4	5	130)
e(25	1	2	160)
e(25	1	3	50)
e(25	2	3	110)
e(25	1	4	60)
e(25	2	4	120)
e(25	3	4	100)
e(27	1	2	40)
e(27	1	3	120)
e(27	2	3	110)
e(28	1	2	140)
e(28	1	3	30)
e(28	2	3	120)
e(29	1	2	30)
e(29	1	3	90)
e(29	2	3	50)
e(29	1	4	80)
e(29	2	4	60)
e(29	3	4	160)
e(30	1	2	140)
e(30	1	3	140)
e(30	2	3	50)
e(30	1	4	10)
e(30	2	4	30)
e(30	3	4	140)
e(30	1	5	130)
e(30	2	5	160)
e(30	3	5	120)
e(30	4	5	50)
e(32	1	2	150)
e(32	1	3	50)
e(32	2	3	100)
e(32	1	4	110)
e(32	2	4	70)
e(32	3	4	140)
e(33	1	2	90)
e(33	1	3	60)
e(33	2	3	70)
e(33	1	4	20)
e(33	2	4	90)
e(33	3	4	20)
e(33	1	5	50)
e(33	2	5	90)
e(33	3	5	150)
e(33	4	5	100)
e(34	1	2	120)
e(34	1	3	10)
e(34	2	3	140)
e(35	1	2	160)
e(35	1	3	110)
e(35	2	3	10)
e(35	1	4	140)
e(35	2	4	20)
e(35	3	4	10)
e(35	2	5	40)
e(35	3	5	140)
e(35	4	5	30)
e(37	1	2	90)
e(37	1	3	140)
e(37	2	3	30)
e(37	1	4	70)
e(37	3	4	30)
e(37	1	5	60)
e(37	2	5	100)
e(37	3	5	110)
e(37	4	5	30)
e(38	1	2	10)
e(39	1	2	110)
e(39	1	3	50)
e(39	2	3	30)
e(40	1	2	130)
e(41	1	2	150)
e(41	1	3	40)
e(41	2	3	10)
e(41	1	4	60)
e(41	2	4	80)
e(41	3	4	30)
e(41	1	5	120)
e(41	2	5	100)
e(41	3	5	90)
e(41	4	5	10)
e(42	1	2	120)
e(42	1	3	70)
e(42	2	3	160)
e(44	1	2	30)
e(44	1	3	80)
e(44	2	3	80)
e(44	1	4	160)
e(44	2	4	80)
e(44	3	4	150)
e(44	1	5	60)
e(44	2	5	90)
e(44	3	5	130)
e(44	4	5	60)
e(46	1	2	60)
e(46	1	3	40)
e(46	2	3	10)
e(46	1	4	30)
e(46	2	4	150)
e(46	3	4	90)
e(47	1	2	110)
e(47	1	3	70)
e(47	2	3	90)
e(48	1	2	140)
e(49	1	2	50)
e(49	1	3	160)
e(49	2	3	10)
e(49	1	4	110)
e(49	2	4	40)
e(49	3	4	60)
e(49	1	5	100)
e(49	2	5	30)
e(49	3	5	50)
e(50	1	2	100)
e(50	1	3	110)
e(50	2	3	40)
e(50	1	4	130)
e(50	2	4	120)
e(50	3	4	100)
e(50	1	5	70)
e(50	2	5	60)
e(50	3	5	90)
e(50	4	5	100)
e(51	1	2	130)
e(51	1	3	100)
e(51	2	3	40)
e(51	1	4	150)
e(51	2	4	150)
e(51	3	4	30)
e(52	1	2	120)
e(52	1	3	80)
e(52	2	3	140)
e(52	1	4	120)
e(52	2	4	60)
e(52	3	4	30)
e(52	1	5	100)
e(52	2	5	70)
e(52	3	5	140)
e(52	4	5	120)
e(53	1	2	130)
e(53	1	3	100)
e(53	2	3	50)
e(56	1	2	80)
e(56	1	3	40)
e(56	2	3	20)
e(56	1	4	160)
e(56	2	4	160)
e(56	3	4	80)
e(56	1	5	30)
e(56	2	5	130)
e(56	3	5	10)
e(56	4	5	140)
e(57	1	2	60)
e(58	1	2	10)
e(59	1	2	140)
e(60	1	2	100)
e(60	1	3	60)
e(60	2	3	50)
e(60	1	4	100)
e(60	2	4	160)
e(60	3	4	120)
e(61	1	2	150)
e(62	1	2	90)
e(62	1	3	10)
e(62	2	3	70)
e(62	1	4	20)
e(62	2	4	120)
e(63	1	2	20)
e(63	2	3	70)
e(64	1	3	60)
e(64	2	3	90)
e(64	1	4	90)
e(64	2	4	110)
e(64	3	4	80)
e(64	1	5	160)
e(64	2	5	40)
e(64	3	5	30)
e(64	4	5	30)
e(65	1	2	90)
e(65	1	3	160)
e(65	2	3	10)
e(66	1	2	40)
e(66	1	3	100)
e(66	2	3	80)
e(66	1	4	160)
e(66	2	4	140)
e(66	3	4	90)
e(66	1	5	130)
e(66	2	5	20)
e(66	3	5	140)
e(66	4	5	60)
e(67	1	2	160)
e(69	1	2	160)
e(69	1	3	100)
e(69	2	3	20)
e(70	1	2	90)
e(71	1	2	130)
e(72	1	2	130)
e(72	1	3	120)
e(72	2	3	10)
e(72	2	4	40)
e(72	3	4	30)
e(74	1	2	100)
e(74	1	3	100)
e(74	2	3	130)
e(75	1	2	80)
e(75	1	3	100)
e(75	2	3	120)
e(75	1	4	50)
e(75	2	4	110)
e(75	3	4	40)
e(75	1	5	40)
e(75	2	5	10)
e(75	3	5	60)
e(75	4	5	10)
e(76	1	2	130)
e(76	1	3	120)
e(76	2	3	20)
e(76	1	4	90)
e(76	2	4	10)
e(76	3	4	80)
e(77	1	2	150)
e(77	1	3	30)
e(77	2	3	130)
e(78	1	2	10)
e(78	1	3	110)
e(78	2	3	160)
e(80	1	2	100)
e(80	1	3	30)
e(80	1	4	130)
e(80	2	4	160)
e(80	3	4	70)
e(82	1	2	90)
e(82	1	3	110)
e(82	2	3	30)
e(82	2	4	90)
e(82	3	4	20)
e(82	1	5	90)
e(82	2	5	130)
e(82	3	5	50)
e(82	4	5	10)
e(84	1	3	150)
e(84	2	3	70)
e(84	1	4	160)
e(84	2	4	10)
e(84	3	4	160)
e(86	1	2	30)
e(87	1	2	100)
e(88	1	2	30)
e(90	1	2	40)
e(90	1	3	80)
e(90	2	3	160)
e(90	1	4	20)
e(90	2	4	130)
e(90	3	4	20)
e(91	1	2	110)
e(93	1	2	110)
e(93	1	3	40)
e(93	2	3	160)
e(93	1	4	10)
e(93	2	4	110)
e(93	3	4	160)
e(93	1	5	90)
e(93	2	5	100)
e(93	3	5	140)
e(93	4	5	120)
e(94	1	2	100)
e(94	1	3	10)
e(94	2	3	90)
e(95	1	2	80)
e(95	1	3	30)
e(95	2	3	10)
e(95	1	4	50)
e(95	2	4	140)
e(95	3	4	10)
e(95	2	5	100)
e(95	3	5	150)
e(95	4	5	90)
e(97	1	2	50)
e(101	1	2	160)
e(101	1	3	70)
e(101	2	3	60)
e(101	1	4	110)
e(101	2	4	30)
e(101	3	4	120)
e(102	1	2	160)
e(103	1	2	20)
e(103	1	3	20)
e(103	2	3	50)
e(103	1	4	140)
e(103	2	4	40)
e(103	3	4	70)
e(104	1	2	100)
e(104	1	3	110)
e(104	2	3	140)
e(105	1	2	130)
e(106	1	2	40)
e(106	1	3	10)
e(106	2	3	100)
e(108	1	2	80)
e(108	1	3	90)
e(108	2	3	160)
e(108	1	4	20)
e(108	2	4	130)
e(108	3	4	60)
e(109	1	2	30)
e(109	1	3	130)
e(109	2	3	130)
e(110	1	3	100)
e(110	2	3	160)
e(111	1	2	130)
e(111	1	3	150)
e(111	2	3	60)
e(111	1	4	80)
e(111	2	4	110)
e(111	3	4	150)
e(111	1	5	90)
e(111	2	5	160)
e(111	3	5	150)
e(111	4	5	70)
e(113	1	2	60)
e(113	1	3	110)
e(113	2	3	30)
e(113	1	4	30)
e(113	2	4	110)
e(113	3	4	80)
e(113	2	5	100)
e(113	3	5	100)
e(113	4	5	30)
e(114	1	2	90)
e(114	1	3	60)
e(114	2	3	120)
e(114	1	4	80)
e(114	2	4	120)
e(114	3	4	80)
e(115	1	3	80)
e(115	2	3	30)
e(115	1	4	40)
e(115	2	4	60)
e(115	3	4	10)
e(115	1	5	150)
e(115	2	5	60)
e(115	3	5	40)
e(115	4	5	20)
e(117	1	2	50)
e(118	1	2	140)
e(118	1	3	90)
e(118	2	3	110)
e(119	1	2	80)
e(119	1	3	120)
e(119	2	3	130)
e(119	1	4	20)
e(119	2	4	160)
e(119	3	4	60)
e(119	1	5	10)
e(119	2	5	110)
e(119	3	5	150)
e(119	4	5	100)
e(120	1	2	20)
e(120	1	3	50)
e(120	2	3	20)
e(121	1	3	70)
e(121	2	3	150)
e(121	1	4	10)
e(121	2	4	160)
e(121	3	4	90)
e(121	1	5	50)
e(121	2	5	110)
e(121	3	5	160)
e(121	4	5	150)
e(123	1	2	120)
e(123	1	3	30)
e(123	2	3	100)
e(123	1	4	80)
e(123	2	4	30)
e(124	1	2	100)
e(125	1	2	110)
e(125	1	3	130)
e(125	2	3	90)
e(125	1	4	60)
e(125	2	4	70)
e(125	3	4	90)
e(126	1	2	140)
e(126	1	3	10)
e(126	2	3	90)
e(126	1	4	40)
e(126	2	4	40)
e(126	3	4	160)
e(126	1	5	100)
e(126	2	5	10)
e(126	3	5	100)
e(126	4	5	60)
e(128	1	2	130)
e(128	1	3	30)
e(128	2	3	70)
e(128	1	4	150)
e(128	2	4	100)
e(128	3	4	20)
e(129	1	2	130)
e(129	1	3	10)
e(129	2	3	140)
e(129	1	4	90)
e(129	2	4	150)
e(129	3	4	40)
e(130	1	2	20)
e(130	1	3	40)
e(130	2	3	30)
e(130	2	4	150)
e(130	3	4	30)
e(130	1	5	60)
e(130	2	5	70)
e(130	3	5	60)
e(130	4	5	80)
e(131	1	2	110)
e(131	1	3	80)
e(131	2	3	70)
e(131	1	4	60)
e(131	2	4	70)
e(131	3	4	90)
e(131	1	5	30)
e(131	2	5	30)
e(131	3	5	130)
e(131	4	5	150)
e(132	1	2	90)
e(132	1	3	30)
e(132	1	4	20)
e(132	2	4	70)
e(132	3	4	90)
e(132	1	5	40)
e(132	2	5	80)
e(132	3	5	120)
e(132	4	5	110)
e(133	1	2	150)
e(133	1	3	80)
e(133	2	3	70)
e(133	1	4	130)
e(133	2	4	120)
e(133	3	4	120)
e(133	1	5	150)
e(133	2	5	20)
e(133	3	5	160)
e(133	4	5	100)
e(134	1	2	110)
e(134	1	3	20)
e(134	2	3	140)
e(135	1	2	100)
e(135	1	3	120)
e(135	2	3	10)
e(135	1	4	90)
e(135	2	4	160)
e(135	3	4	40)
e(135	1	5	100)
e(135	2	5	40)
e(135	3	5	40)
e(135	4	5	60)
e(136	1	2	100)
e(136	1	3	90)
e(136	2	3	90)
e(136	1	4	60)
e(136	2	4	50)
e(136	1	5	130)
e(136	2	5	30)
e(136	3	5	110)
e(136	4	5	130)
e(137	1	2	30)
e(137	1	3	80)
e(137	2	3	60)
e(138	1	2	10)
e(138	1	3	10)
e(138	2	3	50)
e(138	1	4	110)
e(138	2	4	120)
e(138	3	4	130)
e(138	1	5	100)
e(138	2	5	80)
e(138	4	5	10)
e(139	1	3	90)
e(139	2	3	160)
e(139	1	4	100)
e(139	2	4	160)
e(139	3	4	150)
e(139	1	5	140)
e(139	3	5	80)
e(139	4	5	160)
e(140	1	2	80)
e(140	1	3	140)
e(140	2	3	60)
e(140	2	4	120)
e(140	3	4	130)
e(140	1	5	130)
e(140	2	5	150)
e(140	3	5	80)
e(140	4	5	160)
e(142	1	2	70)
e(142	1	3	130)
e(142	2	3	60)
e(142	1	4	130)
e(142	2	4	90)
e(142	3	4	150)
e(143	1	2	110)
e(143	1	3	160)
e(143	2	3	50)
e(145	1	2	80)
e(145	1	3	40)
e(145	2	3	130)
e(145	1	4	130)
e(145	2	4	90)
e(145	3	4	110)
e(145	1	5	130)
e(145	2	5	20)
e(145	3	5	80)
e(146	1	2	100)
e(148	1	2	120)
e(148	1	3	50)
e(148	2	3	160)
e(148	2	4	90)
e(148	3	4	120)
e(148	1	5	70)
e(148	2	5	100)
e(148	3	5	130)
e(148	4	5	110)
e(150	1	2	140)
e(150	1	3	90)
e(150	2	3	80)
e(151	1	2	70)
e(151	2	3	100)
e(152	1	2	160)
e(152	1	3	80)
e(152	2	3	160)
e(152	1	4	20)
e(152	2	4	10)
e(152	3	4	90)
e(154	1	2	70)
e(154	1	3	20)
e(154	2	3	10)
e(154	1	4	110)
e(154	2	4	140)
e(154	3	4	130)
e(159	1	2	90)
e(159	1	3	60)
e(159	2	3	50)
e(159	1	4	70)
e(159	2	4	20)
e(159	3	4	80)
e(159	1	5	50)
e(159	2	5	130)
e(159	3	5	150)
e(159	4	5	150)
e(160	1	3	30)
e(160	2	3	90)
e(160	1	4	160)
e(160	2	4	160)
e(160	3	4	70)
e(160	1	5	130)
e(160	2	5	160)
e(160	3	5	140)
e(160	4	5	110)
e(161	2	3	140)
e(161	2	4	140)
e(161	3	4	30)
e(161	1	5	100)
e(161	2	5	120)
e(161	3	5	120)
e(161	4	5	60)
e(163	1	3	150)
e(163	2	3	30)
e(163	1	4	80)
e(163	3	4	130)
e(164	1	2	130)
e(164	1	3	80)
e(164	2	3	70)
e(164	1	4	130)
e(164	2	4	110)
e(164	3	4	20)
e(164	1	5	50)
e(164	2	5	50)
e(164	3	5	70)
e(164	4	5	60)
e(166	1	2	70)
e(166	1	3	20)
e(166	2	3	100)
e(166	1	4	100)
e(166	2	4	110)
e(166	3	4	90)
e(168	1	2	130)
e(168	1	3	30)
e(168	2	3	150)
e(168	1	4	80)
e(168	3	4	60)
e(169	1	3	130)
e(169	1	4	130)
e(169	2	4	80)
e(169	3	4	100)
e(170	1	2	90)
e(170	1	3	100)
e(170	2	3	150)
e(170	1	4	100)
e(170	2	4	80)
e(170	3	4	60)
e(170	1	5	100)
e(170	2	5	130)
e(170	3	5	100)
e(170	4	5	80)
e(171	1	2	40)
e(171	1	3	120)
e(171	2	3	30)
e(171	1	4	130)
e(171	2	4	20)
e(171	3	4	60)
e(171	1	5	30)
e(171	2	5	50)
e(171	3	5	110)
e(171	4	5	30)
e(172	1	2	110)
e(172	1	3	80)
e(172	2	3	30)
e(172	2	4	160)
e(172	3	4	90)
e(172	1	5	80)
e(172	2	5	70)
e(173	1	2	50)
e(173	1	3	40)
e(173	2	3	100)
e(174	1	2	50)
e(176	1	2	10)
e(176	1	3	90)
e(176	2	3	50)
e(177	1	2	60)
e(177	1	3	10)
e(177	2	3	10)
e(177	1	4	150)
e(177	3	4	70)
e(177	1	5	50)
e(177	2	5	80)
e(177	3	5	60)
e(177	4	5	120)
e(178	1	2	150)
e(178	1	3	100)
e(178	2	3	120)
e(178	1	4	140)
e(178	2	4	40)
e(178	3	4	70)
e(179	1	2	10)
e(179	1	3	130)
e(179	2	3	80)
e(180	1	2	50)
e(181	1	2	140)
e(183	1	2	130)
e(183	1	3	140)
e(183	2	3	140)
e(183	1	4	60)
e(183	2	4	40)
e(183	3	4	50)
e(183	1	5	110)
e(183	3	5	150)
e(183	4	5	10)
e(186	1	2	40)
e(186	1	3	10)
e(186	2	3	30)
e(187	1	2	150)
e(187	1	3	150)
e(187	1	4	10)
e(187	2	4	150)
e(187	3	4	110)
e(188	1	2	160)
e(188	1	3	30)
e(188	2	3	30)
e(189	1	2	150)
e(189	1	3	160)
e(189	2	3	60)
e(189	1	4	20)
e(189	2	4	80)
e(189	3	4	120)
e(189	1	5	50)
e(189	2	5	20)
e(189	3	5	160)
e(189	4	5	100)
e(190	1	2	120)
e(191	1	2	140)
e(191	1	3	50)
e(191	2	3	120)
e(193	1	2	100)
e(193	1	3	20)
e(193	2	3	160)
e(193	1	4	50)
e(193	2	4	110)
e(193	3	4	90)
e(194	1	2	40)
e(194	1	3	60)
e(194	2	3	140)
e(194	2	4	140)
e(195	1	2	140)
e(195	1	3	120)
e(195	2	3	120)
e(195	1	4	160)
e(195	2	4	160)
e(195	3	4	40)
e(196	1	2	20)
e(196	1	3	40)
e(196	2	3	30)
e(196	1	4	90)
e(196	2	4	80)
e(196	3	4	150)
e(196	1	5	100)
e(196	2	5	50)
e(196	3	5	30)
e(196	4	5	40)
e(197	1	2	50)
e(198	1	2	100)
e(198	1	3	90)
e(198	2	3	90)
e(198	1	4	110)
e(198	2	4	70)
e(198	3	4	60)
e(200	1	2	100)
e(200	1	3	90)
e(200	2	3	90)
e(200	1	4	110)
e(200	2	4	40)
e(200	3	4	70)
e(200	1	5	40)
e(200	2	5	90)
e(200	3	5	120)
e(200	4	5	70)
e(201	1	2	160)
e(201	2	3	80)
e(201	1	4	60)
e(201	2	4	10)
e(201	3	4	10)
e(203	1	2	150)
e(204	1	2	110)
e(204	1	3	70)
e(204	2	3	60)
e(204	1	4	90)
e(204	2	4	140)
e(204	3	4	50)
e(204	1	5	40)
e(204	2	5	140)
e(204	3	5	150)
e(204	4	5	90)
e(205	1	2	50)
e(205	1	3	90)
e(205	2	3	110)
e(205	1	4	140)
e(205	2	4	40)
e(206	1	2	120)
e(206	1	3	20)
e(206	2	3	110)
e(207	1	2	120)
e(207	1	3	100)
e(207	1	4	30)
e(207	2	4	110)
e(207	3	4	90)
e(208	1	2	160)
e(208	1	3	50)
e(208	2	3	10)
e(208	1	4	40)
e(208	2	4	10)
e(208	3	4	110)
e(208	1	5	120)
e(208	2	5	140)
e(208	4	5	50)
e(209	1	2	40)
e(209	1	3	10)
e(209	2	3	150)
e(209	1	4	80)
e(209	2	4	120)
e(209	3	4	80)
e(209	1	5	10)
e(209	2	5	150)
e(209	3	5	140)
e(209	4	5	120)
e(210	1	2	10)
e(210	1	3	30)
e(210	2	3	90)
e(210	1	4	120)
e(210	2	4	20)
e(211	1	2	20)
e(214	1	2	120)
e(214	1	3	90)
e(214	2	3	70)
e(214	1	4	20)
e(214	2	4	50)
e(214	3	4	80)
e(215	1	2	100)
e(215	2	3	160)
e(216	1	2	40)
e(216	1	3	100)
e(216	2	3	50)
e(216	1	4	160)
e(216	2	4	50)
e(216	3	4	100)
e(219	1	3	100)
e(219	2	3	40)
e(220	1	2	20)
e(220	1	3	100)
e(220	2	3	100)
e(221	1	2	110)
e(221	2	3	110)
e(222	1	2	130)
e(222	1	3	150)
e(222	2	3	60)
e(223	1	2	70)
e(223	1	3	70)
e(223	2	3	40)
e(224	1	2	30)
e(224	1	3	70)
e(224	2	3	150)
e(224	1	4	60)
e(224	2	4	40)
e(224	1	5	30)
e(224	2	5	30)
e(224	3	5	70)
e(224	4	5	130)
e(225	1	2	40)
e(225	1	3	50)
e(225	2	3	10)
e(225	1	4	50)
e(225	2	4	100)
e(225	3	4	10)
e(225	1	5	100)
e(225	2	5	70)
e(225	3	5	110)
e(225	4	5	160)
e(226	1	2	140)
e(226	1	3	70)
e(226	2	3	100)
e(226	1	4	100)
e(226	2	4	160)
e(226	3	4	30)
e(226	1	5	80)
e(226	2	5	80)
e(226	3	5	100)
e(226	4	5	20)
e(228	1	2	80)
e(229	1	2	130)
e(229	1	3	150)
e(229	2	3	30)
e(231	1	2	10)
e(231	1	3	160)
e(231	2	3	60)
e(231	1	4	110)
e(231	2	4	120)
e(231	3	4	120)
e(231	1	5	130)
e(231	2	5	70)
e(231	3	5	70)
e(231	4	5	130)
e(232	1	2	10)
e(232	1	3	80)
e(232	2	3	110)
e(232	1	4	90)
e(232	2	4	40)
e(232	3	4	100)
e(232	1	5	110)
e(232	2	5	10)
e(232	4	5	80)
e(233	1	2	50)
e(233	1	3	80)
e(233	2	3	150)
e(233	1	4	40)
e(233	2	4	100)
e(233	3	4	160)
e(233	1	5	90)
e(233	2	5	150)
e(233	3	5	150)
e(233	4	5	140)
e(234	1	2	20)
e(235	1	2	90)
e(235	1	3	130)
e(235	2	3	40)
e(235	1	4	90)
e(235	2	4	150)
e(235	3	4	10)
e(235	1	5	150)
e(235	2	5	90)
e(235	3	5	140)
e(235	4	5	120)
e(236	1	2	10)
e(236	1	3	80)
e(236	2	3	20)
e(236	2	4	40)
e(236	3	4	80)
e(238	1	2	60)
e(238	1	3	130)
e(238	2	3	160)
e(238	1	4	160)
e(238	3	4	30)
e(239	1	2	40)
e(240	1	3	80)
e(240	2	3	90)
e(240	1	4	60)
e(240	2	4	110)
e(240	3	4	160)
e(240	1	5	110)
e(240	2	5	120)
e(240	3	5	160)
e(240	4	5	30)
e(241	1	2	20)
e(241	1	3	120)
e(241	2	3	40)
e(241	1	4	40)
e(241	2	4	150)
e(241	3	4	120)
e(242	1	2	10)
e(242	1	3	120)
e(242	2	3	30)
e(242	1	4	120)
e(242	2	4	150)
e(242	3	4	160)
e(244	1	2	120)
e(245	1	2	70)
e(245	1	3	130)
e(245	2	3	70)
e(245	1	4	90)
e(245	2	4	80)
e(246	1	2	110)
e(246	1	3	40)
e(246	2	3	160)
e(246	1	4	120)
e(246	2	4	90)
e(246	3	4	80)
e(246	1	5	140)
e(246	2	5	100)
e(246	4	5	150)
e(248	1	2	60)
e(248	1	3	50)
e(248	2	3	120)
e(249	1	2	70)
e(249	1	3	10)
e(249	2	3	120)
e(249	1	4	100)
e(249	2	4	110)
e(249	3	4	150)
e(249	1	5	100)
e(249	3	5	140)
e(249	4	5	150)
e(250	1	2	130)
e(250	1	3	70)
e(250	2	3	100)
e(252	1	2	140)
e(253	1	2	100)
e(253	1	3	20)
e(253	2	3	60)
e(254	1	2	20)
e(256	1	2	40)
e(256	1	3	40)
e(256	2	3	80)
e(256	1	4	50)
e(256	2	4	40)
e(256	3	4	20)
e(257	1	2	160)
e(257	1	3	30)
e(257	2	3	160)
e(257	1	4	70)
e(257	2	4	20)
e(257	3	4	120)
e(257	1	5	60)
e(257	2	5	110)
e(257	3	5	90)
e(257	4	5	130)
e(258	1	2	20)
e(258	1	3	140)
e(258	2	3	160)
e(258	1	4	50)
e(258	2	4	50)
e(258	3	4	120)
e(258	1	5	110)
e(258	2	5	160)
e(258	3	5	90)
e(258	4	5	70)
e(260	1	2	10)
e(260	1	3	90)
e(260	1	4	110)
e(260	2	4	110)
e(260	3	4	100)
e(260	1	5	70)
e(260	2	5	50)
e(260	3	5	30)
e(260	4	5	10)
e(263	1	2	160)
e(263	1	3	150)
e(263	2	3	150)
e(264	1	2	110)
e(265	1	2	150)
e(265	1	3	120)
e(265	2	3	160)
e(265	1	4	40)
e(265	2	4	20)
e(265	3	4	80)
e(266	1	2	120)
e(267	1	2	150)
e(267	1	3	20)
e(267	2	3	70)
e(267	1	4	30)
e(267	2	4	10)
e(267	3	4	120)
e(267	1	5	130)
e(267	2	5	30)
e(267	3	5	20)
e(267	4	5	60)
e(268	1	2	120)
e(269	1	2	10)
e(269	1	3	150)
e(269	2	3	80)
e(270	1	2	30)
e(271	1	2	10)
e(271	1	3	90)
e(271	2	3	160)
e(271	1	4	140)
e(271	2	4	110)
e(271	3	4	140)
e(272	1	2	70)
e(272	1	3	30)
e(272	2	3	80)
e(273	1	2	120)
e(273	1	3	10)
e(273	2	3	120)
e(273	1	4	100)
e(273	2	4	120)
e(273	3	4	100)
e(273	1	5	30)
e(273	2	5	110)
e(273	3	5	110)
e(273	4	5	40)
e(274	1	2	90)
e(276	1	2	40)
e(276	1	3	60)
e(276	2	3	150)
e(276	1	4	90)
e(276	2	4	70)
e(276	3	4	130)
e(276	1	5	10)
e(276	2	5	50)
e(276	3	5	90)
e(276	4	5	40)
e(277	1	2	140)
e(277	1	3	140)
e(277	2	3	20)
e(277	1	4	70)
e(277	2	4	60)
e(277	3	4	110)
e(277	1	5	150)
e(277	2	5	10)
e(277	3	5	70)
e(277	4	5	150)
e(278	1	2	160)
e(278	1	3	140)
e(278	2	3	90)
e(278	1	4	100)
e(278	2	4	40)
e(278	3	4	10)
e(279	1	2	40)
e(279	1	3	150)
e(279	2	3	140)
e(280	1	2	40)
e(280	1	3	30)
e(280	2	3	20)
e(280	1	4	120)
e(280	2	4	120)
e(280	3	4	100)
e(281	1	2	110)
e(281	1	3	150)
e(281	2	3	30)
e(281	1	4	10)
e(281	2	4	100)
e(281	3	4	120)
e(282	1	2	80)
e(282	1	3	80)
e(282	2	3	70)
e(282	1	4	40)
e(282	2	4	110)
e(282	3	4	50)
e(284	1	2	80)
e(286	1	2	10)
e(286	2	3	140)
e(286	1	4	30)
e(286	2	4	20)
e(286	3	4	20)
e(287	1	2	10)
e(287	1	3	30)
e(287	2	3	80)
e(287	1	4	40)
e(287	2	4	100)
e(288	1	2	20)
e(288	1	3	20)
e(288	2	3	10)
e(289	1	2	110)
e(289	1	3	50)
e(289	2	3	60)
e(289	1	4	100)
e(289	2	4	130)
e(289	3	4	60)
e(289	1	5	30)
e(289	2	5	60)
e(289	3	5	120)
e(289	4	5	30)
e(290	1	2	70)
e(290	1	3	70)
e(290	2	3	10)
e(290	2	4	150)
e(290	3	4	20)
e(291	1	2	80)
e(291	1	3	160)
e(291	2	3	150)
e(292	1	2	10)
e(292	1	3	40)
e(292	2	3	130)
e(293	1	2	60)
e(293	1	3	50)
e(293	2	3	20)
e(294	1	2	40)
e(294	1	3	160)
e(294	2	3	130)
e(294	1	4	130)
e(294	2	4	120)
e(294	3	4	100)
e(294	1	5	70)
e(294	2	5	80)
e(294	3	5	120)
e(295	1	2	60)
e(296	1	2	20)
e(296	1	3	60)
e(296	2	3	30)
e(296	1	4	140)
e(296	2	4	90)
e(296	3	4	90)
e(298	1	2	120)
e(298	1	3	130)
e(300	1	2	30)
e(300	1	3	40)
e(300	2	3	130)
e(300	1	4	20)
e(300	2	4	70)
e(300	3	4	100)
e(302	1	2	20)
e(302	1	3	40)
e(302	2	3	90)
e(302	1	4	10)
e(302	2	4	10)
e(302	3	4	70)
e(302	1	5	130)
e(302	2	5	40)
e(302	3	5	40)
e(302	4	5	90)
e(303	1	2	140)
e(303	1	3	130)
e(303	2	3	10)
e(303	1	4	50)
e(303	2	4	30)
e(303	3	4	130)
e(303	1	5	10)
e(303	2	5	80)
e(303	3	5	110)
e(303	4	5	40)
e(304	1	2	120)
e(304	1	3	140)
e(304	2	3	90)
e(306	1	2	10)
e(306	1	3	100)
e(306	2	3	60)
e(308	1	2	100)
e(308	1	3	30)
e(308	2	3	110)
e(309	1	2	140)
e(310	1	2	20)
e(311	1	2	50)
e(311	1	3	90)
e(311	2	3	30)
e(311	1	4	30)
e(311	2	4	90)
e(311	3	4	110)
e(312	1	2	90)
e(312	1	3	40)
e(312	1	4	140)
e(312	2	4	130)
e(312	3	4	90)
e(312	1	5	80)
e(312	2	5	40)
e(312	3	5	70)
e(312	4	5	130)
e(314	1	2	70)
e(314	1	3	120)
e(314	2	3	80)
e(314	1	4	100)
e(314	3	4	80)
e(315	1	2	130)
e(315	1	3	140)
e(315	2	3	140)
e(319	1	2	120)
e(319	1	3	100)
e(319	2	3	100)
e(319	1	4	110)
e(319	2	4	100)
e(319	3	4	110)
e(321	1	2	130)
e(321	1	3	90)
e(321	2	3	140)
e(322	1	2	40)
e(322	1	3	160)
e(323	1	2	50)
e(323	2	3	130)
e(323	1	4	20)
e(323	2	4	90)
e(323	3	4	150)
e(323	1	5	140)
e(323	2	5	90)
e(323	3	5	60)
e(323	4	5	150)
e(326	1	2	160)
e(326	1	3	40)
e(326	1	4	150)
e(326	2	4	60)
e(326	3	4	50)
e(328	1	2	30)
e(328	1	3	100)
e(328	2	3	20)
e(329	1	2	20)
e(329	1	3	120)
e(329	2	3	40)
e(330	1	2	70)
e(330	1	3	110)
e(330	2	3	30)
e(330	1	4	70)
e(330	2	4	120)
e(330	3	4	30)
e(330	1	5	130)
e(330	2	5	110)
e(330	4	5	20)
e(331	1	2	70)
e(331	1	3	100)
e(331	2	3	140)
e(331	1	4	10)
e(331	2	4	80)
e(331	3	4	80)
e(333	1	2	130)
e(333	1	3	160)
e(333	2	3	160)
e(334	1	2	70)
e(334	1	3	140)
e(334	2	3	150)
e(334	1	4	130)
e(334	2	4	100)
e(334	3	4	60)
e(335	1	3	120)
e(335	2	3	10)
e(339	1	2	130)
e(339	1	3	110)
e(339	2	3	150)
e(339	1	4	80)
e(339	2	4	120)
e(339	3	4	80)
e(339	1	5	100)
e(339	2	5	140)
e(339	4	5	20)
e(340	1	2	150)
e(340	1	3	60)
e(340	1	4	90)
e(340	2	4	70)
e(340	3	4	90)
e(341	1	2	50)
e(341	1	3	110)
e(341	2	3	100)
e(341	1	4	20)
e(341	2	4	130)
e(341	3	4	80)
e(342	1	2	20)
e(342	1	3	30)
e(342	2	3	60)
e(342	1	4	60)
e(342	2	4	140)
e(342	3	4	130)
e(342	1	5	130)
e(342	2	5	160)
e(342	3	5	100)
e(342	4	5	70)
e(343	1	2	120)
e(343	1	3	60)
e(343	2	3	50)
e(344	1	2	80)
e(344	1	3	80)
e(344	2	3	160)
e(344	1	4	70)
e(344	2	4	90)
e(344	3	4	120)
e(345	1	2	150)
e(346	1	2	140)
e(346	1	3	140)
e(346	2	3	10)
e(346	2	4	60)
e(346	3	4	130)
e(347	1	2	70)
e(347	1	3	150)
e(347	2	3	80)
e(347	1	4	140)
e(347	2	4	10)
e(347	3	4	120)
e(348	1	2	150)
e(348	1	3	20)
e(348	2	3	90)
e(349	1	2	100)
e(349	1	3	10)
e(349	2	3	150)
e(350	1	2	10)
e(350	1	3	20)
e(350	2	3	30)
e(350	1	4	160)
e(350	2	4	10)
e(350	3	4	50)
e(351	1	2	10)
e(351	1	3	40)
e(351	2	3	160)
e(352	1	2	20)
e(352	1	3	60)
e(352	2	3	110)
e(352	1	4	80)
e(352	2	4	20)
e(352	3	4	90)
e(352	1	5	140)
e(352	2	5	150)
e(352	3	5	30)
e(352	4	5	120)
e(353	1	2	20)
e(353	1	3	70)
e(353	2	3	60)
e(353	1	4	30)
e(353	2	4	50)
e(353	3	4	140)
e(353	2	5	150)
e(353	4	5	30)
e(355	1	2	50)
e(355	1	3	160)
e(355	2	3	90)
e(355	1	4	30)
e(355	2	4	20)
e(355	3	4	40)
e(356	1	2	130)
e(357	1	2	150)
e(357	1	3	30)
e(357	2	3	120)
e(357	1	4	50)
e(357	2	4	80)
e(357	3	4	100)
e(358	1	2	50)
e(358	1	3	120)
e(358	2	3	30)
e(359	1	2	110)
e(360	1	2	10)
e(360	1	3	70)
e(360	2	3	80)
e(360	1	4	10)
e(360	2	4	70)
e(360	3	4	130)
e(361	1	2	80)
e(361	1	3	90)
e(361	2	3	150)
e(361	1	4	150)
e(361	2	4	100)
e(361	3	4	110)
e(361	1	5	160)
e(361	2	5	70)
e(361	3	5	20)
e(361	4	5	60)
e(363	1	2	90)
e(363	1	3	160)
e(363	2	3	80)
e(363	1	4	90)
e(363	2	4	120)
e(363	3	4	130)
e(363	1	5	20)
e(363	2	5	110)
e(363	3	5	70)
e(363	4	5	130)
e(365	1	2	100)
e(367	1	2	110)
e(367	1	3	90)
e(367	2	3	50)
e(368	1	2	80)
e(369	1	2	70)
e(370	1	2	140)
e(370	1	3	110)
e(370	1	4	80)
e(370	2	4	30)
e(370	3	4	20)
e(371	1	2	20)
e(371	1	3	30)
e(371	2	3	60)
e(372	1	2	150)
e(372	1	3	50)
e(372	2	3	150)
e(372	1	4	120)
e(372	2	4	40)
e(372	3	4	110)
e(373	1	2	10)
e(373	1	3	150)
e(373	2	3	20)
e(373	1	4	150)
e(373	2	4	110)
e(373	3	4	30)
e(373	1	5	20)
e(373	2	5	30)
e(373	3	5	100)
e(373	4	5	70)
e(374	1	2	150)
e(374	1	3	120)
e(374	2	3	90)
e(374	1	4	90)
e(374	2	4	70)
e(374	3	4	80)
e(374	1	5	40)
e(374	2	5	110)
e(374	3	5	50)
e(374	4	5	60)
e(376	1	2	150)
e(377	1	2	80)
e(378	1	3	140)
e(378	2	3	120)
e(379	1	2	50)
e(380	1	2	10)
e(380	1	3	50)
e(380	2	3	30)
e(381	1	2	50)
e(381	1	3	10)
e(381	2	3	100)
e(381	1	4	10)
e(381	2	4	20)
e(381	3	4	10)
e(381	1	5	70)
e(381	2	5	90)
e(381	3	5	70)
e(381	4	5	30)
e(385	1	2	140)
e(386	1	2	100)
e(386	1	3	120)
e(386	2	3	90)
e(386	1	4	20)
e(386	2	4	140)
e(386	1	5	100)
e(386	2	5	50)
e(386	3	5	90)
e(386	4	5	60)
e(389	1	2	70)
e(390	1	2	140)
e(390	1	3	130)
e(390	2	3	150)
e(390	1	4	60)
e(390	2	4	130)
e(390	3	4	10)
e(391	1	3	140)
e(391	2	3	120)
e(391	1	4	20)
e(391	2	4	130)
e(391	3	4	30)
e(391	1	5	110)
e(391	2	5	110)
e(391	3	5	60)
e(391	4	5	80)
e(392	1	2	80)
e(392	1	3	150)
e(392	2	3	90)
e(392	1	4	60)
e(392	2	4	150)
e(392	3	4	50)
e(392	1	5	140)
e(392	2	5	150)
e(392	3	5	30)
e(392	4	5	90)
e(393	1	2	80)
e(393	1	3	90)
e(393	2	3	160)
e(394	1	2	50)
e(395	1	2	140)
e(395	1	3	50)
e(395	2	3	40)
e(395	1	4	40)
e(395	2	4	60)
e(395	3	4	20)
e(395	1	5	140)
e(395	2	5	50)
e(395	3	5	60)
e(395	4	5	130)
e(396	1	2	160)
e(396	1	3	50)
e(397	1	2	110)
e(397	1	3	130)
e(397	2	3	60)
e(397	1	4	60)
e(397	2	4	40)
e(397	3	4	140)
e(398	1	2	100)
e(399	1	2	140)
e(399	1	3	30)
e(399	2	3	30)
e(399	1	4	120)
e(399	2	4	30)
e(400	1	2	70)
e(401	1	2	30)
e(401	1	3	140)
e(401	2	3	100)
e(401	1	4	80)
e(401	2	4	70)
e(401	3	4	120)
e(401	1	5	10)
e(401	2	5	30)
e(401	3	5	160)
e(401	4	5	40)
e(402	1	2	100)
e(402	1	3	80)
e(402	2	3	130)
e(402	1	4	30)
e(402	2	4	80)
e(402	3	4	80)
e(402	1	5	20)
e(402	2	5	30)
e(402	3	5	20)
e(402	4	5	160)
e(404	1	2	140)
e(406	1	2	140)
e(406	1	3	20)
e(406	2	3	100)
e(406	2	4	150)
e(406	3	4	30)
e(407	1	2	30)
e(408	1	2	110)
e(408	2	3	160)
e(408	1	4	50)
e(408	2	4	50)
e(408	3	4	150)
e(408	1	5	30)
e(408	2	5	60)
e(408	4	5	10)
e(409	1	2	110)
e(409	1	3	160)
e(409	2	3	20)
e(411	1	2	90)
e(411	1	3	80)
e(411	2	3	50)
e(412	1	2	160)
e(412	1	3	140)
e(412	2	3	90)
e(412	2	4	160)
e(412	3	4	140)
e(413	1	2	110)
e(413	1	3	110)
e(413	2	3	20)
e(413	1	4	50)
e(413	2	4	160)
e(413	1	5	150)
e(413	2	5	120)
e(413	3	5	70)
e(413	4	5	140)
e(415	1	2	30)
e(416	1	2	160)
e(416	1	3	110)
e(416	2	3	60)
e(417	1	2	20)
e(417	1	3	70)
e(417	2	3	100)
e(417	1	4	60)
e(417	2	4	40)
e(417	3	4	40)
e(417	1	5	10)
e(417	2	5	150)
e(417	3	5	100)
e(417	4	5	10)
e(418	1	3	60)
e(418	2	3	20)
e(418	1	4	120)
e(418	2	4	10)
e(418	3	4	80)
e(419	1	2	150)
e(420	1	3	80)
e(420	2	3	60)
e(421	1	3	60)
e(421	2	3	30)
e(421	1	4	110)
e(421	2	4	60)
e(421	3	4	160)
e(422	1	2	60)
e(422	1	3	70)
e(422	2	3	160)
e(422	1	4	150)
e(422	2	4	110)
e(422	3	4	130)
e(425	1	2	60)
e(426	1	3	10)
e(426	2	3	80)
e(426	1	4	20)
e(426	2	4	40)
e(426	3	4	160)
e(426	1	5	110)
e(426	2	5	110)
e(426	3	5	20)
e(426	4	5	100)
e(427	1	2	70)
e(427	1	3	140)
e(427	2	3	160)
e(428	1	2	60)
e(428	1	3	60)
e(428	2	3	10)
e(430	1	2	110)
e(430	1	3	100)
e(430	2	3	90)
e(431	1	2	70)
e(431	1	3	90)
e(431	2	3	60)
e(431	1	4	10)
e(431	2	4	20)
e(431	3	4	10)
e(431	1	5	90)
e(431	2	5	160)
e(431	3	5	40)
e(431	4	5	160)
e(432	1	3	70)
e(432	2	3	80)
e(433	1	2	20)
e(433	1	3	10)
e(433	2	3	130)
e(434	1	2	70)
e(434	1	3	120)
e(434	2	3	120)
e(435	1	2	40)
e(436	1	2	150)
e(436	1	3	20)
e(436	2	3	40)
e(437	1	2	10)
e(438	1	2	20)
e(439	1	2	70)
e(439	1	3	80)
e(439	2	3	20)
e(439	1	4	150)
e(439	2	4	10)
e(439	3	4	60)
e(440	1	2	70)
e(441	1	2	110)
e(442	1	2	130)
e(442	1	3	130)
e(442	2	3	30)
e(443	1	2	120)
e(446	1	2	40)
e(446	1	3	100)
e(446	2	3	80)
e(446	1	4	40)
e(446	3	4	50)
e(446	1	5	30)
e(446	2	5	160)
e(446	3	5	160)
e(446	4	5	150)
e(448	1	2	160)
e(448	1	3	60)
e(448	2	3	160)
e(449	1	2	90)
e(449	1	3	80)
e(449	2	3	10)
e(449	2	4	160)
e(449	3	4	20)
e(450	1	2	150)
e(450	1	3	80)
e(450	2	3	150)
e(450	1	4	120)
e(450	2	4	40)
e(450	3	4	60)
e(450	1	5	110)
e(450	2	5	30)
e(450	3	5	60)
e(450	4	5	150)
e(452	1	2	90)
e(452	1	3	130)
e(452	2	3	150)
e(453	1	3	130)
e(453	2	3	110)
e(453	1	4	60)
e(453	2	4	30)
e(453	3	4	110)
e(454	1	2	40)
e(454	1	3	20)
e(454	2	3	70)
e(454	1	4	150)
e(454	2	4	60)
e(454	3	4	140)
e(455	1	2	50)
e(455	1	3	40)
e(455	2	3	140)
e(455	1	4	140)
e(455	2	4	60)
e(455	3	4	20)
e(457	1	2	50)
e(457	1	3	110)
e(457	2	3	100)
e(457	1	4	30)
e(457	2	4	10)
e(457	3	4	110)
e(457	1	5	80)
e(457	3	5	70)
e(457	4	5	140)
e(458	1	2	40)
e(458	1	3	130)
e(458	2	3	90)
e(458	1	4	160)
e(458	2	4	30)
e(458	3	4	30)
e(458	1	5	80)
e(458	2	5	160)
e(458	3	5	90)
e(458	4	5	160)
e(459	1	2	140)
e(459	2	3	140)
e(459	1	4	130)
e(459	2	4	140)
e(459	3	4	70)
e(459	1	5	80)
e(459	2	5	30)
e(459	3	5	80)
e(459	4	5	40)
e(460	1	2	100)
e(460	1	3	160)
e(460	2	3	80)
e(460	1	4	90)
e(460	2	4	10)
e(460	3	4	90)
e(460	1	5	150)
e(460	2	5	20)
e(460	3	5	100)
e(460	4	5	130)
e(461	1	2	100)
e(461	1	3	100)
e(461	1	4	130)
e(461	2	4	40)
e(461	3	4	30)
e(462	1	2	140)
e(462	1	3	50)
e(462	2	3	90)
e(462	1	4	160)
e(462	2	4	40)
e(462	3	4	110)
e(463	1	2	150)
e(463	1	3	130)
e(463	2	3	80)
e(464	1	2	90)
e(464	1	3	130)
e(464	2	3	10)
e(465	1	2	10)
e(465	1	3	110)
e(465	2	3	10)
e(466	1	2	140)
e(466	1	3	120)
e(466	2	3	160)
e(467	1	2	50)
e(467	1	3	10)
e(467	1	4	40)
e(467	2	4	20)
e(467	3	4	100)
e(468	1	2	110)
e(469	1	2	60)
e(470	1	2	140)
e(470	1	3	30)
e(470	2	3	60)
e(470	1	4	70)
e(470	2	4	90)
e(470	3	4	60)
e(472	1	2	110)
e(472	1	3	90)
e(472	2	3	80)
e(473	1	2	30)
e(473	1	3	80)
e(473	2	3	40)
e(474	1	2	100)
e(474	1	3	90)
e(474	2	3	80)
e(475	1	2	140)
e(475	1	3	40)
e(475	2	3	150)
e(477	1	2	30)
e(479	1	2	20)
e(479	1	3	130)
e(479	2	3	50)
e(481	1	2	40)
e(481	1	3	80)
e(481	2	3	120)
e(483	1	2	140)
e(484	1	2	140)
e(484	1	3	100)
e(484	2	3	60)
e(484	1	4	80)
e(484	2	4	110)
e(484	3	4	150)
e(484	1	5	50)
e(484	2	5	150)
e(484	3	5	150)
e(484	4	5	140)
e(485	1	2	60)
e(485	1	3	80)
e(485	2	3	160)
e(485	1	4	150)
e(485	2	4	30)
e(485	3	4	130)
e(485	1	5	90)
e(485	2	5	20)
e(485	3	5	70)
e(486	1	2	30)
e(486	1	3	30)
e(486	2	3	140)
e(487	1	2	70)
e(490	1	2	80)
e(491	1	2	120)
e(491	1	3	60)
e(491	2	3	90)
e(491	2	4	20)
e(491	3	4	150)
e(492	1	2	60)
e(492	1	3	10)
e(492	2	3	90)
e(493	1	2	100)
e(494	1	2	20)
e(494	1	3	120)
e(494	2	3	80)
e(494	1	4	110)
e(494	2	4	120)
e(494	3	4	160)
e(497	1	2	100)
e(497	1	3	70)
e(497	2	3	40)
e(500	1	2	40)
e(500	1	3	30)
e(500	2	3	100)
e(500	2	4	50)
e(500	3	4	80)
e(501	1	2	30)
e(501	1	3	40)
e(501	2	3	150)
e(501	1	4	130)
e(501	2	4	70)
e(501	3	4	70)
e(501	1	5	120)
e(501	2	5	50)
e(501	3	5	80)
e(501	4	5	120)
e(503	1	2	110)
e(503	1	3	30)
e(503	2	3	40)
e(504	1	2	60)
e(504	1	3	110)
e(504	2	3	20)
e(504	1	4	160)
e(504	2	4	30)
e(504	3	4	110)
e(504	1	5	80)
e(504	2	5	150)
e(504	3	5	160)
e(504	4	5	120)
e(505	1	2	130)
e(505	1	3	120)
e(505	2	3	70)
e(507	1	2	90)
e(507	1	3	70)
e(507	2	3	160)
e(508	1	2	40)
e(508	1	3	50)
e(508	2	3	90)
e(508	1	4	100)
e(508	2	4	140)
e(508	3	4	100)
e(508	1	5	110)
e(508	2	5	60)
e(508	3	5	50)
e(508	4	5	130)
e(509	1	2	70)
e(509	1	3	90)
e(509	2	3	160)
e(509	1	4	50)
e(509	2	4	140)
e(509	3	4	100)
e(509	1	5	80)
e(509	2	5	80)
e(509	3	5	80)
e(509	4	5	30)
e(511	1	2	20)
e(512	1	2	10)
e(513	1	3	40)
e(513	2	3	30)
e(513	1	4	110)
e(513	2	4	70)
e(513	3	4	150)
e(513	1	5	90)
e(513	2	5	60)
e(513	3	5	160)
e(513	4	5	70)
e(514	1	2	50)
e(514	1	3	90)
e(514	2	3	50)
e(514	2	4	130)
e(514	3	4	120)
e(514	1	5	20)
e(514	2	5	50)
e(514	3	5	150)
e(514	4	5	50)
e(515	1	2	10)
e(515	1	3	40)
e(515	2	3	10)
e(516	1	2	130)
e(516	1	3	10)
e(516	2	3	70)
e(516	1	4	60)
e(516	2	4	120)
e(516	3	4	20)
e(517	1	2	80)
e(517	1	3	10)
e(517	2	3	160)
e(517	1	4	40)
e(517	2	4	150)
e(517	3	4	120)
e(517	1	5	40)
e(517	2	5	120)
e(517	3	5	10)
e(517	4	5	60)
e(518	1	2	130)
e(521	1	2	140)
e(521	1	3	30)
e(521	2	3	140)
e(522	1	2	100)
e(522	1	3	140)
e(522	2	3	50)
e(524	1	2	30)
e(524	1	3	10)
e(524	2	3	150)
e(525	1	2	70)
e(525	1	3	110)
e(525	2	3	80)
e(525	1	4	10)
e(525	2	4	20)
e(525	3	4	160)
e(526	1	2	120)
e(528	1	2	60)
e(528	2	4	90)
e(528	3	4	80)
e(530	1	2	160)
e(531	1	2	70)
e(532	1	2	20)
e(532	1	3	110)
e(532	2	3	120)
e(533	1	2	60)
e(533	1	3	90)
e(533	2	3	10)
e(534	1	2	80)
e(534	1	3	30)
e(534	2	3	50)
e(534	1	4	160)
e(534	2	4	60)
e(534	3	4	10)
e(536	1	2	160)
e(536	1	3	160)
e(536	2	3	130)
e(536	1	4	20)
e(536	2	4	160)
e(536	3	4	30)
e(536	1	5	10)
e(536	2	5	140)
e(536	3	5	70)
e(536	4	5	140)
e(539	1	2	160)
e(539	1	3	20)
e(539	2	3	160)
e(540	1	2	150)
e(541	1	2	20)
e(541	2	3	40)
e(541	1	4	20)
e(541	2	4	100)
e(541	3	4	130)
e(542	1	2	120)
e(542	1	3	30)
e(542	1	4	100)
e(542	2	4	160)
e(542	3	4	20)
e(543	1	2	30)
e(544	1	2	20)
e(544	1	3	120)
e(544	2	3	150)
e(544	1	4	30)
e(544	2	4	110)
e(544	3	4	90)
e(545	1	2	120)
e(545	1	3	60)
e(545	1	4	40)
e(545	2	4	70)
e(545	3	4	140)
e(545	1	5	80)
e(545	2	5	30)
e(545	3	5	140)
e(545	4	5	80)
e(546	1	2	90)
e(546	1	3	60)
e(546	2	3	40)
e(546	1	4	10)
e(546	3	4	80)
e(546	1	5	80)
e(546	2	5	10)
e(546	3	5	150)
e(546	4	5	90)
e(548	1	2	50)
e(548	1	3	90)
e(548	2	3	10)
e(550	1	2	140)
e(550	1	3	90)
e(550	2	3	90)
e(551	1	2	130)
e(553	1	2	10)
e(553	1	3	140)
e(553	2	3	90)
e(554	1	3	70)
e(554	2	3	40)
e(555	1	2	60)
e(555	1	3	60)
e(555	2	3	110)
e(555	1	4	80)
e(555	2	4	150)
e(555	3	4	100)
e(556	1	2	60)
e(557	1	2	140)
e(558	1	2	90)
e(559	1	3	10)
e(559	2	3	80)
e(559	1	4	130)
e(559	2	4	10)
e(559	3	4	100)
e(560	1	2	160)
e(561	1	2	30)
e(562	1	2	140)
e(563	1	2	150)
e(563	1	3	50)
e(563	2	3	120)
e(566	1	2	140)
e(566	1	3	150)
e(566	2	3	100)
e(567	1	2	130)
e(567	1	3	50)
e(567	2	3	100)
e(568	1	3	100)
e(568	2	3	160)
e(570	1	3	20)
e(571	1	2	30)
e(571	1	3	30)
e(571	2	3	70)
e(571	1	4	110)
e(571	2	4	150)
e(571	3	4	50)
e(576	1	2	140)
e(576	1	3	110)
e(576	2	3	140)
e(577	1	2	140)
e(577	1	3	140)
e(577	2	3	60)
e(577	1	4	60)
e(577	2	4	70)
e(577	3	4	40)
e(579	1	2	70)
e(580	1	2	110)
e(581	1	2	140)
e(581	1	3	150)
e(581	2	3	150)
e(581	1	4	60)
e(581	2	4	80)
e(581	3	4	110)
e(581	1	5	120)
e(581	2	5	120)
e(581	3	5	30)
e(581	4	5	20)
e(582	1	2	160)
e(583	1	2	100)
e(584	1	2	60)
e(584	1	3	160)
e(584	2	3	90)
e(584	1	4	10)
e(584	3	4	110)
e(584	1	5	120)
e(584	2	5	140)
e(584	3	5	110)
e(585	1	2	40)
e(585	1	3	140)
e(585	2	3	60)
e(585	1	4	30)
e(585	2	4	60)
e(585	3	4	90)
e(585	1	5	140)
e(585	2	5	150)
e(585	3	5	130)
e(585	4	5	150)
e(586	1	2	100)
e(586	1	3	160)
e(586	2	3	80)
e(586	2	4	50)
e(586	3	4	20)
e(587	1	2	130)
e(588	1	2	30)
e(588	1	3	140)
e(588	2	3	10)
e(588	2	4	70)
e(588	3	4	50)
e(588	1	5	120)
e(588	2	5	30)
e(588	3	5	150)
e(588	4	5	80)
e(589	1	2	50)
e(589	2	3	130)
e(589	1	4	40)
e(589	2	4	40)
e(589	3	4	130)
e(591	1	2	60)
e(591	1	3	70)
e(591	2	3	80)
e(591	1	4	120)
e(591	2	4	20)
e(591	3	4	70)
e(591	1	5	160)
e(591	2	5	80)
e(591	3	5	80)
e(591	4	5	90)
e(593	1	2	40)
e(593	1	3	10)
e(593	2	3	130)
e(594	1	2	140)
e(594	1	3	20)
e(594	2	3	120)
e(595	1	2	10)
e(595	2	3	30)
e(596	1	2	130)
e(596	1	3	50)
e(596	2	3	160)
e(596	1	4	50)
e(596	2	4	20)
e(596	3	4	30)
e(597	1	2	150)
e(598	1	2	150)
e(598	1	3	140)
e(598	2	3	120)
e(598	1	4	100)
e(598	2	4	160)
e(598	3	4	60)
e(599	1	2	20)
e(599	1	3	130)
e(599	2	3	10)
e(599	1	4	30)
e(599	2	4	90)
e(599	3	4	80)
e(599	1	5	130)
e(599	2	5	160)
e(599	3	5	70)
e(599	4	5	10)
e(600	1	2	140)
e(600	1	3	90)
e(600	2	3	140)
e(600	1	4	140)
e(600	2	4	160)
e(600	3	4	20)
e(601	1	2	30)
e(602	1	2	50)
e(602	1	3	10)
e(602	2	3	50)
e(602	1	4	70)
e(602	2	4	120)
e(602	3	4	50)
e(602	1	5	160)
e(602	3	5	20)
e(602	4	5	80)
e(603	1	2	130)
e(604	1	2	70)
e(604	1	3	140)
e(604	2	3	10)
e(605	1	2	60)
e(605	1	3	60)
e(605	2	3	160)
e(605	1	4	80)
e(605	2	4	130)
e(605	3	4	130)
e(606	1	2	160)
e(607	1	2	130)
e(607	1	3	90)
e(607	2	3	50)
e(607	1	4	50)
e(607	2	4	30)
e(607	3	4	70)
e(608	1	2	80)
e(608	1	3	40)
e(608	2	3	120)
e(609	1	2	130)
e(609	1	3	90)
e(609	2	3	30)
e(609	1	4	110)
e(609	2	4	80)
e(609	3	4	160)
e(609	1	5	20)
e(609	2	5	140)
e(609	3	5	150)
e(609	4	5	90)
e(610	1	2	70)
e(610	1	3	60)
e(610	1	4	40)
e(610	2	4	30)
e(610	3	4	70)
e(610	1	5	10)
e(610	2	5	110)
e(610	3	5	70)
e(610	4	5	20)
e(611	1	2	140)
e(612	1	2	10)
e(612	1	3	90)
e(612	2	3	10)
e(612	1	4	10)
e(612	2	4	10)
e(612	3	4	160)
e(613	1	2	90)
e(613	1	3	160)
e(613	2	3	20)
e(613	1	4	70)
e(613	2	4	50)
e(613	1	5	20)
e(613	2	5	60)
e(613	3	5	30)
e(613	4	5	10)
e(614	1	2	10)
e(614	1	3	70)
e(614	2	3	140)
e(615	1	2	140)
e(615	1	3	120)
e(615	2	3	110)
e(615	1	4	10)
e(615	2	4	100)
e(615	3	4	100)
e(615	1	5	130)
e(615	2	5	160)
e(615	3	5	110)
e(615	4	5	140)
e(616	1	2	70)
e(616	1	3	60)
e(616	2	3	120)
e(616	1	4	40)
e(616	2	4	130)
e(616	3	4	70)
e(617	1	2	80)
e(617	1	3	60)
e(617	2	3	10)
e(619	1	2	80)
e(619	2	3	90)
e(619	1	4	150)
e(619	2	4	60)
e(619	3	4	100)
e(620	1	2	140)
e(622	1	2	160)
e(623	1	2	160)
e(623	1	3	30)
e(623	2	3	140)
e(623	1	4	50)
e(623	2	4	80)
e(623	3	4	10)
e(624	1	2	100)
e(626	1	2	10)
e(627	1	2	90)
e(628	1	2	160)
e(628	2	3	110)
e(629	1	3	60)
e(629	2	3	90)
e(629	1	4	100)
e(629	2	4	120)
e(629	3	4	50)
e(629	1	5	10)
e(629	2	5	60)
e(629	3	5	60)
e(629	4	5	160)
e(631	1	2	110)
e(631	1	3	150)
e(631	2	3	50)
e(633	1	3	150)
e(633	2	3	70)
e(634	1	2	140)
e(634	1	3	150)
e(634	2	3	20)
e(634	1	4	80)
e(634	2	4	50)
e(634	3	4	130)
e(635	1	2	120)
e(635	1	3	70)
e(635	2	3	130)
e(635	1	4	30)
e(635	2	4	90)
e(635	3	4	140)
e(636	1	2	100)
e(636	1	3	130)
e(636	2	3	50)
e(636	1	4	120)
e(636	2	4	150)
e(636	3	4	140)
e(636	1	5	50)
e(636	2	5	10)
e(636	3	5	130)
e(636	4	5	160)
e(637	1	2	60)
e(637	1	3	70)
e(637	2	3	120)
e(637	1	4	90)
e(637	2	4	20)
e(637	3	4	70)
e(638	1	2	20)
e(639	1	2	90)
e(639	1	3	40)
e(639	2	3	50)
e(642	1	2	60)
e(642	1	3	80)
e(642	2	3	100)
e(642	1	4	120)
e(642	2	4	50)
e(642	3	4	70)
e(643	1	2	30)
e(643	1	3	130)
e(643	2	3	50)
e(643	1	4	20)
e(643	2	4	10)
e(643	3	4	150)
e(643	1	5	80)
e(643	2	5	80)
e(643	3	5	160)
e(643	4	5	130)
e(645	1	2	20)
e(645	1	3	160)
e(645	2	3	100)
e(645	1	4	80)
e(645	2	4	100)
e(645	3	4	90)
e(645	1	5	90)
e(645	2	5	70)
e(645	3	5	50)
e(645	4	5	100)
e(646	1	2	90)
e(646	1	3	50)
e(646	2	3	80)
e(646	2	4	30)
e(646	1	5	140)
e(646	2	5	10)
e(646	3	5	150)
e(646	4	5	130)
e(648	1	2	80)
e(648	1	3	20)
e(648	2	3	140)
e(648	1	4	120)
e(648	2	4	40)
e(648	3	4	130)
e(648	1	5	50)
e(648	2	5	130)
e(648	3	5	110)
e(648	4	5	90)
e(649	1	2	50)
e(649	1	3	130)
e(649	2	3	140)
e(650	1	2	10)
e(652	1	2	130)
e(652	1	3	50)
e(652	2	3	40)
e(652	1	4	30)
e(652	2	4	160)
e(652	3	4	10)
e(655	1	2	50)
e(657	1	2	160)
e(657	1	3	90)
e(657	2	3	110)
e(657	1	4	160)
e(657	2	4	60)
e(657	3	4	40)
e(658	1	2	120)
e(658	1	3	160)
e(658	2	3	70)
e(658	1	4	160)
e(658	2	4	160)
e(658	3	4	40)
e(660	1	2	90)
e(660	1	3	80)
e(660	2	3	110)
e(661	1	2	30)
e(661	1	3	20)
e(661	2	3	140)
e(662	1	2	50)
e(662	1	3	60)
e(662	2	3	60)
e(662	2	4	30)
e(662	3	4	80)
e(665	1	2	50)
e(665	1	3	100)
e(665	2	3	150)
e(665	1	4	70)
e(665	2	4	110)
e(665	3	4	10)
e(667	1	2	80)
e(669	1	2	130)
e(669	1	3	50)
e(669	2	3	110)
e(669	1	4	10)
e(669	2	4	130)
e(669	3	4	140)
e(672	1	2	90)
e(672	1	3	100)
e(672	2	3	40)
e(673	1	2	40)
e(673	1	3	140)
e(673	2	3	40)
e(673	1	4	30)
e(673	2	4	90)
e(673	3	4	30)
e(673	1	5	150)
e(673	2	5	160)
e(673	3	5	80)
e(673	4	5	140)
e(674	1	2	150)
e(675	1	2	90)
e(676	1	3	10)
e(676	2	3	150)
e(677	1	2	90)
e(678	1	2	20)
e(678	1	3	100)
e(678	2	3	50)
e(678	1	4	80)
e(678	2	4	100)
e(678	3	4	70)
e(678	1	5	150)
e(678	2	5	80)
e(678	3	5	160)
e(678	4	5	130)
e(679	1	3	50)
e(679	2	3	100)
e(681	1	2	120)
e(681	1	3	100)
e(681	2	3	10)
e(683	1	2	70)
e(683	1	3	100)
e(683	2	3	20)
e(684	1	2	150)
e(684	1	3	10)
e(684	2	3	90)
e(684	1	4	150)
e(684	2	4	100)
e(684	3	4	40)
e(684	1	5	100)
e(684	2	5	150)
e(684	3	5	150)
e(684	4	5	150)
e(686	1	2	40)
e(686	1	3	10)
e(686	2	3	60)
e(687	1	2	30)
e(687	1	3	10)
e(687	2	3	160)
e(687	1	4	140)
e(687	2	4	150)
e(687	3	4	20)
e(688	1	2	50)
e(690	1	2	10)
e(690	1	3	50)
e(690	2	3	120)
e(691	1	2	80)
e(692	1	2	60)
e(692	1	3	120)
e(692	2	3	40)
e(694	1	2	130)
e(694	1	3	20)
e(694	2	3	80)
e(694	1	4	130)
e(694	2	4	100)
e(694	3	4	30)
e(694	1	5	60)
e(694	2	5	30)
e(694	3	5	20)
e(694	4	5	30)
e(695	1	2	30)
e(695	1	3	80)
e(695	2	3	120)
e(695	1	4	80)
e(695	2	4	110)
e(695	3	4	110)
e(696	1	2	30)
e(696	1	3	20)
e(696	2	3	130)
e(696	1	4	130)
e(696	2	4	120)
e(696	3	4	160)
e(696	1	5	60)
e(696	2	5	160)
e(696	3	5	30)
e(696	4	5	80)
e(697	1	2	130)
e(698	1	2	80)
e(698	1	3	120)
e(698	2	3	50)
e(699	1	2	100)
e(699	1	3	30)
e(699	2	3	70)
e(699	1	4	40)
e(699	2	4	30)
e(699	3	4	130)
e(699	1	5	80)
e(699	2	5	150)
e(699	3	5	130)
e(699	4	5	160)
e(701	1	2	130)
e(701	2	3	20)
e(702	1	2	110)
e(702	1	3	140)
e(702	2	3	30)
e(703	1	2	130)
e(703	1	3	70)
e(703	2	3	150)
e(704	1	2	160)
e(704	1	3	130)
e(704	2	3	30)
e(704	1	4	50)
e(704	2	4	120)
e(704	3	4	60)
e(704	1	5	50)
e(704	2	5	110)
e(704	4	5	140)
e(705	1	2	80)
e(706	1	2	140)
e(708	1	2	90)
e(708	1	3	80)
e(708	2	3	160)
e(708	1	4	20)
e(708	2	4	60)
e(708	3	4	60)
e(708	1	5	30)
e(708	2	5	40)
e(708	3	5	160)
e(708	4	5	130)
e(709	1	2	150)
e(709	1	3	40)
e(709	2	3	30)
e(709	1	4	40)
e(709	2	4	140)
e(709	3	4	20)
e(711	1	2	40)
e(711	1	3	30)
e(711	2	3	20)
e(711	1	4	60)
e(711	2	4	60)
e(711	3	4	50)
e(711	1	5	30)
e(711	2	5	90)
e(711	3	5	90)
e(711	4	5	50)
e(712	1	2	150)
e(712	1	3	30)
e(712	2	3	60)
e(712	1	4	140)
e(712	2	4	90)
e(712	3	4	20)
e(713	1	2	40)
e(713	1	3	30)
e(713	2	3	90)
e(713	1	4	70)
e(713	2	4	70)
e(713	3	4	40)
e(713	1	5	20)
e(713	2	5	140)
e(713	4	5	70)
e(714	1	2	10)
e(714	1	3	30)
e(714	2	3	40)
e(714	1	4	60)
e(714	2	4	20)
e(714	3	4	140)
e(715	1	2	70)
e(715	1	3	40)
e(715	2	3	20)
e(715	1	4	50)
e(715	2	4	40)
e(715	3	4	130)
e(715	1	5	10)
e(715	2	5	160)
e(715	3	5	20)
e(715	4	5	40)
e(716	1	2	60)
e(718	1	2	150)
e(718	1	3	20)
e(718	2	3	80)
e(718	1	4	10)
e(718	2	4	100)
e(718	1	5	70)
e(718	3	5	20)
e(718	4	5	20)
e(719	1	2	10)
e(719	1	3	10)
e(719	1	4	50)
e(719	2	4	60)
e(720	1	2	150)
e(720	1	3	110)
e(720	2	3	90)
e(720	1	4	20)
e(720	2	4	10)
e(720	3	4	30)
e(720	1	5	90)
e(720	2	5	70)
e(720	3	5	70)
e(720	4	5	160)
e(721	1	2	10)
e(721	1	3	60)
e(721	2	3	30)
e(721	1	4	10)
e(721	3	4	150)
e(724	1	2	130)
e(726	1	2	10)
e(726	1	3	120)
e(726	2	3	70)
e(727	1	2	70)
e(728	1	3	160)
e(728	2	3	120)
e(728	1	4	130)
e(728	2	4	10)
e(728	3	4	30)
e(728	1	5	140)
e(728	2	5	80)
e(728	3	5	150)
e(728	4	5	100)
e(729	1	2	90)
e(729	1	3	160)
e(729	2	3	130)
e(731	1	2	120)
e(731	1	3	140)
e(731	2	3	60)
e(732	1	2	120)
e(732	1	3	150)
e(732	2	3	80)
e(732	1	4	10)
e(732	2	4	130)
e(732	3	4	120)
e(733	1	2	100)
e(733	1	3	30)
e(733	2	3	20)
e(733	1	4	40)
e(733	2	4	50)
e(733	3	4	30)
e(733	1	5	80)
e(733	2	5	30)
e(733	3	5	130)
e(733	4	5	150)
e(734	1	2	100)
e(734	2	3	100)
e(734	2	4	30)
e(734	3	4	30)
e(734	1	5	90)
e(734	2	5	70)
e(734	3	5	100)
e(734	4	5	130)
e(736	1	2	50)
e(736	1	3	150)
e(736	2	3	110)
e(736	1	4	50)
e(736	3	4	120)
e(737	1	2	50)
e(737	1	3	130)
e(737	1	4	10)
e(737	3	4	100)
e(737	1	5	60)
e(737	2	5	90)
e(737	3	5	10)
e(737	4	5	140)
e(738	1	2	100)
e(739	1	2	160)
e(739	1	3	80)
e(739	2	3	80)
e(739	1	4	140)
e(739	2	4	80)
e(739	3	4	50)
e(741	1	2	140)
e(741	1	3	50)
e(741	2	3	50)
e(741	1	4	120)
e(741	2	4	150)
e(741	3	4	40)
e(741	1	5	150)
e(741	2	5	110)
e(741	3	5	120)
e(741	4	5	10)
e(742	1	2	120)
e(742	1	3	90)
e(742	2	3	10)
e(742	1	4	40)
e(742	3	4	40)
e(743	1	2	110)
e(744	1	2	90)
e(745	1	2	90)
e(746	1	2	40)
e(746	1	3	60)
e(746	2	3	160)
e(747	1	2	110)
e(747	1	3	120)
e(747	2	3	60)
e(748	1	2	160)
e(748	2	3	10)
e(748	1	4	160)
e(748	3	4	160)
e(748	1	5	130)
e(748	2	5	140)
e(748	4	5	130)
e(749	1	2	160)
e(750	1	2	70)
e(750	1	3	160)
e(750	2	3	90)
e(750	1	4	140)
e(750	2	4	40)
e(750	3	4	160)
e(750	1	5	60)
e(750	2	5	10)
e(750	3	5	80)
e(750	4	5	120)
e(751	1	3	100)
e(751	2	3	100)
e(751	2	4	140)
e(751	1	5	160)
e(751	2	5	100)
e(751	4	5	90)
e(752	1	2	90)
e(752	1	3	110)
e(752	2	3	30)
e(752	1	4	100)
e(752	2	4	110)
e(752	3	4	80)
e(753	1	2	80)
e(753	1	3	60)
e(753	2	3	50)
e(755	1	2	110)
e(757	1	2	130)
e(757	2	3	100)
e(758	1	2	110)
e(758	1	3	150)
e(758	2	3	140)
e(758	1	4	100)
e(758	2	4	50)
e(758	3	4	40)
e(758	1	5	150)
e(758	2	5	150)
e(758	3	5	50)
e(758	4	5	90)
e(759	1	2	90)
e(759	1	3	150)
e(759	2	3	80)
e(759	1	4	130)
e(759	2	4	50)
e(759	3	4	50)
e(759	1	5	90)
e(759	2	5	120)
e(759	3	5	30)
e(759	4	5	90)
e(762	1	2	110)
e(762	1	3	60)
e(762	2	3	160)
e(762	1	4	20)
e(762	2	4	140)
e(762	3	4	60)
e(762	1	5	10)
e(762	2	5	150)
e(762	3	5	150)
e(762	4	5	40)
e(763	1	2	70)
e(763	1	3	150)
e(763	2	3	90)
e(763	1	4	70)
e(763	2	4	130)
e(763	1	5	30)
e(763	2	5	160)
e(763	3	5	90)
e(763	4	5	160)
e(764	1	2	80)
e(764	1	3	30)
e(764	2	3	120)
e(764	1	4	20)
e(764	2	4	150)
e(764	3	4	140)
e(764	1	5	60)
e(764	2	5	70)
e(764	3	5	40)
e(764	4	5	60)
e(765	1	2	100)
e(765	1	3	60)
e(765	2	3	40)
e(768	1	2	110)
e(768	1	3	90)
e(768	2	3	110)
e(768	1	4	80)
e(768	2	4	150)
e(768	3	4	120)
e(768	2	5	150)
e(768	3	5	110)
e(768	4	5	160)
e(770	1	2	120)
e(770	1	3	160)
e(770	2	3	10)
e(772	1	2	130)
e(773	1	2	100)
e(773	1	3	50)
e(773	2	3	110)
e(773	1	4	150)
e(773	2	4	20)
e(773	3	4	10)
e(773	1	5	130)
e(773	2	5	130)
e(773	3	5	140)
e(773	4	5	70)
e(774	1	2	40)
e(774	1	3	120)
e(774	2	3	50)
e(774	1	4	140)
e(774	2	4	10)
e(774	3	4	110)
e(775	1	2	30)
e(775	1	3	130)
e(775	2	3	40)
e(775	1	4	130)
e(775	2	4	20)
e(775	3	4	30)
e(775	1	5	110)
e(775	2	5	150)
e(775	3	5	30)
e(775	4	5	100)
e(778	1	2	50)
e(778	1	3	70)
e(778	2	3	60)
e(779	1	3	130)
e(779	2	3	130)
e(779	1	4	160)
e(779	2	4	20)
e(779	3	4	130)
e(780	1	2	10)
e(780	1	3	130)
e(780	2	3	150)
e(780	1	4	150)
e(780	2	4	100)
e(780	3	4	150)
e(781	1	2	50)
e(781	1	3	90)
e(781	2	3	30)
e(781	1	4	80)
e(781	2	4	160)
e(781	3	4	150)
e(782	1	2	90)
e(782	1	3	60)
e(782	2	3	40)
e(782	1	4	110)
e(782	2	4	120)
e(782	3	4	110)
e(783	1	2	40)
e(783	1	3	70)
e(783	2	3	60)
e(784	1	2	100)
e(784	2	3	80)
e(784	1	4	60)
e(784	2	4	80)
e(784	3	4	40)
e(784	1	5	30)
e(784	2	5	80)
e(784	3	5	20)
e(784	4	5	80)
e(785	1	2	90)
e(785	1	3	90)
e(785	2	3	110)
e(786	1	2	80)
e(786	1	3	160)
e(786	2	3	100)
e(789	1	2	30)
e(789	1	3	40)
e(789	2	3	100)
e(789	1	4	40)
e(789	2	4	80)
e(789	3	4	30)
e(790	1	2	130)
e(790	1	3	80)
e(790	2	3	130)
e(791	1	2	110)
e(791	1	3	40)
e(793	1	2	60)
e(794	1	2	120)
e(795	1	2	140)
e(795	1	3	20)
e(795	2	3	150)
e(795	1	4	140)
e(795	2	4	100)
e(795	1	5	10)
e(795	2	5	20)
e(795	3	5	160)
e(795	4	5	80)
e(796	1	3	60)
e(796	2	3	110)
e(796	1	4	140)
e(796	2	4	60)
e(796	1	5	100)
e(796	2	5	150)
e(796	3	5	40)
e(796	4	5	40)
e(800	1	2	160)
e(800	1	3	40)
e(800	2	3	140)
e(801	1	2	150)
e(801	1	3	30)
e(801	2	3	110)
e(801	2	4	90)
e(801	3	4	50)
e(801	1	5	130)
e(801	2	5	100)
e(801	3	5	70)
e(801	4	5	130)
e(802	1	2	140)
e(803	1	2	120)
e(803	1	3	120)
e(803	2	3	140)
e(804	1	2	50)
e(808	1	2	110)
e(809	1	2	40)
e(809	1	3	60)
e(809	2	3	140)
e(809	1	4	60)
e(809	2	4	90)
e(809	3	4	120)
e(810	1	2	90)
e(810	1	3	100)
e(810	2	3	20)
e(811	1	2	140)
e(811	1	3	160)
e(811	2	3	120)
e(811	1	4	150)
e(811	2	4	130)
e(813	1	3	120)
e(814	1	2	10)
e(814	1	3	150)
e(814	2	3	30)
e(816	1	2	70)
e(817	1	2	90)
e(817	1	3	130)
e(817	2	3	130)
e(817	1	4	80)
e(817	2	4	20)
e(817	3	4	90)
e(817	1	5	70)
e(817	3	5	30)
e(817	4	5	150)
e(818	1	2	130)
e(818	1	3	90)
e(818	2	3	160)
e(818	1	4	20)
e(818	3	4	150)
e(820	1	2	90)
e(820	1	3	160)
e(820	2	3	50)
e(820	1	4	50)
e(820	2	4	120)
e(821	1	2	60)
e(822	1	2	50)
e(822	1	3	120)
e(822	2	3	50)
e(825	1	2	30)
e(825	1	3	80)
e(825	2	3	150)
e(825	1	4	60)
e(825	2	4	80)
e(825	3	4	160)
e(825	1	5	130)
e(825	2	5	100)
e(825	3	5	120)
e(825	4	5	150)
e(826	1	2	70)
e(826	1	3	140)
e(826	1	4	140)
e(826	2	4	50)
e(826	3	4	60)
e(827	1	2	100)
e(828	1	2	50)
e(828	1	3	70)
e(828	2	3	20)
e(828	1	4	20)
e(828	2	4	20)
e(828	3	4	80)
e(829	1	2	150)
e(830	1	3	130)
e(830	2	3	100)
e(831	1	2	150)
e(831	1	3	60)
e(831	2	3	110)
e(831	1	4	60)
e(831	2	4	120)
e(831	3	4	30)
e(831	1	5	20)
e(831	2	5	50)
e(831	3	5	50)
e(831	4	5	80)
e(833	1	2	120)
e(833	1	3	30)
e(833	2	3	50)
e(833	1	4	20)
e(833	2	4	40)
e(833	3	4	30)
e(833	2	5	90)
e(833	3	5	90)
e(833	4	5	30)
e(835	1	2	20)
e(835	1	3	90)
e(835	2	3	70)
e(835	1	4	60)
e(835	2	4	70)
e(835	3	4	110)
e(836	1	2	10)
e(837	1	2	60)
e(838	1	2	10)
e(838	1	3	140)
e(838	2	3	20)
e(840	1	2	110)
e(840	1	3	80)
e(840	2	3	50)
e(841	1	3	80)
e(841	2	3	130)
e(842	1	3	90)
e(842	2	3	30)
e(842	2	4	100)
e(842	3	4	40)
e(842	1	5	40)
e(842	2	5	40)
e(842	3	5	70)
e(842	4	5	120)
e(844	1	2	10)
e(844	1	3	160)
e(844	2	3	20)
e(844	1	4	160)
e(844	2	4	100)
e(844	3	4	90)
e(845	1	2	20)
e(846	1	2	140)
e(846	1	3	90)
e(846	2	3	10)
e(846	1	4	30)
e(846	2	4	160)
e(846	3	4	30)
e(846	1	5	150)
e(846	2	5	110)
e(846	3	5	60)
e(848	1	2	20)
e(849	1	2	60)
e(849	1	3	10)
e(849	2	3	90)
e(850	1	2	150)
e(851	1	2	40)
e(851	1	3	120)
e(851	2	3	150)
e(852	1	2	40)
e(852	1	3	60)
e(852	2	3	20)
e(853	1	2	110)
e(853	1	3	50)
e(853	2	3	140)
e(853	1	4	120)
e(853	2	4	140)
e(853	3	4	40)
e(854	1	2	150)
e(854	1	3	160)
e(854	2	3	40)
e(854	1	4	80)
e(854	2	4	140)
e(854	3	4	10)
e(854	1	5	90)
e(854	2	5	10)
e(854	3	5	80)
e(854	4	5	80)
e(855	1	3	90)
e(855	2	3	160)
e(857	1	2	130)
e(857	1	3	150)
e(857	2	3	160)
e(857	1	4	60)
e(857	2	4	100)
e(857	3	4	30)
e(857	1	5	10)
e(857	2	5	50)
e(857	3	5	60)
e(857	4	5	130)
e(858	1	2	160)
e(858	1	3	10)
e(858	2	3	90)
e(858	1	4	60)
e(858	2	4	120)
e(858	3	4	70)
e(859	1	2	30)
e(861	1	2	140)
e(861	2	3	120)
e(862	1	2	150)
e(862	1	3	150)
e(862	2	3	70)
e(862	1	4	130)
e(862	2	4	10)
e(862	3	4	110)
e(863	1	2	100)
e(864	1	2	40)
e(865	1	2	150)
e(865	1	3	40)
e(865	2	3	10)
e(866	1	2	50)
e(866	1	3	60)
e(866	2	3	20)
e(866	1	4	20)
e(866	2	4	70)
e(866	3	4	80)
e(867	1	2	20)
e(867	2	3	160)
e(868	1	2	20)
e(868	1	3	140)
e(868	2	3	120)
e(868	1	4	60)
e(868	2	4	80)
e(868	3	4	100)
e(868	1	5	30)
e(868	2	5	100)
e(868	3	5	150)
e(868	4	5	120)
e(869	1	2	20)
e(872	1	2	130)
e(872	1	3	40)
e(872	2	3	90)
e(873	1	2	100)
e(873	1	3	110)
e(873	2	3	40)
e(873	1	4	50)
e(873	2	4	150)
e(873	3	4	70)
e(876	1	2	70)
e(876	2	3	110)
e(876	1	4	50)
e(876	2	4	50)
e(876	3	4	20)
e(878	1	2	150)
e(878	1	3	80)
e(878	1	4	160)
e(878	2	4	60)
e(878	3	4	160)
e(878	1	5	30)
e(878	2	5	60)
e(878	3	5	110)
e(878	4	5	100)
e(879	1	2	110)
e(880	1	2	130)
e(880	1	3	70)
e(880	2	3	80)
e(880	1	4	110)
e(880	2	4	70)
e(880	3	4	70)
e(880	1	5	50)
e(880	2	5	140)
e(880	3	5	150)
e(880	4	5	10)
e(881	1	2	20)
e(882	1	2	140)
e(885	1	2	120)
e(885	1	3	60)
e(885	2	3	60)
e(885	1	4	100)
e(885	2	4	120)
e(885	3	4	50)
e(885	1	5	70)
e(885	2	5	10)
e(885	3	5	160)
e(885	4	5	30)
e(886	1	2	30)
e(887	1	3	30)
e(887	2	3	10)
e(887	1	4	90)
e(887	3	4	40)
e(887	1	5	120)
e(887	2	5	10)
e(887	3	5	90)
e(887	4	5	70)
e(888	1	2	110)
e(888	1	3	130)
e(888	2	3	50)
e(889	1	2	130)
e(889	1	3	120)
e(889	2	3	60)
e(889	1	4	160)
e(889	2	4	130)
e(889	3	4	130)
e(890	1	2	40)
e(890	1	3	80)
e(890	2	3	110)
e(891	1	2	10)
e(891	1	3	40)
e(891	2	3	150)
e(892	1	2	60)
e(893	1	2	120)
e(894	1	2	70)
e(894	2	3	120)
e(894	1	4	30)
e(894	2	4	60)
e(894	3	4	30)
e(895	1	2	120)
e(897	1	2	130)
e(897	1	3	60)
e(897	2	3	90)
e(897	1	4	30)
e(897	2	4	160)
e(897	3	4	70)
e(898	1	2	140)
e(898	1	3	100)
e(898	2	3	160)
e(899	1	2	80)
e(899	1	3	100)
e(899	2	3	80)
e(900	1	2	30)
e(900	1	3	40)
e(900	2	3	90)
e(901	1	2	80)
e(901	1	3	40)
e(901	2	3	150)
e(901	1	4	70)
e(901	2	4	30)
e(902	1	2	130)
e(902	1	3	30)
e(902	2	3	20)
e(903	1	2	90)
e(904	1	2	10)
e(904	1	3	100)
e(904	2	3	140)
e(906	1	2	70)
e(907	1	2	160)
e(907	1	3	90)
e(907	2	3	70)
e(908	1	2	60)
e(908	2	3	70)
e(909	1	2	130)
e(909	1	3	70)
e(909	2	3	80)
e(910	1	2	50)
e(910	1	3	90)
e(910	2	3	100)
e(910	1	4	30)
e(910	2	4	110)
e(910	3	4	110)
e(911	1	2	40)
e(911	1	3	60)
e(911	2	3	40)
e(911	1	4	90)
e(911	2	4	70)
e(912	1	2	100)
e(912	1	3	80)
e(912	2	3	30)
e(913	1	2	20)
e(914	1	2	60)
e(914	1	3	50)
e(914	2	3	140)
e(916	1	2	120)
e(917	1	2	20)
e(917	1	3	30)
e(917	2	3	10)
e(917	1	4	80)
e(917	2	4	80)
e(917	3	4	130)
e(917	1	5	40)
e(917	2	5	20)
e(917	3	5	150)
e(917	4	5	90)
e(918	1	2	130)
e(918	1	3	70)
e(918	2	3	100)
e(919	1	2	50)
e(920	1	3	140)
e(920	1	4	80)
e(920	2	4	80)
e(920	3	4	160)
e(921	1	2	100)
e(921	1	3	30)
e(921	2	3	50)
e(921	1	4	140)
e(921	2	4	120)
e(921	3	4	150)
e(921	1	5	100)
e(921	3	5	80)
e(921	4	5	80)
e(922	1	2	150)
e(922	2	3	120)
e(922	1	4	110)
e(922	2	4	40)
e(922	3	4	150)
e(922	1	5	110)
e(922	2	5	100)
e(922	3	5	60)
e(922	4	5	50)
e(923	1	2	100)
e(923	1	3	20)
e(923	2	3	160)
e(923	1	4	60)
e(923	2	4	20)
e(923	3	4	60)
e(923	1	5	20)
e(923	2	5	90)
e(923	3	5	40)
e(923	4	5	30)
e(924	1	2	10)
e(924	1	3	160)
e(924	1	4	30)
e(924	2	4	140)
e(924	3	4	90)
e(925	1	2	40)
e(926	1	2	50)
e(926	1	3	120)
e(926	2	3	80)
e(926	1	4	60)
e(926	2	4	30)
e(926	3	4	150)
e(926	1	5	120)
e(926	3	5	70)
e(926	4	5	100)
e(927	1	2	110)
e(927	1	3	100)
e(927	2	3	100)
e(927	1	4	100)
e(927	2	4	110)
e(927	3	4	80)
e(928	1	2	40)
e(928	1	3	130)
e(928	2	3	50)
e(928	1	4	110)
e(928	2	4	10)
e(928	3	4	100)
e(930	1	2	90)
e(931	1	2	30)
e(931	2	3	90)
e(932	1	2	20)
e(934	1	2	160)
e(934	1	3	150)
e(934	2	3	80)
e(934	1	4	100)
e(934	2	4	40)
e(934	3	4	30)
e(935	1	2	150)
e(935	1	3	50)
e(935	1	4	30)
e(935	2	4	40)
e(935	3	4	80)
e(935	1	5	40)
e(935	2	5	30)
e(935	3	5	160)
e(935	4	5	150)
e(936	1	3	30)
e(936	2	3	160)
e(936	1	4	70)
e(936	2	4	120)
e(936	3	4	120)
e(936	1	5	40)
e(936	2	5	60)
e(936	3	5	130)
e(936	4	5	120)
e(937	1	2	30)
e(937	1	3	80)
e(937	2	3	130)
e(937	1	4	40)
e(937	2	4	140)
e(937	3	4	150)
e(937	1	5	10)
e(937	2	5	40)
e(937	3	5	120)
e(937	4	5	150)
e(938	1	2	90)
e(940	1	2	50)
e(940	1	3	10)
e(940	2	3	160)
e(941	1	2	130)
e(942	1	3	90)
e(942	2	3	100)
e(943	1	2	100)
e(943	1	3	60)
e(943	2	3	160)
e(943	1	4	90)
e(943	2	4	130)
e(943	3	4	160)
e(944	1	2	150)
e(945	1	2	90)
e(945	1	3	140)
e(945	2	3	130)
e(945	1	4	10)
e(945	2	4	160)
e(945	3	4	20)
e(946	1	2	40)
e(946	1	3	30)
e(946	2	3	20)
e(946	1	4	70)
e(946	2	4	20)
e(946	3	4	10)
e(946	1	5	50)
e(946	2	5	110)
e(946	3	5	50)
e(946	4	5	80)
e(947	1	2	20)
e(947	1	3	20)
e(947	2	3	130)
e(947	1	4	140)
e(947	2	4	90)
e(947	3	4	80)
e(948	1	2	150)
e(948	1	3	80)
e(948	2	3	110)
e(949	1	2	70)
e(949	1	3	50)
e(949	2	3	10)
e(950	1	2	50)
e(950	2	3	90)
e(951	1	3	120)
e(951	2	3	160)
e(951	1	4	80)
e(951	2	4	70)
e(951	3	4	30)
e(951	1	5	100)
e(951	2	5	30)
e(951	3	5	120)
e(951	4	5	100)
e(952	1	2	100)
e(952	1	3	150)
e(952	2	3	70)
e(952	1	4	30)
e(952	2	4	150)
e(952	3	4	10)
e(952	1	5	110)
e(952	2	5	100)
e(952	3	5	60)
e(952	4	5	20)
e(953	1	2	100)
e(953	1	3	20)
e(953	2	3	60)
e(954	1	2	140)
e(954	1	3	80)
e(954	2	3	100)
e(954	1	4	130)
e(954	2	4	40)
e(954	3	4	140)
e(956	1	2	120)
e(956	1	3	120)
e(956	1	4	80)
e(956	2	4	70)
e(956	3	4	150)
e(957	1	2	70)
e(958	1	2	10)
e(958	1	3	120)
e(958	2	3	160)
e(962	1	2	30)
e(962	1	3	110)
e(962	2	3	80)
e(963	1	2	110)
e(963	1	3	20)
e(963	2	3	130)
e(963	1	4	30)
e(963	2	4	10)
e(963	3	4	130)
e(964	1	2	10)
e(964	1	3	20)
e(964	2	3	100)
e(965	1	2	110)
e(965	1	3	100)
e(965	2	3	30)
e(965	1	4	90)
e(965	2	4	120)
e(965	3	4	80)
e(967	1	2	100)
e(967	1	3	160)
e(967	2	3	100)
e(967	1	4	30)
e(967	2	4	150)
e(967	3	4	80)
e(968	1	2	70)
e(968	1	3	140)
e(968	2	3	160)
e(968	2	4	70)
e(968	3	4	20)
e(969	1	2	70)
e(970	1	2	50)
e(971	1	2	150)
e(972	1	2	80)
e(972	1	3	20)
e(972	2	3	10)
e(972	1	4	150)
e(972	2	4	20)
e(972	3	4	150)
e(972	1	5	90)
e(972	3	5	50)
e(972	4	5	150)
e(973	1	2	30)
e(973	1	3	60)
e(973	2	3	30)
e(973	1	4	80)
e(973	2	4	40)
e(973	3	4	100)
e(973	1	5	30)
e(973	2	5	120)
e(973	3	5	130)
e(973	4	5	60)
e(974	1	2	80)
e(974	1	3	60)
e(974	2	3	70)
e(974	1	4	140)
e(974	3	4	20)
e(975	1	2	160)
e(975	1	3	150)
e(975	2	3	160)
e(976	2	3	120)
e(976	1	4	160)
e(976	2	4	90)
e(976	3	4	120)
e(977	1	2	160)
e(977	1	3	40)
e(977	2	3	80)
e(978	1	3	90)
e(978	2	3	110)
e(981	1	2	130)
e(981	1	3	140)
e(981	2	3	120)
e(981	1	4	110)
e(981	2	4	10)
e(981	3	4	100)
e(981	1	5	120)
e(981	2	5	160)
e(981	3	5	150)
e(981	4	5	70)
e(985	1	2	20)
e(985	1	3	30)
e(985	2	3	10)
e(985	1	4	50)
e(985	2	4	10)
e(985	3	4	140)
e(985	1	5	50)
e(985	2	5	30)
e(985	3	5	40)
e(985	4	5	110)
e(986	1	2	30)
e(986	1	3	50)
e(986	2	3	70)
e(986	1	4	120)
e(986	2	4	20)
e(986	3	4	160)
e(986	1	5	10)
e(986	2	5	110)
e(986	3	5	30)
e(986	4	5	30)
e(988	1	2	150)
e(989	1	3	100)
e(989	2	3	110)
e(989	1	4	110)
e(989	2	4	10)
e(989	3	4	20)
e(990	1	2	60)
e(990	1	3	70)
e(990	2	3	60)
e(990	1	4	60)
e(990	2	4	10)
e(990	3	4	110)
e(990	1	5	80)
e(990	2	5	70)
e(990	3	5	140)
e(991	1	2	160)
e(992	1	2	160)
e(993	1	2	150)
e(993	1	3	140)
e(993	2	3	90)
e(994	1	2	80)
e(994	2	3	50)
e(994	1	4	30)
e(994	3	4	30)
e(996	1	2	160)
e(997	1	2	100)
e(997	1	3	100)
e(997	2	3	150)
e(997	1	4	40)
e(997	2	4	60)
e(997	3	4	90)
e(998	1	2	10)
e(998	1	3	30)
e(998	2	3	90)
e(998	1	4	150)
e(998	2	4	140)
e(998	3	4	70)
e(998	1	5	130)
e(998	2	5	20)
e(998	3	5	140)
e(998	4	5	110)
e(999	1	2	80)
e(1000	1	2	130)
e(1000	1	3	70)
e(1000	2	3	20)
e(1000	1	4	100)
e(1000	2	4	130)
e(1000	3	4	130)
e(1000	1	5	90)
e(1000	2	5	70)
e(1000	3	5	90)
e(1000	4	5	80)
e(1001	1	2	120)
e(1001	1	3	80)
e(1001	2	3	130)
e(1001	1	4	30)
e(1001	2	4	20)
e(1001	3	4	70)
e(1002	1	2	20)
e(1002	1	3	70)
e(1002	2	3	10)
e(1002	1	4	120)
e(1002	2	4	100)
e(1002	3	4	30)
e(1003	1	2	50)
e(1003	1	3	20)
e(1003	2	3	50)
e(1004	1	2	120)
e(1004	1	3	130)
e(1004	2	3	90)
e(1004	1	4	130)
e(1004	2	4	160)
e(1004	3	4	130)
e(1004	1	5	40)
e(1004	2	5	80)
e(1004	3	5	60)
e(1004	4	5	100)
e(1005	1	2	150)
e(1005	1	3	70)
e(1005	2	3	100)
e(1006	1	2	100)
e(1006	1	3	50)
e(1006	2	3	160)
e(1009	1	2	130)
e(1010	1	2	80)
e(1011	1	2	50)
e(1011	1	3	20)
e(1011	2	3	130)
e(1011	1	4	40)
e(1011	2	4	80)
e(1011	3	4	140)
e(1011	1	5	30)
e(1011	2	5	80)
e(1011	3	5	120)
e(1011	4	5	100)
e(1012	1	2	100)
e(1012	1	3	70)
e(1012	2	3	90)
e(1012	1	4	40)
e(1012	2	4	140)
e(1012	3	4	150)
e(1013	1	2	140)
e(1013	1	3	20)
e(1013	2	3	120)
e(1013	1	4	90)
e(1013	2	4	110)
e(1013	3	4	80)
e(1013	1	5	120)
e(1013	2	5	160)
e(1013	3	5	40)
e(1014	1	2	90)
e(1015	1	2	50)
e(1015	1	3	20)
e(1015	2	3	130)
e(1015	1	4	110)
e(1015	2	4	100)
e(1015	3	4	110)
e(1015	3	5	160)
e(1015	4	5	80)
e(1016	1	2	110)
e(1016	2	3	150)
e(1018	1	2	100)
e(1018	1	3	80)
e(1018	2	3	70)
e(1018	1	4	70)
e(1018	2	4	130)
e(1018	3	4	120)
e(1018	1	5	30)
e(1018	2	5	50)
e(1018	3	5	110)
e(1018	4	5	50)
e(1019	1	2	40)
e(1019	1	3	50)
e(1019	2	3	120)
e(1019	1	4	50)
e(1019	2	4	60)
e(1019	3	4	20)
e(1019	1	5	10)
e(1019	2	5	90)
e(1019	3	5	70)
e(1019	4	5	150)
e(1020	1	2	60)
e(1020	1	3	140)
e(1020	2	3	60)
e(1020	1	4	80)
e(1020	2	4	130)
e(1020	3	4	150)
e(1020	1	5	80)
e(1020	2	5	150)
e(1020	3	5	90)
e(1020	4	5	150)
e(1021	1	2	140)
e(1022	1	2	50)
e(1022	1	3	50)
e(1022	2	3	20)
e(1022	1	4	150)
e(1022	2	4	120)
e(1022	3	4	60)
e(1022	1	5	130)
e(1022	2	5	50)
e(1022	3	5	160)
e(1022	4	5	160)
e(1023	1	2	130)
e(1023	1	3	50)
e(1023	2	3	100)
e(1023	1	4	10)
e(1023	2	4	20)
e(1023	3	4	140)
e(1023	1	5	160)
e(1023	2	5	60)
e(1023	3	5	80)
e(1023	4	5	110)
e(1024	1	2	20)
e(1024	1	3	140)
e(1024	2	3	80)
e(1025	1	2	40)
e(1025	1	3	90)
e(1025	2	3	140)
e(1026	1	2	80)
e(1026	1	3	140)
e(1026	2	3	20)
e(1026	1	4	60)
e(1026	3	4	140)
e(1027	1	2	120)
e(1027	1	3	30)
e(1027	2	3	20)
e(1027	1	4	70)
e(1027	2	4	40)
e(1027	3	4	40)
e(1028	1	2	90)
e(1031	1	2	40)
e(1031	1	3	130)
e(1031	2	3	130)
e(1031	1	4	20)
e(1031	2	4	80)
e(1031	3	4	10)
e(1032	1	2	90)
e(1033	1	2	20)
e(1033	1	3	160)
e(1033	2	3	70)
e(1033	1	4	140)
e(1033	2	4	80)
e(1033	3	4	120)
e(1034	1	2	120)
e(1034	1	3	80)
e(1034	2	3	60)
e(1036	1	2	120)
e(1036	1	3	40)
e(1036	2	3	30)
e(1036	1	4	70)
e(1036	2	4	120)
e(1036	3	4	150)
e(1036	1	5	130)
e(1036	2	5	70)
e(1036	3	5	130)
e(1036	4	5	30)
e(1038	1	2	120)
e(1038	1	3	90)
e(1038	2	3	50)
e(1038	1	4	130)
e(1038	2	4	130)
e(1038	3	4	50)
e(1038	1	5	50)
e(1038	2	5	80)
e(1038	3	5	90)
e(1038	4	5	40)
e(1039	1	2	20)
e(1039	1	3	10)
e(1039	2	3	10)
e(1039	1	4	50)
e(1039	2	4	60)
e(1039	3	4	80)
e(1040	1	2	160)
e(1040	2	3	50)
e(1040	1	4	70)
e(1040	2	4	60)
e(1040	3	4	60)
e(1041	1	2	100)
e(1041	1	3	100)
e(1041	2	3	90)
e(1041	1	4	110)
e(1041	2	4	10)
e(1041	3	4	30)
e(1042	1	2	60)
e(1042	1	3	140)
e(1042	2	3	150)
e(1042	1	4	150)
e(1042	2	4	90)
e(1042	3	4	60)
e(1045	1	2	10)
e(1045	1	3	100)
e(1045	2	3	110)
e(1046	1	2	40)
e(1046	1	3	140)
e(1046	2	3	30)
e(1046	1	4	150)
e(1046	2	4	90)
e(1046	3	4	40)
e(1046	1	5	10)
e(1046	3	5	80)
e(1046	4	5	140)
e(1047	1	2	40)
e(1047	2	3	120)
e(1047	1	4	150)
e(1047	2	4	30)
e(1047	3	4	20)
e(1048	1	2	40)
e(1048	1	3	100)
e(1048	2	3	150)
e(1050	1	2	120)
e(1050	1	3	40)
e(1050	2	3	40)
e(1050	1	4	90)
e(1050	2	4	140)
e(1050	3	4	10)
e(1051	1	2	130)
e(1051	1	3	70)
e(1051	2	3	10)
e(1053	1	2	140)
e(1053	2	3	50)
e(1053	1	4	150)
e(1053	2	4	120)
e(1053	3	4	50)
e(1053	1	5	30)
e(1053	2	5	40)
e(1053	3	5	130)
e(1053	4	5	50)
e(1054	1	2	120)
e(1054	1	3	150)
e(1054	2	3	40)
e(1054	2	4	140)
e(1054	3	4	60)
e(1055	1	2	20)
e(1056	1	2	120)
e(1056	1	3	120)
e(1056	2	3	90)
e(1056	1	4	10)
e(1056	2	4	140)
e(1056	3	4	60)
e(1056	1	5	50)
e(1056	2	5	10)
e(1056	3	5	80)
e(1056	4	5	160)
e(1058	1	3	100)
e(1058	2	3	60)
e(1058	1	4	110)
e(1058	2	4	100)
e(1058	3	4	110)
e(1058	1	5	70)
e(1058	2	5	160)
e(1058	3	5	50)
e(1058	4	5	50)
e(1059	1	2	50)
e(1060	1	2	90)
e(1060	1	3	160)
e(1060	2	3	20)
e(1060	1	4	160)
e(1060	2	4	100)
e(1060	3	4	80)
e(1061	1	2	120)
e(1061	1	3	90)
e(1061	2	3	30)
e(1061	1	4	50)
e(1061	2	4	140)
e(1061	3	4	40)
e(1062	1	2	110)
e(1062	1	3	20)
e(1062	2	3	80)
e(1063	1	2	80)
e(1063	1	3	10)
e(1063	2	3	40)
e(1063	1	4	50)
e(1063	2	4	140)
e(1063	3	4	110)
e(1064	1	2	140)
e(1064	1	3	30)
e(1064	2	3	130)
e(1064	1	4	20)
e(1064	2	4	160)
e(1064	3	4	80)
e(1064	1	5	110)
e(1064	2	5	30)
e(1064	3	5	10)
e(1064	4	5	60)
e(1065	1	2	80)
e(1065	1	3	60)
e(1065	2	3	120)
e(1065	1	4	50)
e(1065	2	4	110)
e(1065	3	4	10)
e(1065	1	5	100)
e(1065	2	5	40)
e(1065	3	5	160)
e(1065	4	5	120)
e(1066	1	2	50)
e(1066	1	3	110)
e(1066	2	3	40)
e(1066	1	4	20)
e(1066	2	4	160)
e(1067	1	2	130)
e(1068	1	2	50)
e(1070	1	2	50)
e(1070	1	3	10)
e(1070	2	3	160)
e(1070	1	4	10)
e(1070	2	4	80)
e(1070	3	4	20)
e(1071	1	2	40)
e(1071	1	3	60)
e(1071	2	3	80)
e(1072	1	2	70)
e(1072	1	3	160)
e(1072	2	3	50)
e(1072	1	4	150)
e(1072	2	4	20)
e(1072	3	4	160)
e(1073	1	2	100)
e(1073	1	3	80)
e(1073	2	3	20)
e(1073	1	4	30)
e(1073	2	4	120)
e(1073	3	4	90)
e(1074	1	2	140)
e(1075	1	2	100)
e(1075	1	3	90)
e(1075	2	3	90)
e(1075	1	4	60)
e(1075	2	4	100)
e(1075	3	4	120)
e(1075	1	5	70)
e(1075	2	5	150)
e(1075	3	5	140)
e(1076	1	2	150)
e(1076	1	3	70)
e(1076	2	3	90)
e(1076	1	4	10)
e(1076	3	4	40)
e(1076	1	5	40)
e(1076	2	5	160)
e(1076	3	5	110)
e(1076	4	5	50)
e(1077	1	2	100)
e(1077	1	3	60)
e(1077	2	3	120)
e(1077	1	4	80)
e(1077	2	4	50)
e(1077	3	4	70)
e(1078	1	2	80)
e(1078	1	3	50)
e(1078	2	3	100)
e(1078	1	4	80)
e(1078	2	4	150)
e(1078	3	4	130)
e(1079	1	2	140)
e(1079	1	3	40)
e(1079	2	3	20)
e(1079	1	4	20)
e(1079	2	4	140)
e(1079	3	4	60)
e(1080	1	2	100)
e(1080	1	3	40)
e(1081	1	2	140)
e(1083	1	2	20)
e(1084	1	3	40)
e(1084	2	3	60)
e(1084	1	4	110)
e(1084	3	4	80)
e(1084	1	5	20)
e(1084	2	5	110)
e(1084	3	5	100)
e(1084	4	5	140)
e(1086	1	2	150)
e(1086	1	3	60)
e(1086	2	3	90)
e(1086	1	4	130)
e(1086	2	4	60)
e(1086	3	4	70)
e(1086	1	5	150)
e(1086	2	5	70)
e(1086	3	5	70)
e(1086	4	5	70)
e(1087	1	2	150)
e(1087	1	3	20)
e(1087	2	3	60)
e(1089	1	2	40)
e(1089	1	3	40)
e(1089	2	3	160)
e(1089	1	4	90)
e(1089	2	4	70)
e(1089	3	4	90)
e(1089	1	5	30)
e(1089	2	5	100)
e(1089	3	5	110)
e(1091	1	2	140)
e(1091	1	3	60)
e(1091	2	3	160)
e(1091	1	4	110)
e(1091	2	4	70)
e(1091	3	4	50)
e(1092	1	2	140)
e(1092	1	3	110)
e(1092	2	3	40)
e(1092	1	4	50)
e(1092	2	4	30)
e(1092	3	4	70)
e(1094	1	2	140)
e(1094	1	3	90)
e(1094	2	3	40)
e(1094	1	4	60)
e(1094	2	4	20)
e(1094	3	4	10)
e(1094	1	5	130)
e(1094	2	5	80)
e(1094	3	5	80)
e(1094	4	5	150)
e(1096	1	2	110)
e(1097	1	2	140)
e(1097	1	3	120)
e(1097	2	3	70)
e(1097	1	4	130)
e(1097	2	4	130)
e(1097	3	4	110)
e(1098	1	2	150)
e(1098	1	3	90)
e(1098	2	3	160)
e(1098	1	4	60)
e(1098	2	4	100)
e(1098	3	4	140)
e(1098	1	5	30)
e(1098	2	5	20)
e(1098	3	5	130)
e(1098	4	5	100)
e(1099	1	2	120)
