255

d(1	11	16	5	200000.0)
d(2	3	12	5	200000.0)
d(3	8	13	1	200000.0)
d(4	16	22	2	200000.0)
d(5	21	22	3	200000.0)
d(6	23	23	2	200000.0)
d(7	21	22	4	200000.0)
d(8	21	23	5	200000.0)
d(9	10	23	3	200000.0)
d(10	9	15	3	200000.0)
d(11	6	15	3	200000.0)
d(12	19	24	4	200000.0)
d(13	13	17	3	200000.0)
d(14	17	21	3	200000.0)
d(15	10	19	2	200000.0)
d(16	21	24	2	200000.0)
d(17	8	15	1	200000.0)
d(18	2	11	2	200000.0)
d(19	4	21	2	200000.0)
d(20	5	5	2	200000.0)
d(21	21	24	3	200000.0)
d(22	7	14	5	200000.0)
d(23	2	9	5	200000.0)
d(24	23	24	3	200000.0)
d(25	7	19	5	200000.0)
d(26	3	7	1	200000.0)
d(27	4	16	2	200000.0)
d(28	7	22	2	200000.0)
d(29	20	24	4	200000.0)
d(30	11	14	2	200000.0)
d(31	11	24	3	200000.0)
d(32	22	22	4	200000.0)
d(33	15	24	4	200000.0)
d(34	22	24	4	200000.0)
d(35	23	23	3	200000.0)
d(36	8	19	2	200000.0)
d(37	9	17	3	200000.0)
d(38	9	19	1	200000.0)
d(39	23	23	1	200000.0)
d(40	11	11	2	200000.0)
d(41	10	19	5	200000.0)
d(42	20	24	3	200000.0)
d(43	11	13	4	200000.0)
d(44	1	15	4	200000.0)
d(45	17	24	3	200000.0)
d(46	9	24	3	200000.0)
d(47	11	13	2	200000.0)
d(48	23	23	4	200000.0)
d(49	11	23	3	200000.0)
d(50	1	3	2	200000.0)
d(51	21	21	1	200000.0)
d(52	1	3	3	200000.0)
d(53	14	18	3	200000.0)
d(54	4	9	2	200000.0)
d(55	21	24	2	200000.0)
d(56	8	9	1	200000.0)
d(57	7	10	2	200000.0)
d(58	8	12	3	200000.0)
d(59	13	14	3	200000.0)
d(60	1	11	3	200000.0)
d(61	8	24	3	200000.0)
d(62	1	7	2	200000.0)
d(63	5	6	1	200000.0)
d(64	21	23	1	200000.0)
d(65	5	19	4	200000.0)
d(66	16	21	2	200000.0)
d(67	13	18	1	200000.0)
d(68	16	16	4	200000.0)
d(69	12	19	2	200000.0)
d(70	9	16	5	200000.0)
d(71	15	17	2	200000.0)
d(72	18	19	5	200000.0)
d(73	16	19	1	200000.0)
d(74	16	16	2	200000.0)
d(75	20	21	4	200000.0)
d(76	3	4	2	200000.0)
d(77	13	16	3	200000.0)
d(78	21	24	2	200000.0)
d(79	7	11	1	200000.0)
d(80	17	20	2	200000.0)
d(81	15	23	4	200000.0)
d(82	20	20	4	200000.0)
d(83	7	22	1	200000.0)
d(84	19	24	5	200000.0)
d(85	17	17	3	200000.0)
d(86	13	21	5	200000.0)
d(87	3	18	3	200000.0)
d(88	14	18	5	200000.0)
d(89	3	4	2	200000.0)
d(90	12	14	5	200000.0)
d(91	9	14	5	200000.0)
d(92	3	3	5	200000.0)
d(93	9	15	5	200000.0)
d(94	24	24	3	200000.0)
d(95	2	11	5	200000.0)
d(96	21	22	2	200000.0)
d(97	12	14	5	200000.0)
d(98	23	24	2	200000.0)
d(99	22	24	2	200000.0)
d(100	22	24	4	200000.0)
d(101	4	22	3	200000.0)
d(102	10	16	3	200000.0)
d(103	18	20	1	200000.0)
d(104	22	22	1	200000.0)
d(105	14	22	4	200000.0)
d(106	2	9	4	200000.0)
d(107	1	4	5	200000.0)
d(108	18	20	4	200000.0)
d(109	9	18	4	200000.0)
d(110	10	10	2	200000.0)
d(111	8	23	4	200000.0)
d(112	13	22	5	200000.0)
d(113	8	9	1	200000.0)
d(114	17	21	2	200000.0)
d(115	18	18	5	200000.0)
d(116	14	21	4	200000.0)
d(117	19	19	4	200000.0)
d(118	17	24	5	200000.0)
d(119	7	15	3	200000.0)
d(120	6	7	1	200000.0)
d(121	19	20	5	200000.0)
d(122	17	20	3	200000.0)
d(123	10	11	1	200000.0)
d(124	2	16	2	200000.0)
d(125	12	23	2	200000.0)
d(126	14	15	4	200000.0)
d(127	22	23	3	200000.0)
d(128	5	22	2	200000.0)
d(129	22	23	5	200000.0)
d(130	17	18	5	200000.0)
d(131	15	24	1	200000.0)
d(132	14	21	3	200000.0)
d(133	5	20	5	200000.0)
d(134	12	20	2	200000.0)
d(135	19	21	3	200000.0)
d(136	10	24	4	200000.0)
d(137	14	16	1	200000.0)
d(138	4	10	2	200000.0)
d(139	19	19	5	200000.0)
d(140	9	16	2	200000.0)
d(141	20	24	4	200000.0)
d(142	6	20	4	200000.0)
d(143	17	20	4	200000.0)
d(144	19	21	4	200000.0)
d(145	12	12	2	200000.0)
d(146	21	24	1	200000.0)
d(147	15	16	2	200000.0)
d(148	18	24	4	200000.0)
d(149	9	20	4	200000.0)
d(150	9	11	5	200000.0)
d(151	7	10	4	200000.0)
d(152	18	21	5	200000.0)
d(153	18	19	4	200000.0)
d(154	23	23	1	200000.0)
d(155	12	20	2	200000.0)
d(156	20	21	1	200000.0)
d(157	21	23	2	200000.0)
d(158	16	20	5	200000.0)
d(159	8	14	4	200000.0)
d(160	20	22	5	200000.0)
d(161	8	12	2	200000.0)
d(162	15	20	3	200000.0)
d(163	7	7	5	200000.0)
d(164	5	20	1	200000.0)
d(165	8	10	4	200000.0)
d(166	11	18	4	200000.0)
d(167	22	24	2	200000.0)
d(168	13	21	2	200000.0)
d(169	23	24	3	200000.0)
d(170	13	19	5	200000.0)
d(171	5	21	1	200000.0)
d(172	20	23	1	200000.0)
d(173	2	9	2	200000.0)
d(174	3	13	2	200000.0)
d(175	13	19	1	200000.0)
d(176	21	22	2	200000.0)
d(177	19	21	4	200000.0)
d(178	9	19	4	200000.0)
d(179	3	20	2	200000.0)
d(180	21	22	4	200000.0)
d(181	2	7	5	200000.0)
d(182	18	21	1	200000.0)
d(183	16	24	2	200000.0)
d(184	19	24	2	200000.0)
d(185	14	16	1	200000.0)
d(186	12	20	5	200000.0)
d(187	20	23	2	200000.0)
d(188	23	23	4	200000.0)
d(189	19	23	3	200000.0)
d(190	20	24	5	200000.0)
d(191	21	23	2	200000.0)
d(192	5	11	5	200000.0)
d(193	14	18	2	200000.0)
d(194	2	9	3	200000.0)
d(195	3	9	2	200000.0)
d(196	6	24	4	200000.0)
d(197	8	19	2	200000.0)
d(198	24	24	5	200000.0)
d(199	11	15	4	200000.0)
d(200	22	24	2	200000.0)
d(201	4	4	3	200000.0)
d(202	13	13	2	200000.0)
d(203	14	24	4	200000.0)
d(204	11	11	4	200000.0)
d(205	4	17	1	200000.0)
d(206	3	3	3	200000.0)
d(207	1	10	2	200000.0)
d(208	11	23	2	200000.0)
d(209	17	22	3	200000.0)
d(210	14	19	3	200000.0)
d(211	24	24	1	200000.0)
d(212	3	12	1	200000.0)
d(213	5	11	4	200000.0)
d(214	14	21	3	200000.0)
d(215	15	22	4	200000.0)
d(216	13	15	2	200000.0)
d(217	9	23	1	200000.0)
d(218	22	24	4	200000.0)
d(219	22	23	1	200000.0)
d(220	6	15	4	200000.0)
d(221	20	21	4	200000.0)
d(222	12	14	4	200000.0)
d(223	2	13	5	200000.0)
d(224	13	21	2	200000.0)
d(225	21	22	4	200000.0)
d(226	1	16	4	200000.0)
d(227	23	23	2	200000.0)
d(228	5	22	1	200000.0)
d(229	19	24	4	200000.0)
d(230	14	15	1	200000.0)
d(231	20	21	4	200000.0)
d(232	24	24	4	200000.0)
d(233	10	19	5	200000.0)
d(234	1	7	4	200000.0)
d(235	10	23	3	200000.0)
d(236	21	24	2	200000.0)
d(237	15	19	5	200000.0)
d(238	21	22	3	200000.0)
d(239	10	24	4	200000.0)
d(240	14	20	3	200000.0)
d(241	20	23	5	200000.0)
d(242	12	15	2	200000.0)
d(243	3	20	1	200000.0)
d(244	10	15	2	200000.0)
d(245	22	23	5	200000.0)
d(246	2	9	4	200000.0)
d(247	17	22	5	200000.0)
d(248	18	21	4	200000.0)
d(249	9	24	3	200000.0)
d(250	8	21	4	200000.0)
d(251	8	13	2	200000.0)
d(252	7	24	3	200000.0)
d(253	18	19	5	200000.0)
d(254	10	19	5	200000.0)
d(255	24	24	5	200000.0)
v(1	1	18	145	36	4)
v(1	2	9	167	18	4)
v(1	3	15	172	30	4)
v(1	4	16	49	32	4)
v(1	5	16	90	32	4)
v(2	1	30	153	60	4)
v(2	2	17	53	34	3)
v(2	3	10	158	20	4)
v(2	4	24	141	48	4)
v(2	5	30	177	60	3)
v(3	1	6	113	12	0)
v(4	1	24	155	48	1)
v(4	2	19	121	38	1)
v(5	1	8	60	16	2)
v(5	2	10	28	20	2)
v(5	3	12	34	24	2)
v(6	1	11	96	22	1)
v(6	2	25	125	50	1)
v(7	1	31	85	62	2)
v(7	2	11	151	22	3)
v(7	3	30	93	60	3)
v(7	4	7	11	14	2)
v(8	1	28	162	56	4)
v(8	2	26	181	52	3)
v(8	3	8	140	16	4)
v(8	4	11	28	22	4)
v(8	5	27	114	54	3)
v(9	1	23	41	46	2)
v(9	2	8	61	16	2)
v(9	3	21	32	42	2)
v(10	1	20	143	40	2)
v(10	2	22	157	44	2)
v(10	3	24	44	48	2)
v(11	1	30	42	60	1)
v(11	2	21	80	42	2)
v(11	3	10	69	20	1)
v(12	1	2	34	4	3)
v(12	2	22	96	44	3)
v(12	3	32	103	64	3)
v(12	4	4	66	8	3)
v(13	1	14	19	28	2)
v(13	2	12	72	24	2)
v(13	3	14	147	28	2)
v(14	1	18	150	36	2)
v(14	2	26	89	52	2)
v(14	3	23	131	46	2)
v(15	1	16	174	32	1)
v(15	2	17	151	34	1)
v(16	1	15	64	30	1)
v(16	2	27	139	54	1)
v(17	1	17	140	34	0)
v(18	1	31	89	62	1)
v(18	2	19	136	38	1)
v(19	1	23	90	46	1)
v(19	2	32	91	64	1)
v(20	1	28	186	56	1)
v(20	2	28	42	56	1)
v(21	1	6	110	12	2)
v(21	2	13	131	26	2)
v(21	3	1	26	2	2)
v(22	1	32	89	64	4)
v(22	2	22	38	44	3)
v(22	3	14	66	28	2)
v(22	4	13	42	26	4)
v(22	5	28	141	56	3)
v(23	1	10	90	20	4)
v(23	2	8	107	16	4)
v(23	3	30	167	60	4)
v(23	4	24	101	48	4)
v(23	5	6	152	12	4)
v(24	1	27	72	54	1)
v(24	2	20	90	40	0)
v(24	3	6	133	12	1)
v(25	1	24	158	48	2)
v(25	2	21	79	42	4)
v(25	3	11	167	22	4)
v(25	4	20	36	40	3)
v(25	5	21	33	42	3)
v(26	1	16	61	32	0)
v(27	1	12	88	24	1)
v(27	2	24	126	48	1)
v(28	1	2	39	4	1)
v(28	2	3	36	6	1)
v(29	1	28	39	56	2)
v(29	2	25	53	50	2)
v(29	3	3	160	6	3)
v(29	4	24	167	48	3)
v(30	1	21	105	42	1)
v(30	2	1	4	2	1)
v(31	1	31	53	62	2)
v(31	2	1	76	2	2)
v(31	3	21	88	42	2)
v(32	1	26	145	52	3)
v(32	2	14	144	28	3)
v(32	3	18	59	36	3)
v(32	4	12	78	24	3)
v(33	1	26	150	52	3)
v(33	2	15	65	30	3)
v(33	3	30	151	60	3)
v(33	4	12	92	24	3)
v(34	1	12	13	24	3)
v(34	2	10	142	20	2)
v(34	3	12	92	24	3)
v(34	4	20	62	40	2)
v(35	1	23	35	46	2)
v(35	2	12	95	24	2)
v(35	3	26	169	52	2)
v(36	1	10	13	20	1)
v(36	2	17	22	34	1)
v(37	1	22	150	44	2)
v(37	2	27	112	54	2)
v(37	3	17	157	34	2)
v(38	1	23	118	46	0)
v(39	1	19	86	38	0)
v(40	1	31	42	62	1)
v(40	2	10	20	20	1)
v(41	1	24	56	48	3)
v(41	2	28	187	56	4)
v(41	3	32	64	64	4)
v(41	4	1	72	2	4)
v(41	5	22	81	44	3)
v(42	1	13	108	26	2)
v(42	2	15	151	30	2)
v(42	3	7	26	14	2)
v(43	1	14	25	28	3)
v(43	2	13	143	26	3)
v(43	3	8	68	16	2)
v(43	4	30	152	60	2)
v(44	1	2	92	4	3)
v(44	2	24	152	48	3)
v(44	3	12	162	24	3)
v(44	4	25	119	50	3)
v(45	1	28	38	56	2)
v(45	2	27	155	54	2)
v(45	3	18	171	36	2)
v(46	1	20	118	40	2)
v(46	2	31	47	62	2)
v(46	3	10	57	20	2)
v(47	1	9	93	18	1)
v(47	2	13	26	26	1)
v(48	1	10	34	20	3)
v(48	2	11	41	22	3)
v(48	3	30	190	60	3)
v(48	4	4	18	8	3)
v(49	1	31	65	62	2)
v(49	2	3	133	6	2)
v(49	3	23	38	46	2)
v(50	1	7	149	14	1)
v(50	2	25	128	50	1)
v(51	1	9	61	18	0)
v(52	1	12	165	24	2)
v(52	2	12	73	24	2)
v(52	3	4	8	8	2)
v(53	1	15	90	30	2)
v(53	2	14	66	28	2)
v(53	3	2	125	4	2)
v(54	1	2	142	4	1)
v(54	2	27	127	54	1)
v(55	1	17	103	34	1)
v(55	2	9	150	18	1)
v(56	1	21	132	42	0)
v(57	1	9	141	18	1)
v(57	2	16	83	32	1)
v(58	1	7	21	14	2)
v(58	2	6	129	12	2)
v(58	3	3	126	6	2)
v(59	1	6	115	12	2)
v(59	2	24	172	48	2)
v(59	3	12	115	24	2)
v(60	1	27	108	54	2)
v(60	2	31	47	62	2)
v(60	3	18	73	36	2)
v(61	1	2	89	4	2)
v(61	2	2	137	4	2)
v(61	3	23	53	46	2)
v(62	1	12	118	24	1)
v(62	2	13	85	26	1)
v(63	1	23	101	46	0)
v(64	1	1	84	2	0)
v(65	1	4	55	8	3)
v(65	2	5	149	10	3)
v(65	3	12	37	24	3)
v(65	4	10	158	20	3)
v(66	1	15	60	30	1)
v(66	2	31	159	62	1)
v(67	1	8	137	16	0)
v(68	1	32	123	64	3)
v(68	2	3	50	6	3)
v(68	3	10	136	20	3)
v(68	4	8	21	16	3)
v(69	1	17	83	34	1)
v(69	2	11	74	22	1)
v(70	1	23	110	46	3)
v(70	2	1	10	2	3)
v(70	3	7	104	14	4)
v(70	4	4	128	8	4)
v(70	5	21	72	42	4)
v(71	1	32	71	64	1)
v(71	2	28	79	56	1)
v(72	1	8	150	16	3)
v(72	2	28	114	56	4)
v(72	3	23	124	46	4)
v(72	4	14	120	28	4)
v(72	5	2	50	4	3)
v(73	1	21	157	42	0)
v(74	1	20	132	40	1)
v(74	2	16	80	32	1)
v(75	1	12	56	24	3)
v(75	2	16	22	32	3)
v(75	3	19	24	38	3)
v(75	4	1	116	2	3)
v(76	1	28	32	56	1)
v(76	2	27	179	54	1)
v(77	1	22	176	44	2)
v(77	2	11	156	22	2)
v(77	3	17	62	34	2)
v(78	1	6	12	12	1)
v(78	2	14	100	28	1)
v(79	1	26	169	52	0)
v(80	1	15	156	30	1)
v(80	2	31	149	62	1)
v(81	1	15	156	30	3)
v(81	2	11	92	22	3)
v(81	3	6	150	12	3)
v(81	4	5	13	10	3)
v(82	1	4	130	8	3)
v(82	2	31	177	62	3)
v(82	3	16	34	32	3)
v(82	4	12	95	24	3)
v(83	1	13	114	26	0)
v(84	1	1	19	2	4)
v(84	2	6	132	12	4)
v(84	3	10	33	20	4)
v(84	4	15	131	30	4)
v(84	5	31	104	62	4)
v(85	1	27	160	54	2)
v(85	2	31	146	62	2)
v(85	3	8	75	16	2)
v(86	1	6	151	12	4)
v(86	2	8	60	16	4)
v(86	3	9	83	18	3)
v(86	4	19	100	38	4)
v(86	5	6	152	12	3)
v(87	1	8	86	16	2)
v(87	2	20	144	40	2)
v(87	3	16	176	32	2)
v(88	1	20	96	40	4)
v(88	2	9	80	18	4)
v(88	3	25	160	50	4)
v(88	4	11	135	22	4)
v(88	5	28	41	56	4)
v(89	1	5	25	10	1)
v(89	2	17	30	34	1)
v(90	1	27	163	54	4)
v(90	2	14	85	28	4)
v(90	3	11	14	22	4)
v(90	4	12	61	24	3)
v(90	5	10	116	20	3)
v(91	1	18	50	36	4)
v(91	2	30	152	60	3)
v(91	3	27	98	54	4)
v(91	4	9	22	18	3)
v(91	5	12	17	24	4)
v(92	1	18	158	36	4)
v(92	2	29	73	58	4)
v(92	3	5	92	10	3)
v(92	4	6	24	12	3)
v(92	5	26	48	52	4)
v(93	1	27	77	54	4)
v(93	2	25	84	50	4)
v(93	3	26	54	52	4)
v(93	4	10	92	20	4)
v(93	5	16	61	32	4)
v(94	1	24	125	48	2)
v(94	2	27	176	54	2)
v(94	3	21	166	42	2)
v(95	1	22	166	44	3)
v(95	2	13	129	26	3)
v(95	3	19	112	38	4)
v(95	4	4	90	8	4)
v(95	5	24	59	48	4)
v(96	1	2	159	4	1)
v(96	2	15	104	30	1)
v(97	1	5	17	10	4)
v(97	2	12	132	24	4)
v(97	3	28	137	56	4)
v(97	4	6	95	12	4)
v(97	5	24	172	48	4)
v(98	1	4	82	8	1)
v(98	2	17	61	34	1)
v(99	1	11	153	22	1)
v(99	2	31	162	62	1)
v(100	1	1	127	2	3)
v(100	2	10	131	20	3)
v(100	3	21	31	42	3)
v(100	4	11	106	22	3)
v(101	1	21	32	42	2)
v(101	2	25	160	50	2)
v(101	3	17	70	34	2)
v(102	1	24	101	48	2)
v(102	2	12	14	24	1)
v(102	3	20	85	40	1)
v(103	1	20	84	40	0)
v(104	1	9	144	18	0)
v(105	1	8	113	16	3)
v(105	2	9	52	18	3)
v(105	3	10	63	20	3)
v(105	4	32	113	64	3)
v(106	1	1	70	2	3)
v(106	2	18	57	36	3)
v(106	3	12	142	24	3)
v(106	4	6	122	12	3)
v(107	1	30	65	60	4)
v(107	2	5	53	10	3)
v(107	3	22	46	44	4)
v(107	4	9	169	18	3)
v(107	5	9	27	18	4)
v(108	1	17	150	34	3)
v(108	2	8	78	16	3)
v(108	3	21	89	42	3)
v(108	4	21	45	42	3)
v(109	1	3	74	6	3)
v(109	2	23	47	46	3)
v(109	3	7	125	14	3)
v(109	4	32	87	64	3)
v(110	1	2	150	4	1)
v(110	2	16	97	32	1)
v(111	1	19	30	38	2)
v(111	2	12	127	24	3)
v(111	3	10	50	20	2)
v(111	4	17	32	34	3)
v(112	1	14	63	28	4)
v(112	2	32	33	64	4)
v(112	3	21	82	42	4)
v(112	4	16	152	32	4)
v(112	5	30	152	60	4)
v(113	1	21	39	42	0)
v(114	1	10	116	20	1)
v(114	2	8	160	16	1)
v(115	1	28	63	56	3)
v(115	2	16	63	32	4)
v(115	3	10	84	20	4)
v(115	4	18	50	36	4)
v(115	5	15	100	30	3)
v(116	1	23	143	46	3)
v(116	2	29	166	58	3)
v(116	3	3	7	6	3)
v(116	4	27	167	54	3)
v(117	1	4	151	8	3)
v(117	2	17	53	34	3)
v(117	3	7	30	14	3)
v(117	4	27	98	54	3)
v(118	1	14	66	28	4)
v(118	2	6	86	12	2)
v(118	3	23	144	46	4)
v(118	4	25	65	50	3)
v(118	5	14	162	28	3)
v(119	1	27	75	54	2)
v(119	2	2	161	4	2)
v(119	3	2	51	4	2)
v(120	1	9	66	18	0)
v(121	1	18	99	36	3)
v(121	2	6	125	12	3)
v(121	3	9	148	18	4)
v(121	4	16	77	32	4)
v(121	5	21	27	42	4)
v(122	1	28	146	56	2)
v(122	2	6	32	12	2)
v(122	3	18	171	36	2)
v(123	1	10	82	20	0)
v(124	1	22	68	44	1)
v(124	2	14	121	28	1)
v(125	1	6	8	12	1)
v(125	2	1	126	2	1)
v(126	1	2	43	4	3)
v(126	2	22	128	44	3)
v(126	3	21	152	42	3)
v(126	4	3	148	6	3)
v(127	1	30	166	60	2)
v(127	2	14	30	28	2)
v(127	3	8	146	16	2)
v(128	1	24	88	48	1)
v(128	2	16	30	32	1)
v(129	1	5	17	10	4)
v(129	2	24	147	48	4)
v(129	3	14	109	28	4)
v(129	4	27	81	54	4)
v(129	5	27	46	54	4)
v(130	1	10	161	20	4)
v(130	2	30	139	60	4)
v(130	3	2	32	4	4)
v(130	4	17	139	34	4)
v(130	5	6	118	12	4)
v(131	1	15	128	30	0)
v(132	1	26	102	52	2)
v(132	2	12	107	24	2)
v(132	3	18	119	36	2)
v(133	1	28	174	56	4)
v(133	2	24	152	48	4)
v(133	3	23	66	46	4)
v(133	4	15	152	30	4)
v(133	5	25	143	50	4)
v(134	1	31	189	62	1)
v(134	2	28	118	56	1)
v(135	1	23	40	46	2)
v(135	2	8	29	16	2)
v(135	3	13	131	26	2)
v(136	1	10	146	20	2)
v(136	2	24	149	48	2)
v(136	3	16	166	32	3)
v(136	4	1	60	2	3)
v(137	1	3	25	6	0)
v(138	1	18	94	36	1)
v(138	2	17	167	34	1)
v(139	1	19	66	38	4)
v(139	2	22	44	44	3)
v(139	3	17	80	34	4)
v(139	4	2	20	4	3)
v(139	5	24	49	48	4)
v(140	1	20	33	40	1)
v(140	2	13	14	26	1)
v(141	1	26	108	52	3)
v(141	2	12	49	24	3)
v(141	3	17	28	34	3)
v(141	4	15	168	30	3)
v(142	1	22	180	44	3)
v(142	2	18	110	36	3)
v(142	3	22	58	44	3)
v(142	4	21	52	42	3)
v(143	1	13	100	26	3)
v(143	2	2	144	4	3)
v(143	3	11	145	22	3)
v(143	4	22	76	44	3)
v(144	1	25	113	50	3)
v(144	2	8	109	16	3)
v(144	3	1	96	2	3)
v(144	4	4	112	8	3)
v(145	1	16	96	32	1)
v(145	2	31	58	62	1)
v(146	1	19	179	38	0)
v(147	1	5	108	10	1)
v(147	2	18	84	36	1)
v(148	1	25	56	50	3)
v(148	2	13	30	26	3)
v(148	3	19	158	38	3)
v(148	4	11	26	22	3)
v(149	1	2	63	4	3)
v(149	2	21	180	42	3)
v(149	3	17	35	34	3)
v(149	4	8	138	16	3)
v(150	1	29	145	58	4)
v(150	2	16	112	32	4)
v(150	3	7	8	14	4)
v(150	4	29	30	58	4)
v(150	5	18	159	36	4)
v(151	1	18	52	36	3)
v(151	2	32	162	64	3)
v(151	3	14	53	28	3)
v(151	4	2	129	4	3)
v(152	1	21	33	42	4)
v(152	2	31	125	62	4)
v(152	3	15	57	30	4)
v(152	4	18	108	36	4)
v(152	5	13	59	26	4)
v(153	1	23	132	46	3)
v(153	2	14	65	28	3)
v(153	3	6	51	12	3)
v(153	4	7	139	14	3)
v(154	1	15	50	30	0)
v(155	1	31	47	62	1)
v(155	2	28	103	56	1)
v(156	1	15	137	30	0)
v(157	1	15	141	30	1)
v(157	2	5	110	10	1)
v(158	1	30	144	60	4)
v(158	2	3	147	6	4)
v(158	3	9	122	18	4)
v(158	4	12	34	24	4)
v(158	5	3	32	6	4)
v(159	1	11	50	22	3)
v(159	2	22	179	44	3)
v(159	3	13	104	26	3)
v(159	4	1	86	2	3)
v(160	1	12	116	24	4)
v(160	2	1	21	2	4)
v(160	3	4	120	8	4)
v(160	4	11	109	22	4)
v(160	5	7	163	14	4)
v(161	1	27	51	54	1)
v(161	2	10	80	20	1)
v(162	1	19	57	38	2)
v(162	2	24	45	48	1)
v(162	3	2	100	4	1)
v(163	1	19	33	38	4)
v(163	2	5	51	10	4)
v(163	3	27	120	54	4)
v(163	4	11	42	22	4)
v(163	5	4	126	8	4)
v(164	1	9	80	18	0)
v(165	1	6	13	12	3)
v(165	2	21	122	42	3)
v(165	3	7	87	14	2)
v(165	4	5	6	10	2)
v(166	1	24	115	48	3)
v(166	2	4	38	8	3)
v(166	3	18	128	36	3)
v(166	4	28	111	56	3)
v(167	1	19	118	38	1)
v(167	2	7	95	14	1)
v(168	1	30	143	60	1)
v(168	2	24	162	48	1)
v(169	1	30	37	60	2)
v(169	2	29	76	58	1)
v(169	3	2	17	4	1)
v(170	1	14	73	28	4)
v(170	2	17	48	34	4)
v(170	3	14	148	28	3)
v(170	4	26	147	52	3)
v(170	5	15	132	30	4)
v(171	1	3	17	6	0)
v(172	1	2	27	4	0)
v(173	1	27	182	54	1)
v(173	2	24	131	48	1)
v(174	1	29	99	58	0)
v(174	2	15	106	30	0)
v(175	1	17	99	34	0)
v(176	1	11	158	22	1)
v(176	2	31	112	62	1)
v(177	1	12	124	24	3)
v(177	2	1	120	2	3)
v(177	3	27	164	54	3)
v(177	4	3	50	6	3)
v(178	1	22	106	44	3)
v(178	2	3	22	6	3)
v(178	3	20	123	40	3)
v(178	4	21	76	42	3)
v(179	1	18	87	36	1)
v(179	2	28	156	56	1)
v(180	1	14	162	28	3)
v(180	2	27	104	54	3)
v(180	3	2	125	4	2)
v(180	4	17	97	34	2)
v(181	1	9	19	18	4)
v(181	2	13	119	26	4)
v(181	3	8	60	16	4)
v(181	4	11	170	22	4)
v(181	5	2	23	4	4)
v(182	1	13	23	26	0)
v(183	1	27	135	54	1)
v(183	2	16	54	32	1)
v(184	1	2	83	4	1)
v(184	2	11	89	22	1)
v(185	1	25	90	50	0)
v(186	1	26	182	52	3)
v(186	2	30	113	60	3)
v(186	3	18	75	36	3)
v(186	4	19	62	38	4)
v(186	5	8	131	16	3)
v(187	1	14	44	28	1)
v(187	2	11	102	22	1)
v(188	1	9	101	18	2)
v(188	2	1	130	2	2)
v(188	3	29	64	58	1)
v(188	4	8	25	16	3)
v(189	1	30	75	60	1)
v(189	2	28	177	56	2)
v(189	3	32	73	64	1)
v(190	1	3	37	6	4)
v(190	2	19	58	38	4)
v(190	3	23	86	46	4)
v(190	4	28	36	56	4)
v(190	5	27	181	54	4)
v(191	1	8	140	16	1)
v(191	2	32	48	64	1)
v(192	1	3	85	6	3)
v(192	2	18	78	36	4)
v(192	3	24	42	48	4)
v(192	4	5	152	10	3)
v(192	5	29	168	58	4)
v(193	1	30	181	60	1)
v(193	2	28	132	56	1)
v(194	1	26	122	52	2)
v(194	2	18	160	36	2)
v(194	3	30	97	60	2)
v(195	1	30	95	60	1)
v(195	2	9	76	18	1)
v(196	1	17	157	34	2)
v(196	2	22	54	44	3)
v(196	3	3	149	6	2)
v(196	4	29	170	58	3)
v(197	1	24	123	48	1)
v(197	2	23	61	46	1)
v(198	1	5	94	10	3)
v(198	2	7	148	14	4)
v(198	3	27	116	54	3)
v(198	4	23	69	46	2)
v(198	5	18	168	36	4)
v(199	1	4	23	8	3)
v(199	2	30	112	60	3)
v(199	3	29	81	58	3)
v(199	4	4	119	8	3)
v(200	1	24	36	48	1)
v(200	2	22	139	44	1)
v(201	1	21	41	42	2)
v(201	2	24	184	48	2)
v(201	3	3	101	6	2)
v(202	1	27	31	54	1)
v(202	2	21	172	42	1)
v(203	1	9	110	18	3)
v(203	2	13	146	26	3)
v(203	3	28	176	56	3)
v(203	4	22	52	44	3)
v(204	1	24	105	48	3)
v(204	2	7	141	14	3)
v(204	3	19	147	38	3)
v(204	4	14	90	28	3)
v(205	1	6	42	12	0)
v(206	1	18	173	36	2)
v(206	2	9	85	18	2)
v(206	3	10	19	20	2)
v(207	1	31	46	62	1)
v(207	2	9	21	18	1)
v(208	1	9	68	18	1)
v(208	2	4	34	8	1)
v(209	1	22	176	44	2)
v(209	2	5	43	10	2)
v(209	3	29	128	58	2)
v(210	1	29	55	58	2)
v(210	2	28	159	56	2)
v(210	3	27	153	54	2)
v(211	1	3	128	6	0)
v(212	1	7	58	14	0)
v(213	1	13	103	26	3)
v(213	2	18	91	36	3)
v(213	3	4	117	8	3)
v(213	4	30	127	60	3)
v(214	1	29	114	58	2)
v(214	2	14	30	28	2)
v(214	3	26	178	52	2)
v(215	1	13	161	26	3)
v(215	2	20	95	40	3)
v(215	3	24	170	48	3)
v(215	4	19	124	38	3)
v(216	1	28	150	56	1)
v(216	2	28	151	56	1)
v(217	1	17	110	34	0)
v(218	1	16	79	32	3)
v(218	2	19	121	38	3)
v(218	3	30	184	60	3)
v(218	4	26	180	52	3)
v(219	1	2	137	4	0)
v(220	1	26	126	52	3)
v(220	2	24	87	48	3)
v(220	3	31	132	62	3)
v(220	4	21	61	42	3)
v(221	1	23	86	46	3)
v(221	2	32	35	64	3)
v(221	3	6	142	12	3)
v(221	4	27	140	54	3)
v(222	1	13	59	26	3)
v(222	2	17	74	34	3)
v(222	3	17	26	34	3)
v(222	4	24	132	48	3)
v(223	1	15	149	30	3)
v(223	2	9	109	18	3)
v(223	3	31	90	62	4)
v(223	4	7	38	14	4)
v(223	5	26	81	52	4)
v(224	1	26	55	52	1)
v(224	2	32	179	64	1)
v(225	1	7	120	14	3)
v(225	2	9	14	18	3)
v(225	3	25	93	50	3)
v(225	4	20	64	40	3)
v(226	1	11	171	22	3)
v(226	2	27	78	54	3)
v(226	3	2	80	4	3)
v(226	4	4	49	8	3)
v(227	1	7	23	14	1)
v(227	2	29	123	58	1)
v(228	1	8	124	16	0)
v(229	1	7	63	14	3)
v(229	2	24	77	48	3)
v(229	3	9	47	18	3)
v(229	4	9	29	18	3)
v(230	1	12	45	24	0)
v(231	1	30	46	60	3)
v(231	2	30	71	60	3)
v(231	3	20	134	40	3)
v(231	4	12	32	24	3)
v(232	1	10	94	20	2)
v(232	2	19	162	38	3)
v(232	3	2	10	4	3)
v(232	4	29	172	58	2)
v(233	1	16	73	32	3)
v(233	2	19	105	38	4)
v(233	3	32	100	64	4)
v(233	4	17	51	34	3)
v(233	5	4	126	8	4)
v(234	1	19	100	38	3)
v(234	2	25	180	50	3)
v(234	3	22	103	44	3)
v(234	4	22	37	44	3)
v(235	1	3	118	6	2)
v(235	2	28	63	56	2)
v(235	3	18	88	36	2)
v(236	1	1	111	2	1)
v(236	2	22	26	44	1)
v(237	1	32	169	64	4)
v(237	2	24	114	48	3)
v(237	3	11	128	22	4)
v(237	4	28	117	56	4)
v(237	5	31	113	62	3)
v(238	1	2	69	4	2)
v(238	2	20	22	40	2)
v(238	3	30	138	60	2)
v(239	1	19	120	38	3)
v(239	2	30	69	60	3)
v(239	3	15	18	30	3)
v(239	4	25	50	50	3)
v(240	1	1	58	2	2)
v(240	2	24	130	48	2)
v(240	3	21	127	42	2)
v(241	1	22	69	44	4)
v(241	2	11	106	22	4)
v(241	3	13	170	26	4)
v(241	4	31	147	62	4)
v(241	5	28	173	56	4)
v(242	1	25	129	50	1)
v(242	2	6	122	12	1)
v(243	1	27	60	54	0)
v(244	1	8	62	16	1)
v(244	2	31	163	62	1)
v(245	1	2	127	4	4)
v(245	2	21	181	42	4)
v(245	3	32	106	64	4)
v(245	4	7	32	14	4)
v(245	5	7	123	14	4)
v(246	1	8	10	16	3)
v(246	2	25	85	50	3)
v(246	3	25	116	50	3)
v(246	4	16	170	32	3)
v(247	1	30	73	60	4)
v(247	2	7	161	14	4)
v(247	3	4	105	8	4)
v(247	4	22	161	44	4)
v(247	5	24	146	48	4)
v(248	1	31	80	62	3)
v(248	2	21	177	42	3)
v(248	3	30	49	60	3)
v(248	4	4	106	8	3)
v(249	1	21	46	42	2)
v(249	2	13	68	26	2)
v(249	3	26	38	52	2)
v(250	1	4	103	8	2)
v(250	2	19	131	38	3)
v(250	3	2	69	4	2)
v(250	4	20	170	40	1)
v(251	1	31	181	62	1)
v(251	2	7	161	14	1)
v(252	1	9	168	18	2)
v(252	2	13	167	26	2)
v(252	3	25	110	50	2)
v(253	1	9	39	18	3)
v(253	2	8	40	16	3)
v(253	3	15	54	30	4)
v(253	4	14	24	28	4)
v(253	5	30	180	60	4)
v(254	1	8	56	16	4)
v(254	2	29	43	58	4)
v(254	3	17	128	34	4)
v(254	4	24	62	48	4)
v(254	5	3	116	6	4)
v(255	1	16	91	32	4)
v(255	2	31	141	62	4)
v(255	3	30	169	60	4)
v(255	4	27	31	54	4)
v(255	5	18	108	36	4)
e(1	1	2	140)
e(1	1	3	80)
e(1	2	3	40)
e(1	1	4	160)
e(1	2	4	110)
e(1	3	4	140)
e(1	1	5	20)
e(1	2	5	150)
e(1	3	5	140)
e(1	4	5	150)
e(2	1	2	110)
e(2	1	3	40)
e(2	2	3	10)
e(2	1	4	130)
e(2	2	4	30)
e(2	3	4	60)
e(2	1	5	20)
e(2	3	5	90)
e(2	4	5	70)
e(4	1	2	60)
e(5	1	2	150)
e(5	1	3	50)
e(5	2	3	140)
e(6	1	2	150)
e(7	1	2	120)
e(7	1	3	100)
e(7	2	3	140)
e(7	2	4	10)
e(7	3	4	20)
e(8	1	2	110)
e(8	1	3	30)
e(8	2	3	80)
e(8	1	4	90)
e(8	2	4	100)
e(8	3	4	140)
e(8	1	5	10)
e(8	3	5	90)
e(8	4	5	160)
e(9	1	2	110)
e(9	1	3	60)
e(9	2	3	20)
e(10	1	2	150)
e(10	1	3	50)
e(10	2	3	110)
e(11	1	2	30)
e(11	2	3	90)
e(12	1	2	140)
e(12	1	3	70)
e(12	2	3	140)
e(12	1	4	150)
e(12	2	4	80)
e(12	3	4	110)
e(13	1	2	120)
e(13	1	3	120)
e(13	2	3	130)
e(14	1	2	30)
e(14	1	3	80)
e(14	2	3	90)
e(15	1	2	80)
e(16	1	2	20)
e(18	1	2	150)
e(19	1	2	100)
e(20	1	2	130)
e(21	1	2	60)
e(21	1	3	20)
e(21	2	3	160)
e(22	1	2	50)
e(22	1	3	130)
e(22	1	4	90)
e(22	2	4	60)
e(22	3	4	120)
e(22	1	5	90)
e(22	2	5	130)
e(22	4	5	120)
e(23	1	2	120)
e(23	1	3	110)
e(23	2	3	110)
e(23	1	4	110)
e(23	2	4	100)
e(23	3	4	60)
e(23	1	5	90)
e(23	2	5	150)
e(23	3	5	120)
e(23	4	5	130)
e(24	1	3	80)
e(25	1	2	80)
e(25	1	3	50)
e(25	2	3	80)
e(25	2	4	140)
e(25	3	4	90)
e(25	2	5	140)
e(25	3	5	80)
e(25	4	5	60)
e(27	1	2	20)
e(28	1	2	150)
e(29	1	3	30)
e(29	2	3	80)
e(29	1	4	150)
e(29	2	4	150)
e(29	3	4	90)
e(30	1	2	50)
e(31	1	2	120)
e(31	1	3	90)
e(31	2	3	120)
e(32	1	2	90)
e(32	1	3	20)
e(32	2	3	150)
e(32	1	4	150)
e(32	2	4	160)
e(32	3	4	160)
e(33	1	2	20)
e(33	1	3	70)
e(33	2	3	20)
e(33	1	4	140)
e(33	2	4	50)
e(33	3	4	100)
e(34	1	2	110)
e(34	1	3	20)
e(34	2	3	140)
e(34	1	4	140)
e(34	3	4	60)
e(35	1	2	40)
e(35	1	3	150)
e(35	2	3	40)
e(36	1	2	110)
e(37	1	2	90)
e(37	1	3	140)
e(37	2	3	130)
e(40	1	2	40)
e(41	1	2	100)
e(41	1	3	90)
e(41	2	3	70)
e(41	1	4	70)
e(41	2	4	120)
e(41	3	4	50)
e(41	2	5	60)
e(41	3	5	40)
e(41	4	5	70)
e(42	1	2	40)
e(42	1	3	60)
e(42	2	3	70)
e(43	1	2	120)
e(43	1	3	50)
e(43	2	3	120)
e(43	1	4	20)
e(43	2	4	10)
e(44	1	2	100)
e(44	1	3	60)
e(44	2	3	140)
e(44	1	4	90)
e(44	2	4	20)
e(44	3	4	50)
e(45	1	2	100)
e(45	1	3	50)
e(45	2	3	30)
e(46	1	2	160)
e(46	1	3	70)
e(46	2	3	10)
e(47	1	2	140)
e(48	1	2	40)
e(48	1	3	70)
e(48	2	3	160)
e(48	1	4	110)
e(48	2	4	160)
e(48	3	4	80)
e(49	1	2	150)
e(49	1	3	110)
e(49	2	3	60)
e(50	1	2	90)
e(52	1	2	30)
e(52	1	3	50)
e(52	2	3	130)
e(53	1	2	90)
e(53	1	3	30)
e(53	2	3	80)
e(54	1	2	120)
e(55	1	2	100)
e(57	1	2	150)
e(58	1	2	60)
e(58	1	3	20)
e(58	2	3	130)
e(59	1	2	40)
e(59	1	3	100)
e(59	2	3	10)
e(60	1	2	140)
e(60	1	3	120)
e(60	2	3	70)
e(61	1	2	150)
e(61	1	3	90)
e(61	2	3	140)
e(62	1	2	70)
e(65	1	2	20)
e(65	1	3	40)
e(65	2	3	150)
e(65	1	4	60)
e(65	2	4	150)
e(65	3	4	20)
e(66	1	2	80)
e(68	1	2	20)
e(68	1	3	140)
e(68	2	3	60)
e(68	1	4	20)
e(68	2	4	10)
e(68	3	4	130)
e(69	1	2	70)
e(70	1	3	110)
e(70	2	3	150)
e(70	1	4	130)
e(70	2	4	70)
e(70	3	4	50)
e(70	1	5	60)
e(70	2	5	70)
e(70	3	5	100)
e(70	4	5	60)
e(71	1	2	120)
e(72	1	2	160)
e(72	1	3	110)
e(72	2	3	140)
e(72	1	4	130)
e(72	2	4	50)
e(72	3	4	120)
e(72	2	5	80)
e(72	3	5	80)
e(72	4	5	50)
e(74	1	2	20)
e(75	1	2	40)
e(75	1	3	100)
e(75	2	3	70)
e(75	1	4	150)
e(75	2	4	70)
e(75	3	4	140)
e(76	1	2	20)
e(77	1	2	130)
e(77	1	3	130)
e(77	2	3	90)
e(78	1	2	160)
e(80	1	2	30)
e(81	1	2	140)
e(81	1	3	60)
e(81	2	3	130)
e(81	1	4	10)
e(81	2	4	110)
e(81	3	4	70)
e(82	1	2	150)
e(82	1	3	90)
e(82	2	3	100)
e(82	1	4	150)
e(82	2	4	20)
e(82	3	4	70)
e(84	1	2	130)
e(84	1	3	130)
e(84	2	3	160)
e(84	1	4	60)
e(84	2	4	40)
e(84	3	4	60)
e(84	1	5	30)
e(84	2	5	120)
e(84	3	5	130)
e(84	4	5	80)
e(85	1	2	130)
e(85	1	3	160)
e(85	2	3	20)
e(86	1	2	120)
e(86	1	3	120)
e(86	2	3	20)
e(86	1	4	140)
e(86	2	4	90)
e(86	3	4	140)
e(86	1	5	160)
e(86	2	5	50)
e(86	4	5	70)
e(87	1	2	80)
e(87	1	3	20)
e(87	2	3	50)
e(88	1	2	80)
e(88	1	3	140)
e(88	2	3	60)
e(88	1	4	40)
e(88	2	4	120)
e(88	3	4	60)
e(88	1	5	50)
e(88	2	5	40)
e(88	3	5	50)
e(88	4	5	50)
e(89	1	2	90)
e(90	1	2	150)
e(90	1	3	160)
e(90	2	3	130)
e(90	1	4	130)
e(90	2	4	100)
e(90	3	4	70)
e(90	1	5	50)
e(90	2	5	160)
e(90	3	5	150)
e(91	1	2	130)
e(91	1	3	60)
e(91	2	3	30)
e(91	1	4	100)
e(91	3	4	40)
e(91	1	5	80)
e(91	2	5	120)
e(91	3	5	100)
e(91	4	5	80)
e(92	1	2	160)
e(92	1	3	130)
e(92	2	3	80)
e(92	1	4	50)
e(92	2	4	160)
e(92	1	5	120)
e(92	2	5	160)
e(92	3	5	110)
e(92	4	5	90)
e(93	1	2	30)
e(93	1	3	40)
e(93	2	3	40)
e(93	1	4	20)
e(93	2	4	40)
e(93	3	4	130)
e(93	1	5	150)
e(93	2	5	120)
e(93	3	5	60)
e(93	4	5	10)
e(94	1	2	10)
e(94	1	3	70)
e(94	2	3	120)
e(95	1	3	10)
e(95	2	3	20)
e(95	1	4	150)
e(95	2	4	130)
e(95	3	4	130)
e(95	1	5	20)
e(95	2	5	50)
e(95	3	5	50)
e(95	4	5	30)
e(96	1	2	90)
e(97	1	2	40)
e(97	1	3	130)
e(97	2	3	110)
e(97	1	4	60)
e(97	2	4	70)
e(97	3	4	130)
e(97	1	5	60)
e(97	2	5	110)
e(97	3	5	80)
e(97	4	5	100)
e(98	1	2	10)
e(99	1	2	130)
e(100	1	2	140)
e(100	1	3	120)
e(100	2	3	140)
e(100	1	4	60)
e(100	2	4	80)
e(100	3	4	70)
e(101	1	2	80)
e(101	1	3	110)
e(101	2	3	110)
e(102	1	2	30)
e(102	1	3	50)
e(105	1	2	90)
e(105	1	3	140)
e(105	2	3	100)
e(105	1	4	160)
e(105	2	4	20)
e(105	3	4	50)
e(106	1	2	90)
e(106	1	3	130)
e(106	2	3	50)
e(106	1	4	30)
e(106	2	4	130)
e(106	3	4	150)
e(107	1	2	30)
e(107	1	3	40)
e(107	2	3	160)
e(107	1	4	150)
e(107	3	4	50)
e(107	1	5	20)
e(107	2	5	70)
e(107	3	5	80)
e(107	4	5	70)
e(108	1	2	160)
e(108	1	3	120)
e(108	2	3	160)
e(108	1	4	70)
e(108	2	4	90)
e(108	3	4	90)
e(109	1	2	120)
e(109	1	3	110)
e(109	2	3	50)
e(109	1	4	50)
e(109	2	4	90)
e(109	3	4	140)
e(110	1	2	160)
e(111	1	2	80)
e(111	2	3	70)
e(111	1	4	140)
e(111	2	4	50)
e(111	3	4	140)
e(112	1	2	110)
e(112	1	3	70)
e(112	2	3	100)
e(112	1	4	40)
e(112	2	4	140)
e(112	3	4	30)
e(112	1	5	60)
e(112	2	5	10)
e(112	3	5	160)
e(112	4	5	120)
e(114	1	2	100)
e(115	1	2	70)
e(115	1	3	30)
e(115	2	3	90)
e(115	1	4	150)
e(115	2	4	40)
e(115	3	4	90)
e(115	2	5	40)
e(115	3	5	130)
e(115	4	5	110)
e(116	1	2	150)
e(116	1	3	50)
e(116	2	3	60)
e(116	1	4	110)
e(116	2	4	120)
e(116	3	4	50)
e(117	1	2	40)
e(117	1	3	60)
e(117	2	3	90)
e(117	1	4	160)
e(117	2	4	110)
e(117	3	4	60)
e(118	1	2	100)
e(118	1	3	160)
e(118	2	3	120)
e(118	1	4	90)
e(118	3	4	100)
e(118	1	5	20)
e(118	3	5	130)
e(118	4	5	50)
e(119	1	2	90)
e(119	1	3	60)
e(119	2	3	140)
e(121	1	3	140)
e(121	2	3	30)
e(121	1	4	160)
e(121	2	4	70)
e(121	3	4	110)
e(121	1	5	110)
e(121	2	5	50)
e(121	3	5	140)
e(121	4	5	10)
e(122	1	2	30)
e(122	1	3	20)
e(122	2	3	130)
e(124	1	2	120)
e(125	1	2	70)
e(126	1	2	140)
e(126	1	3	10)
e(126	2	3	150)
e(126	1	4	70)
e(126	2	4	100)
e(126	3	4	20)
e(127	1	2	20)
e(127	1	3	100)
e(127	2	3	160)
e(128	1	2	150)
e(129	1	2	110)
e(129	1	3	60)
e(129	2	3	120)
e(129	1	4	150)
e(129	2	4	100)
e(129	3	4	80)
e(129	1	5	150)
e(129	2	5	60)
e(129	3	5	120)
e(129	4	5	140)
e(130	1	2	90)
e(130	1	3	120)
e(130	2	3	40)
e(130	1	4	20)
e(130	2	4	90)
e(130	3	4	130)
e(130	1	5	40)
e(130	2	5	60)
e(130	3	5	40)
e(130	4	5	70)
e(132	1	2	30)
e(132	1	3	60)
e(132	2	3	130)
e(133	1	2	140)
e(133	1	3	80)
e(133	2	3	90)
e(133	1	4	150)
e(133	2	4	110)
e(133	3	4	20)
e(133	1	5	80)
e(133	2	5	100)
e(133	3	5	10)
e(133	4	5	140)
e(134	1	2	20)
e(135	1	2	40)
e(135	1	3	150)
e(135	2	3	150)
e(136	1	3	20)
e(136	2	3	80)
e(136	1	4	110)
e(136	2	4	20)
e(136	3	4	30)
e(138	1	2	110)
e(139	1	2	10)
e(139	1	3	80)
e(139	2	3	100)
e(139	1	4	70)
e(139	3	4	20)
e(139	1	5	60)
e(139	2	5	40)
e(139	3	5	70)
e(139	4	5	40)
e(140	1	2	140)
e(141	1	2	140)
e(141	1	3	30)
e(141	2	3	110)
e(141	1	4	160)
e(141	2	4	80)
e(141	3	4	110)
e(142	1	2	140)
e(142	1	3	150)
e(142	2	3	40)
e(142	1	4	60)
e(142	2	4	100)
e(142	3	4	30)
e(143	1	2	10)
e(143	1	3	100)
e(143	2	3	80)
e(143	1	4	20)
e(143	2	4	100)
e(143	3	4	120)
e(144	1	2	150)
e(144	1	3	40)
e(144	2	3	40)
e(144	1	4	110)
e(144	2	4	100)
e(144	3	4	20)
e(145	1	2	110)
e(147	1	2	30)
e(148	1	2	100)
e(148	1	3	20)
e(148	2	3	110)
e(148	1	4	140)
e(148	2	4	120)
e(148	3	4	130)
e(149	1	2	120)
e(149	1	3	150)
e(149	2	3	140)
e(149	1	4	10)
e(149	2	4	30)
e(149	3	4	160)
e(150	1	2	20)
e(150	1	3	100)
e(150	2	3	140)
e(150	1	4	150)
e(150	2	4	60)
e(150	3	4	60)
e(150	1	5	50)
e(150	2	5	110)
e(150	3	5	150)
e(150	4	5	90)
e(151	1	2	80)
e(151	1	3	130)
e(151	2	3	90)
e(151	1	4	130)
e(151	2	4	30)
e(151	3	4	80)
e(152	1	2	50)
e(152	1	3	100)
e(152	2	3	60)
e(152	1	4	20)
e(152	2	4	10)
e(152	3	4	10)
e(152	1	5	30)
e(152	2	5	30)
e(152	3	5	110)
e(152	4	5	10)
e(153	1	2	150)
e(153	1	3	90)
e(153	2	3	20)
e(153	1	4	90)
e(153	2	4	20)
e(153	3	4	60)
e(155	1	2	130)
e(157	1	2	110)
e(158	1	2	140)
e(158	1	3	60)
e(158	2	3	160)
e(158	1	4	120)
e(158	2	4	50)
e(158	3	4	150)
e(158	1	5	60)
e(158	2	5	110)
e(158	3	5	90)
e(158	4	5	20)
e(159	1	2	100)
e(159	1	3	100)
e(159	2	3	50)
e(159	1	4	60)
e(159	2	4	150)
e(159	3	4	100)
e(160	1	2	110)
e(160	1	3	60)
e(160	2	3	80)
e(160	1	4	100)
e(160	2	4	140)
e(160	3	4	50)
e(160	1	5	80)
e(160	2	5	100)
e(160	3	5	120)
e(160	4	5	40)
e(161	1	2	100)
e(162	1	2	30)
e(162	1	3	120)
e(163	1	2	130)
e(163	1	3	120)
e(163	2	3	70)
e(163	1	4	40)
e(163	2	4	70)
e(163	3	4	40)
e(163	1	5	60)
e(163	2	5	50)
e(163	3	5	10)
e(163	4	5	110)
e(165	1	2	90)
e(165	1	3	130)
e(165	2	3	80)
e(165	1	4	110)
e(165	2	4	60)
e(166	1	2	60)
e(166	1	3	10)
e(166	2	3	50)
e(166	1	4	100)
e(166	2	4	70)
e(166	3	4	10)
e(167	1	2	110)
e(168	1	2	100)
e(169	1	2	90)
e(169	1	3	100)
e(170	1	2	50)
e(170	1	3	50)
e(170	2	3	90)
e(170	1	4	100)
e(170	2	4	150)
e(170	1	5	90)
e(170	2	5	10)
e(170	3	5	110)
e(170	4	5	10)
e(173	1	2	50)
e(176	1	2	50)
e(177	1	2	40)
e(177	1	3	130)
e(177	2	3	80)
e(177	1	4	50)
e(177	2	4	10)
e(177	3	4	50)
e(178	1	2	130)
e(178	1	3	70)
e(178	2	3	110)
e(178	1	4	100)
e(178	2	4	140)
e(178	3	4	80)
e(179	1	2	50)
e(180	1	2	10)
e(180	1	3	40)
e(180	2	3	130)
e(180	1	4	140)
e(180	2	4	10)
e(181	1	2	150)
e(181	1	3	20)
e(181	2	3	40)
e(181	1	4	150)
e(181	2	4	10)
e(181	3	4	90)
e(181	1	5	40)
e(181	2	5	110)
e(181	3	5	150)
e(181	4	5	130)
e(183	1	2	30)
e(184	1	2	110)
e(186	1	2	70)
e(186	1	3	100)
e(186	1	4	130)
e(186	2	4	120)
e(186	3	4	50)
e(186	2	5	20)
e(186	3	5	40)
e(186	4	5	160)
e(187	1	2	130)
e(188	1	2	60)
e(188	1	4	90)
e(188	2	4	140)
e(188	3	4	130)
e(189	1	2	90)
e(189	2	3	130)
e(190	1	2	120)
e(190	1	3	30)
e(190	2	3	50)
e(190	1	4	110)
e(190	2	4	30)
e(190	3	4	120)
e(190	1	5	130)
e(190	2	5	20)
e(190	3	5	130)
e(190	4	5	50)
e(191	1	2	40)
e(192	1	2	30)
e(192	1	3	130)
e(192	2	3	80)
e(192	2	4	40)
e(192	3	4	30)
e(192	1	5	40)
e(192	2	5	110)
e(192	3	5	30)
e(192	4	5	90)
e(193	1	2	90)
e(194	1	2	110)
e(194	1	3	80)
e(194	2	3	20)
e(195	1	2	90)
e(196	1	2	130)
e(196	2	3	20)
e(196	1	4	140)
e(196	2	4	150)
e(196	3	4	160)
e(197	1	2	130)
e(198	1	2	150)
e(198	1	3	80)
e(198	2	3	40)
e(198	2	4	80)
e(198	1	5	60)
e(198	2	5	60)
e(198	3	5	100)
e(198	4	5	150)
e(199	1	2	60)
e(199	1	3	110)
e(199	2	3	80)
e(199	1	4	30)
e(199	2	4	10)
e(199	3	4	110)
e(200	1	2	80)
e(201	1	2	60)
e(201	1	3	70)
e(201	2	3	60)
e(202	1	2	100)
e(203	1	2	140)
e(203	1	3	30)
e(203	2	3	100)
e(203	1	4	70)
e(203	2	4	50)
e(203	3	4	20)
e(204	1	2	100)
e(204	1	3	10)
e(204	2	3	50)
e(204	1	4	10)
e(204	2	4	10)
e(204	3	4	60)
e(206	1	2	50)
e(206	1	3	60)
e(206	2	3	110)
e(207	1	2	60)
e(208	1	2	40)
e(209	1	2	10)
e(209	1	3	90)
e(209	2	3	90)
e(210	1	2	140)
e(210	1	3	40)
e(210	2	3	150)
e(213	1	2	110)
e(213	1	3	100)
e(213	2	3	150)
e(213	1	4	110)
e(213	2	4	120)
e(213	3	4	160)
e(214	1	2	90)
e(214	1	3	110)
e(214	2	3	160)
e(215	1	2	90)
e(215	1	3	50)
e(215	2	3	40)
e(215	1	4	20)
e(215	2	4	110)
e(215	3	4	20)
e(216	1	2	160)
e(218	1	2	60)
e(218	1	3	70)
e(218	2	3	90)
e(218	1	4	50)
e(218	2	4	140)
e(218	3	4	130)
e(220	1	2	160)
e(220	1	3	10)
e(220	2	3	90)
e(220	1	4	150)
e(220	2	4	160)
e(220	3	4	30)
e(221	1	2	30)
e(221	1	3	130)
e(221	2	3	160)
e(221	1	4	140)
e(221	2	4	20)
e(221	3	4	80)
e(222	1	2	160)
e(222	1	3	60)
e(222	2	3	40)
e(222	1	4	150)
e(222	2	4	120)
e(222	3	4	160)
e(223	1	3	60)
e(223	2	3	50)
e(223	1	4	120)
e(223	2	4	160)
e(223	3	4	80)
e(223	1	5	20)
e(223	2	5	160)
e(223	3	5	40)
e(223	4	5	20)
e(224	1	2	160)
e(225	1	2	20)
e(225	1	3	140)
e(225	2	3	110)
e(225	1	4	20)
e(225	2	4	50)
e(225	3	4	50)
e(226	1	2	50)
e(226	1	3	140)
e(226	2	3	100)
e(226	1	4	140)
e(226	2	4	50)
e(226	3	4	110)
e(227	1	2	50)
e(229	1	2	160)
e(229	1	3	150)
e(229	2	3	120)
e(229	1	4	160)
e(229	2	4	140)
e(229	3	4	140)
e(231	1	2	50)
e(231	1	3	160)
e(231	2	3	40)
e(231	1	4	120)
e(231	2	4	160)
e(231	3	4	150)
e(232	1	2	100)
e(232	1	3	120)
e(232	2	3	50)
e(232	2	4	120)
e(232	3	4	10)
e(233	1	2	100)
e(233	1	3	60)
e(233	2	3	20)
e(233	2	4	90)
e(233	3	4	10)
e(233	1	5	80)
e(233	2	5	110)
e(233	3	5	140)
e(233	4	5	50)
e(234	1	2	110)
e(234	1	3	70)
e(234	2	3	70)
e(234	1	4	40)
e(234	2	4	130)
e(234	3	4	60)
e(235	1	2	90)
e(235	1	3	10)
e(235	2	3	110)
e(236	1	2	150)
e(237	1	2	130)
e(237	1	3	120)
e(237	2	3	140)
e(237	1	4	10)
e(237	2	4	130)
e(237	3	4	140)
e(237	1	5	120)
e(237	3	5	70)
e(237	4	5	40)
e(238	1	2	150)
e(238	1	3	20)
e(238	2	3	100)
e(239	1	2	70)
e(239	1	3	90)
e(239	2	3	130)
e(239	1	4	10)
e(239	2	4	150)
e(239	3	4	150)
e(240	1	2	100)
e(240	1	3	100)
e(240	2	3	50)
e(241	1	2	70)
e(241	1	3	160)
e(241	2	3	40)
e(241	1	4	140)
e(241	2	4	40)
e(241	3	4	60)
e(241	1	5	40)
e(241	2	5	60)
e(241	3	5	100)
e(241	4	5	130)
e(242	1	2	120)
e(244	1	2	100)
e(245	1	2	50)
e(245	1	3	40)
e(245	2	3	50)
e(245	1	4	130)
e(245	2	4	160)
e(245	3	4	30)
e(245	1	5	40)
e(245	2	5	70)
e(245	3	5	70)
e(245	4	5	90)
e(246	1	2	30)
e(246	1	3	40)
e(246	2	3	160)
e(246	1	4	60)
e(246	2	4	130)
e(246	3	4	120)
e(247	1	2	120)
e(247	1	3	140)
e(247	2	3	120)
e(247	1	4	80)
e(247	2	4	90)
e(247	3	4	140)
e(247	1	5	60)
e(247	2	5	130)
e(247	3	5	130)
e(247	4	5	130)
e(248	1	2	50)
e(248	1	3	90)
e(248	2	3	40)
e(248	1	4	130)
e(248	2	4	50)
e(248	3	4	150)
e(249	1	2	150)
e(249	1	3	70)
e(249	2	3	130)
e(250	1	2	30)
e(250	1	3	40)
e(250	2	3	40)
e(250	2	4	90)
e(251	1	2	20)
e(252	1	2	90)
e(252	1	3	30)
e(252	2	3	110)
e(253	1	3	80)
e(253	2	3	160)
e(253	1	4	40)
e(253	2	4	100)
e(253	3	4	10)
e(253	1	5	60)
e(253	2	5	160)
e(253	3	5	80)
e(253	4	5	20)
e(254	1	2	130)
e(254	1	3	80)
e(254	2	3	120)
e(254	1	4	10)
e(254	2	4	30)
e(254	3	4	160)
e(254	1	5	100)
e(254	2	5	60)
e(254	3	5	140)
e(254	4	5	40)
e(255	1	2	20)
e(255	1	3	50)
e(255	2	3	140)
e(255	1	4	20)
e(255	2	4	20)
e(255	3	4	130)
e(255	1	5	110)
e(255	2	5	90)
e(255	3	5	160)
e(255	4	5	160)
