285

d(1	21	23	2	200000.0)
d(2	10	11	3	200000.0)
d(3	4	8	3	200000.0)
d(4	4	21	1	200000.0)
d(5	5	16	1	200000.0)
d(6	7	11	3	200000.0)
d(7	2	6	1	200000.0)
d(8	5	22	5	200000.0)
d(9	4	18	4	200000.0)
d(10	18	23	2	200000.0)
d(11	8	10	5	200000.0)
d(12	24	24	4	200000.0)
d(13	9	9	1	200000.0)
d(14	1	10	5	200000.0)
d(15	11	12	1	200000.0)
d(16	13	21	4	200000.0)
d(17	1	9	3	200000.0)
d(18	1	17	5	200000.0)
d(19	7	12	4	200000.0)
d(20	19	24	4	200000.0)
d(21	15	20	4	200000.0)
d(22	16	18	2	200000.0)
d(23	6	7	2	200000.0)
d(24	9	13	3	200000.0)
d(25	6	20	5	200000.0)
d(26	15	16	1	200000.0)
d(27	1	6	4	200000.0)
d(28	20	23	4	200000.0)
d(29	13	21	1	200000.0)
d(30	3	7	4	200000.0)
d(31	7	8	4	200000.0)
d(32	11	23	1	200000.0)
d(33	20	22	4	200000.0)
d(34	15	17	5	200000.0)
d(35	5	22	5	200000.0)
d(36	15	19	3	200000.0)
d(37	15	20	2	200000.0)
d(38	20	24	1	200000.0)
d(39	2	24	4	200000.0)
d(40	7	19	2	200000.0)
d(41	8	24	3	200000.0)
d(42	5	7	3	200000.0)
d(43	11	24	1	200000.0)
d(44	9	20	4	200000.0)
d(45	22	23	4	200000.0)
d(46	14	22	4	200000.0)
d(47	21	23	1	200000.0)
d(48	7	10	3	200000.0)
d(49	4	4	5	200000.0)
d(50	11	17	2	200000.0)
d(51	2	5	3	200000.0)
d(52	23	24	3	200000.0)
d(53	14	17	1	200000.0)
d(54	20	21	4	200000.0)
d(55	10	11	1	200000.0)
d(56	11	14	5	200000.0)
d(57	21	23	3	200000.0)
d(58	13	16	2	200000.0)
d(59	24	24	2	200000.0)
d(60	16	20	2	200000.0)
d(61	22	23	1	200000.0)
d(62	14	23	1	200000.0)
d(63	8	13	2	200000.0)
d(64	7	23	5	200000.0)
d(65	1	11	3	200000.0)
d(66	11	13	5	200000.0)
d(67	10	19	2	200000.0)
d(68	10	22	1	200000.0)
d(69	24	24	5	200000.0)
d(70	24	24	5	200000.0)
d(71	13	23	3	200000.0)
d(72	11	13	3	200000.0)
d(73	9	19	5	200000.0)
d(74	12	12	1	200000.0)
d(75	21	23	3	200000.0)
d(76	4	17	4	200000.0)
d(77	9	22	1	200000.0)
d(78	20	21	4	200000.0)
d(79	8	19	2	200000.0)
d(80	9	19	1	200000.0)
d(81	2	5	3	200000.0)
d(82	4	8	1	200000.0)
d(83	17	20	1	200000.0)
d(84	9	17	5	200000.0)
d(85	15	15	4	200000.0)
d(86	8	16	5	200000.0)
d(87	16	20	4	200000.0)
d(88	3	10	4	200000.0)
d(89	11	24	3	200000.0)
d(90	24	24	4	200000.0)
d(91	8	11	4	200000.0)
d(92	23	24	1	200000.0)
d(93	3	19	5	200000.0)
d(94	1	18	1	200000.0)
d(95	14	23	4	200000.0)
d(96	1	9	1	200000.0)
d(97	11	13	4	200000.0)
d(98	3	13	1	200000.0)
d(99	3	15	3	200000.0)
d(100	10	14	4	200000.0)
d(101	17	22	3	200000.0)
d(102	24	24	1	200000.0)
d(103	24	24	5	200000.0)
d(104	23	24	4	200000.0)
d(105	16	20	1	200000.0)
d(106	20	21	4	200000.0)
d(107	17	24	4	200000.0)
d(108	1	9	3	200000.0)
d(109	9	19	1	200000.0)
d(110	9	22	5	200000.0)
d(111	7	23	5	200000.0)
d(112	17	20	1	200000.0)
d(113	7	22	2	200000.0)
d(114	11	23	3	200000.0)
d(115	23	24	2	200000.0)
d(116	24	24	2	200000.0)
d(117	5	24	1	200000.0)
d(118	16	16	2	200000.0)
d(119	21	22	1	200000.0)
d(120	1	5	4	200000.0)
d(121	18	23	2	200000.0)
d(122	11	20	2	200000.0)
d(123	22	22	1	200000.0)
d(124	21	21	3	200000.0)
d(125	14	15	1	200000.0)
d(126	5	13	1	200000.0)
d(127	11	12	4	200000.0)
d(128	1	6	1	200000.0)
d(129	17	21	2	200000.0)
d(130	3	7	3	200000.0)
d(131	16	17	2	200000.0)
d(132	8	22	5	200000.0)
d(133	19	22	2	200000.0)
d(134	9	18	5	200000.0)
d(135	4	24	3	200000.0)
d(136	4	5	3	200000.0)
d(137	22	23	4	200000.0)
d(138	6	6	4	200000.0)
d(139	10	12	1	200000.0)
d(140	19	20	4	200000.0)
d(141	13	13	3	200000.0)
d(142	9	14	5	200000.0)
d(143	12	12	3	200000.0)
d(144	9	11	4	200000.0)
d(145	11	16	4	200000.0)
d(146	10	11	2	200000.0)
d(147	8	15	4	200000.0)
d(148	3	18	1	200000.0)
d(149	15	17	3	200000.0)
d(150	22	22	4	200000.0)
d(151	17	22	4	200000.0)
d(152	23	23	5	200000.0)
d(153	9	10	2	200000.0)
d(154	22	24	2	200000.0)
d(155	1	19	1	200000.0)
d(156	20	23	5	200000.0)
d(157	20	21	1	200000.0)
d(158	7	11	3	200000.0)
d(159	22	24	5	200000.0)
d(160	9	23	1	200000.0)
d(161	12	21	1	200000.0)
d(162	24	24	4	200000.0)
d(163	6	17	5	200000.0)
d(164	23	23	3	200000.0)
d(165	10	20	3	200000.0)
d(166	14	24	2	200000.0)
d(167	22	24	1	200000.0)
d(168	6	8	2	200000.0)
d(169	4	20	4	200000.0)
d(170	5	23	4	200000.0)
d(171	10	19	4	200000.0)
d(172	4	10	5	200000.0)
d(173	11	15	3	200000.0)
d(174	5	11	1	200000.0)
d(175	20	21	5	200000.0)
d(176	23	23	1	200000.0)
d(177	9	22	5	200000.0)
d(178	11	19	3	200000.0)
d(179	1	23	5	200000.0)
d(180	4	13	4	200000.0)
d(181	1	20	5	200000.0)
d(182	12	24	2	200000.0)
d(183	3	22	5	200000.0)
d(184	16	17	3	200000.0)
d(185	16	24	1	200000.0)
d(186	7	14	5	200000.0)
d(187	16	23	2	200000.0)
d(188	4	10	1	200000.0)
d(189	12	20	5	200000.0)
d(190	7	22	5	200000.0)
d(191	16	22	2	200000.0)
d(192	10	19	5	200000.0)
d(193	5	10	2	200000.0)
d(194	1	3	4	200000.0)
d(195	6	24	1	200000.0)
d(196	6	9	2	200000.0)
d(197	6	6	1	200000.0)
d(198	5	10	1	200000.0)
d(199	6	19	5	200000.0)
d(200	1	4	3	200000.0)
d(201	12	24	4	200000.0)
d(202	2	14	2	200000.0)
d(203	23	23	3	200000.0)
d(204	15	15	1	200000.0)
d(205	14	17	2	200000.0)
d(206	20	24	1	200000.0)
d(207	21	24	2	200000.0)
d(208	5	8	5	200000.0)
d(209	8	23	4	200000.0)
d(210	22	23	5	200000.0)
d(211	8	9	2	200000.0)
d(212	12	22	4	200000.0)
d(213	10	24	3	200000.0)
d(214	8	18	3	200000.0)
d(215	11	20	5	200000.0)
d(216	9	13	4	200000.0)
d(217	19	20	1	200000.0)
d(218	19	20	2	200000.0)
d(219	8	17	5	200000.0)
d(220	7	7	4	200000.0)
d(221	12	24	1	200000.0)
d(222	5	21	1	200000.0)
d(223	5	11	1	200000.0)
d(224	5	20	4	200000.0)
d(225	11	21	1	200000.0)
d(226	5	23	5	200000.0)
d(227	7	9	5	200000.0)
d(228	21	23	4	200000.0)
d(229	1	14	4	200000.0)
d(230	22	22	3	200000.0)
d(231	21	22	5	200000.0)
d(232	16	24	3	200000.0)
d(233	15	23	5	200000.0)
d(234	19	21	3	200000.0)
d(235	12	23	3	200000.0)
d(236	19	20	1	200000.0)
d(237	14	14	4	200000.0)
d(238	4	9	1	200000.0)
d(239	18	22	4	200000.0)
d(240	11	19	5	200000.0)
d(241	21	24	2	200000.0)
d(242	12	12	1	200000.0)
d(243	22	23	4	200000.0)
d(244	16	17	1	200000.0)
d(245	21	22	4	200000.0)
d(246	24	24	5	200000.0)
d(247	7	9	4	200000.0)
d(248	5	22	3	200000.0)
d(249	13	17	4	200000.0)
d(250	17	17	2	200000.0)
d(251	21	23	3	200000.0)
d(252	5	19	5	200000.0)
d(253	6	12	1	200000.0)
d(254	2	19	5	200000.0)
d(255	1	16	4	200000.0)
d(256	13	15	4	200000.0)
d(257	20	23	2	200000.0)
d(258	8	23	2	200000.0)
d(259	23	24	3	200000.0)
d(260	21	24	2	200000.0)
d(261	17	21	3	200000.0)
d(262	22	24	3	200000.0)
d(263	22	22	4	200000.0)
d(264	12	20	4	200000.0)
d(265	22	23	1	200000.0)
d(266	6	10	2	200000.0)
d(267	7	8	1	200000.0)
d(268	10	19	4	200000.0)
d(269	23	24	5	200000.0)
d(270	15	21	1	200000.0)
d(271	3	12	2	200000.0)
d(272	9	15	3	200000.0)
d(273	7	17	5	200000.0)
d(274	16	18	2	200000.0)
d(275	23	24	3	200000.0)
d(276	15	18	4	200000.0)
d(277	7	21	1	200000.0)
d(278	21	21	2	200000.0)
d(279	8	17	3	200000.0)
d(280	24	24	4	200000.0)
d(281	12	14	2	200000.0)
d(282	13	24	5	200000.0)
d(283	19	21	5	200000.0)
d(284	11	14	4	200000.0)
d(285	9	22	2	200000.0)
v(1	1	26	87	52	1)
v(1	2	15	89	30	1)
v(2	1	29	64	58	2)
v(2	2	9	66	18	2)
v(2	3	28	97	56	2)
v(3	1	29	90	58	1)
v(3	2	12	113	24	2)
v(3	3	20	61	40	1)
v(4	1	8	20	16	0)
v(5	1	10	55	20	0)
v(6	1	30	189	60	2)
v(6	2	10	22	20	2)
v(6	3	14	16	28	2)
v(7	1	1	131	2	0)
v(8	1	21	31	42	4)
v(8	2	18	118	36	4)
v(8	3	32	79	64	4)
v(8	4	8	103	16	4)
v(8	5	31	100	62	4)
v(9	1	19	73	38	3)
v(9	2	22	116	44	2)
v(9	3	30	45	60	2)
v(9	4	31	54	62	3)
v(10	1	32	41	64	1)
v(10	2	22	80	44	1)
v(11	1	3	45	6	4)
v(11	2	28	83	56	3)
v(11	3	7	152	14	4)
v(11	4	6	96	12	3)
v(11	5	24	157	48	4)
v(12	1	11	144	22	2)
v(12	2	27	159	54	3)
v(12	3	5	69	10	3)
v(12	4	1	108	2	2)
v(13	1	9	114	18	0)
v(14	1	27	160	54	4)
v(14	2	14	66	28	4)
v(14	3	3	72	6	4)
v(14	4	12	117	24	4)
v(14	5	29	145	58	4)
v(15	1	30	96	60	0)
v(16	1	23	182	46	3)
v(16	2	24	102	48	3)
v(16	3	25	132	50	3)
v(16	4	15	110	30	3)
v(17	1	15	24	30	2)
v(17	2	24	55	48	2)
v(17	3	14	77	28	2)
v(18	1	32	159	64	4)
v(18	2	3	50	6	4)
v(18	3	32	118	64	4)
v(18	4	30	72	60	4)
v(18	5	13	138	26	4)
v(19	1	22	168	44	3)
v(19	2	16	94	32	3)
v(19	3	10	98	20	3)
v(19	4	3	58	6	3)
v(20	1	17	73	34	3)
v(20	2	18	108	36	3)
v(20	3	9	139	18	3)
v(20	4	9	12	18	3)
v(21	1	17	144	34	3)
v(21	2	15	146	30	3)
v(21	3	1	16	2	3)
v(21	4	4	27	8	3)
v(22	1	9	114	18	1)
v(22	2	12	90	24	1)
v(23	1	32	191	64	1)
v(23	2	24	59	48	1)
v(24	1	15	155	30	1)
v(24	2	11	146	22	1)
v(24	3	10	122	20	2)
v(25	1	23	51	46	4)
v(25	2	4	102	8	4)
v(25	3	23	112	46	4)
v(25	4	11	45	22	4)
v(25	5	24	176	48	4)
v(26	1	10	124	20	0)
v(27	1	28	142	56	3)
v(27	2	20	130	40	3)
v(27	3	20	81	40	2)
v(27	4	32	73	64	2)
v(28	1	32	189	64	3)
v(28	2	26	68	52	3)
v(28	3	20	68	40	2)
v(28	4	12	51	24	2)
v(29	1	20	158	40	0)
v(30	1	16	38	32	3)
v(30	2	29	179	58	3)
v(30	3	20	156	40	3)
v(30	4	6	61	12	3)
v(31	1	13	145	26	3)
v(31	2	26	79	52	3)
v(31	3	19	137	38	3)
v(31	4	28	110	56	3)
v(32	1	1	74	2	0)
v(33	1	8	55	16	3)
v(33	2	11	29	22	3)
v(33	3	17	117	34	3)
v(33	4	2	76	4	3)
v(34	1	10	114	20	3)
v(34	2	9	57	18	4)
v(34	3	13	124	26	3)
v(34	4	30	158	60	4)
v(34	5	15	52	30	4)
v(35	1	7	149	14	3)
v(35	2	25	169	50	4)
v(35	3	13	41	26	3)
v(35	4	19	59	38	4)
v(35	5	9	49	18	4)
v(36	1	14	116	28	2)
v(36	2	21	75	42	2)
v(36	3	8	166	16	2)
v(37	1	25	50	50	1)
v(37	2	28	187	56	1)
v(38	1	11	27	22	0)
v(39	1	24	92	48	3)
v(39	2	5	36	10	3)
v(39	3	20	152	40	3)
v(39	4	17	43	34	3)
v(40	1	16	112	32	1)
v(40	2	16	132	32	1)
v(41	1	29	55	58	1)
v(41	2	20	80	40	1)
v(41	3	12	119	24	2)
v(42	1	25	143	50	2)
v(42	2	11	150	22	2)
v(42	3	25	184	50	2)
v(43	1	15	92	30	0)
v(44	1	12	75	24	3)
v(44	2	22	171	44	3)
v(44	3	3	56	6	3)
v(44	4	31	40	62	3)
v(45	1	24	173	48	2)
v(45	2	7	104	14	2)
v(45	3	32	108	64	3)
v(45	4	31	152	62	3)
v(46	1	26	95	52	2)
v(46	2	27	63	54	2)
v(46	3	22	145	44	3)
v(46	4	18	92	36	3)
v(47	1	1	128	2	0)
v(48	1	3	62	6	2)
v(48	2	25	113	50	1)
v(48	3	27	44	54	1)
v(49	1	29	164	58	4)
v(49	2	9	54	18	4)
v(49	3	32	111	64	4)
v(49	4	18	170	36	4)
v(49	5	8	54	16	4)
v(50	1	32	113	64	1)
v(50	2	1	19	2	1)
v(51	1	5	79	10	2)
v(51	2	27	55	54	2)
v(51	3	23	111	46	2)
v(52	1	24	182	48	2)
v(52	2	19	90	38	2)
v(52	3	2	59	4	2)
v(53	1	7	12	14	0)
v(54	1	24	70	48	3)
v(54	2	29	101	58	2)
v(54	3	7	31	14	3)
v(54	4	3	56	6	2)
v(55	1	23	120	46	0)
v(56	1	9	75	18	4)
v(56	2	29	53	58	4)
v(56	3	1	157	2	4)
v(56	4	16	50	32	4)
v(56	5	32	127	64	4)
v(57	1	21	81	42	2)
v(57	2	9	107	18	2)
v(57	3	27	37	54	2)
v(58	1	8	74	16	1)
v(58	2	14	88	28	1)
v(59	1	21	48	42	1)
v(59	2	28	78	56	1)
v(60	1	2	134	4	1)
v(60	2	17	113	34	1)
v(61	1	2	97	4	0)
v(62	1	27	59	54	0)
v(63	1	11	59	22	1)
v(63	2	5	151	10	1)
v(64	1	7	9	14	3)
v(64	2	27	64	54	4)
v(64	3	13	58	26	4)
v(64	4	10	74	20	4)
v(64	5	20	157	40	3)
v(65	1	4	98	8	2)
v(65	2	16	34	32	2)
v(65	3	1	125	2	2)
v(66	1	4	152	8	4)
v(66	2	16	52	32	2)
v(66	3	17	137	34	3)
v(66	4	12	83	24	4)
v(66	5	28	158	56	3)
v(67	1	12	123	24	1)
v(67	2	5	121	10	1)
v(68	1	11	107	22	0)
v(69	1	30	177	60	4)
v(69	2	11	19	22	4)
v(69	3	23	44	46	4)
v(69	4	13	117	26	4)
v(69	5	15	66	30	4)
v(70	1	12	37	24	4)
v(70	2	5	153	10	4)
v(70	3	15	86	30	4)
v(70	4	18	40	36	4)
v(70	5	13	77	26	4)
v(71	1	19	173	38	2)
v(71	2	27	112	54	2)
v(71	3	5	100	10	2)
v(72	1	16	26	32	2)
v(72	2	26	103	52	2)
v(72	3	19	105	38	2)
v(73	1	22	166	44	4)
v(73	2	2	53	4	4)
v(73	3	29	85	58	4)
v(73	4	27	171	54	4)
v(73	5	30	130	60	4)
v(74	1	14	143	28	0)
v(75	1	5	7	10	2)
v(75	2	1	68	2	1)
v(75	3	15	174	30	1)
v(76	1	15	101	30	2)
v(76	2	22	157	44	2)
v(76	3	4	107	8	3)
v(76	4	27	168	54	3)
v(77	1	6	145	12	0)
v(78	1	23	75	46	3)
v(78	2	22	138	44	3)
v(78	3	30	37	60	3)
v(78	4	20	41	40	3)
v(79	1	27	174	54	1)
v(79	2	7	157	14	1)
v(80	1	8	66	16	0)
v(81	1	11	155	22	2)
v(81	2	10	58	20	2)
v(81	3	10	44	20	2)
v(82	1	17	42	34	0)
v(83	1	15	42	30	0)
v(84	1	24	118	48	4)
v(84	2	12	109	24	4)
v(84	3	3	108	6	4)
v(84	4	18	160	36	4)
v(84	5	21	114	42	4)
v(85	1	10	70	20	3)
v(85	2	15	62	30	3)
v(85	3	23	171	46	3)
v(85	4	9	108	18	3)
v(86	1	5	117	10	4)
v(86	2	2	105	4	3)
v(86	3	26	177	52	3)
v(86	4	18	39	36	4)
v(86	5	2	72	4	4)
v(87	1	22	177	44	3)
v(87	2	29	163	58	3)
v(87	3	10	58	20	3)
v(87	4	11	119	22	3)
v(88	1	4	137	8	3)
v(88	2	19	92	38	3)
v(88	3	1	75	2	3)
v(88	4	18	103	36	3)
v(89	1	11	42	22	2)
v(89	2	23	175	46	1)
v(89	3	9	90	18	1)
v(90	1	7	153	14	3)
v(90	2	1	31	2	2)
v(90	3	27	32	54	2)
v(90	4	10	28	20	3)
v(91	1	18	89	36	3)
v(91	2	11	137	22	3)
v(91	3	20	160	40	3)
v(91	4	19	177	38	3)
v(92	1	6	30	12	0)
v(93	1	16	56	32	4)
v(93	2	3	30	6	4)
v(93	3	3	75	6	4)
v(93	4	22	81	44	4)
v(93	5	11	117	22	4)
v(94	1	5	29	10	0)
v(95	1	3	37	6	3)
v(95	2	30	185	60	3)
v(95	3	2	131	4	3)
v(95	4	16	60	32	3)
v(96	1	11	111	22	0)
v(97	1	19	51	38	3)
v(97	2	5	112	10	3)
v(97	3	17	79	34	3)
v(97	4	24	79	48	3)
v(98	1	2	66	4	0)
v(99	1	12	94	24	2)
v(99	2	30	87	60	2)
v(99	3	20	75	40	2)
v(100	1	2	42	4	3)
v(100	2	4	69	8	2)
v(100	3	15	95	30	3)
v(100	4	31	96	62	2)
v(101	1	2	121	4	2)
v(101	2	18	33	36	2)
v(101	3	5	18	10	2)
v(102	1	8	86	16	0)
v(103	1	14	91	28	4)
v(103	2	8	15	16	4)
v(103	3	6	62	12	4)
v(103	4	6	95	12	4)
v(103	5	10	23	20	4)
v(104	1	7	49	14	3)
v(104	2	18	123	36	3)
v(104	3	3	104	6	3)
v(104	4	25	140	50	3)
v(105	1	22	119	44	0)
v(106	1	3	50	6	3)
v(106	2	6	109	12	3)
v(106	3	16	172	32	3)
v(106	4	28	77	56	3)
v(107	1	17	51	34	3)
v(107	2	20	32	40	3)
v(107	3	12	128	24	3)
v(107	4	17	84	34	3)
v(108	1	24	177	48	2)
v(108	2	19	35	38	2)
v(108	3	22	38	44	2)
v(109	1	27	137	54	0)
v(110	1	27	127	54	3)
v(110	2	6	153	12	4)
v(110	3	15	105	30	2)
v(110	4	13	25	26	4)
v(110	5	30	159	60	3)
v(111	1	14	154	28	3)
v(111	2	1	15	2	4)
v(111	3	27	145	54	4)
v(111	4	11	134	22	3)
v(111	5	24	58	48	4)
v(112	1	10	140	20	0)
v(113	1	5	6	10	1)
v(113	2	27	165	54	1)
v(114	1	10	16	20	2)
v(114	2	29	145	58	2)
v(114	3	10	109	20	2)
v(115	1	16	129	32	1)
v(115	2	10	60	20	1)
v(116	1	2	156	4	1)
v(116	2	29	145	58	1)
v(117	1	19	81	38	0)
v(118	1	10	30	20	1)
v(118	2	32	117	64	1)
v(119	1	18	20	36	0)
v(120	1	13	173	26	3)
v(120	2	17	22	34	3)
v(120	3	21	136	42	3)
v(120	4	26	116	52	3)
v(121	1	2	148	4	1)
v(121	2	24	115	48	1)
v(122	1	29	104	58	1)
v(122	2	19	41	38	1)
v(123	1	7	10	14	0)
v(124	1	3	44	6	2)
v(124	2	14	38	28	2)
v(124	3	2	25	4	2)
v(125	1	11	71	22	0)
v(126	1	1	97	2	0)
v(127	1	4	28	8	3)
v(127	2	12	46	24	3)
v(127	3	20	21	40	3)
v(127	4	17	39	34	3)
v(128	1	32	79	64	0)
v(129	1	5	93	10	1)
v(129	2	9	62	18	1)
v(130	1	1	59	2	2)
v(130	2	30	115	60	2)
v(130	3	12	72	24	2)
v(131	1	22	49	44	1)
v(131	2	2	98	4	1)
v(132	1	27	66	54	4)
v(132	2	15	94	30	4)
v(132	3	31	138	62	4)
v(132	4	10	98	20	4)
v(132	5	21	140	42	4)
v(133	1	12	67	24	1)
v(133	2	28	77	56	1)
v(134	1	1	38	2	4)
v(134	2	20	94	40	4)
v(134	3	23	42	46	4)
v(134	4	28	109	56	4)
v(134	5	10	67	20	4)
v(135	1	30	132	60	2)
v(135	2	11	43	22	2)
v(135	3	20	35	40	2)
v(136	1	4	77	8	2)
v(136	2	14	82	28	2)
v(136	3	27	68	54	2)
v(137	1	15	94	30	3)
v(137	2	26	151	52	3)
v(137	3	19	92	38	3)
v(137	4	4	120	8	3)
v(138	1	22	55	44	3)
v(138	2	22	71	44	3)
v(138	3	8	142	16	3)
v(138	4	23	61	46	3)
v(139	1	24	107	48	0)
v(140	1	25	160	50	3)
v(140	2	24	54	48	3)
v(140	3	25	96	50	3)
v(140	4	2	37	4	3)
v(141	1	23	78	46	2)
v(141	2	6	139	12	2)
v(141	3	1	25	2	2)
v(142	1	9	130	18	4)
v(142	2	2	98	4	4)
v(142	3	11	19	22	4)
v(142	4	11	136	22	4)
v(142	5	3	48	6	4)
v(143	1	21	123	42	2)
v(143	2	10	111	20	2)
v(143	3	29	68	58	2)
v(144	1	27	177	54	3)
v(144	2	21	79	42	2)
v(144	3	6	141	12	3)
v(144	4	29	61	58	2)
v(145	1	11	34	22	3)
v(145	2	25	115	50	3)
v(145	3	30	110	60	3)
v(145	4	9	159	18	3)
v(146	1	1	35	2	1)
v(146	2	19	122	38	1)
v(147	1	3	29	6	3)
v(147	2	19	68	38	3)
v(147	3	8	13	16	3)
v(147	4	17	107	34	3)
v(148	1	22	53	44	0)
v(149	1	10	122	20	2)
v(149	2	14	107	28	2)
v(149	3	19	103	38	2)
v(150	1	7	157	14	3)
v(150	2	25	161	50	3)
v(150	3	22	79	44	3)
v(150	4	28	181	56	3)
v(151	1	26	169	52	3)
v(151	2	9	74	18	2)
v(151	3	14	18	28	2)
v(151	4	32	59	64	3)
v(152	1	19	131	38	3)
v(152	2	11	39	22	4)
v(152	3	12	82	24	2)
v(152	4	15	115	30	3)
v(152	5	5	67	10	4)
v(153	1	27	179	54	0)
v(153	2	14	63	28	0)
v(154	1	19	137	38	1)
v(154	2	19	58	38	1)
v(155	1	15	170	30	0)
v(156	1	25	119	50	4)
v(156	2	20	39	40	4)
v(156	3	4	161	8	4)
v(156	4	20	66	40	4)
v(156	5	9	76	18	4)
v(157	1	29	65	58	0)
v(158	1	9	134	18	2)
v(158	2	31	129	62	2)
v(158	3	9	119	18	2)
v(159	1	23	64	46	4)
v(159	2	23	60	46	4)
v(159	3	23	135	46	4)
v(159	4	30	124	60	4)
v(159	5	30	79	60	4)
v(160	1	4	40	8	0)
v(161	1	3	34	6	0)
v(162	1	17	51	34	3)
v(162	2	3	96	6	3)
v(162	3	17	122	34	3)
v(162	4	24	175	48	3)
v(163	1	4	29	8	3)
v(163	2	17	136	34	3)
v(163	3	1	69	2	4)
v(163	4	18	24	36	4)
v(163	5	8	31	16	4)
v(164	1	29	92	58	2)
v(164	2	21	116	42	2)
v(164	3	32	99	64	2)
v(165	1	9	147	18	2)
v(165	2	1	87	2	2)
v(165	3	7	33	14	2)
v(166	1	25	149	50	1)
v(166	2	18	24	36	1)
v(167	1	24	103	48	0)
v(168	1	31	99	62	1)
v(168	2	16	170	32	1)
v(169	1	6	8	12	3)
v(169	2	23	29	46	3)
v(169	3	31	96	62	3)
v(169	4	7	71	14	3)
v(170	1	9	158	18	3)
v(170	2	8	40	16	3)
v(170	3	17	128	34	3)
v(170	4	15	135	30	3)
v(171	1	16	129	32	3)
v(171	2	18	69	36	3)
v(171	3	10	26	20	3)
v(171	4	29	57	58	3)
v(172	1	9	124	18	4)
v(172	2	22	67	44	4)
v(172	3	21	155	42	4)
v(172	4	18	152	36	4)
v(172	5	2	20	4	4)
v(173	1	6	99	12	1)
v(173	2	31	130	62	2)
v(173	3	2	61	4	1)
v(174	1	19	46	38	0)
v(175	1	7	156	14	4)
v(175	2	26	159	52	4)
v(175	3	15	87	30	4)
v(175	4	17	56	34	4)
v(175	5	20	102	40	4)
v(176	1	24	49	48	0)
v(177	1	30	149	60	4)
v(177	2	4	71	8	4)
v(177	3	3	24	6	4)
v(177	4	3	122	6	4)
v(177	5	18	154	36	4)
v(178	1	10	25	20	2)
v(178	2	19	109	38	2)
v(178	3	14	42	28	2)
v(179	1	4	57	8	4)
v(179	2	8	52	16	4)
v(179	3	18	51	36	4)
v(179	4	28	168	56	4)
v(179	5	11	131	22	4)
v(180	1	28	74	56	2)
v(180	2	3	11	6	3)
v(180	3	3	81	6	3)
v(180	4	28	61	56	2)
v(181	1	26	138	52	4)
v(181	2	20	42	40	3)
v(181	3	19	87	38	4)
v(181	4	7	10	14	4)
v(181	5	16	138	32	3)
v(182	1	26	179	52	1)
v(182	2	14	35	28	1)
v(183	1	32	186	64	4)
v(183	2	30	177	60	4)
v(183	3	3	5	6	3)
v(183	4	11	36	22	3)
v(183	5	8	12	16	4)
v(184	1	8	115	16	2)
v(184	2	19	65	38	2)
v(184	3	11	68	22	2)
v(185	1	5	108	10	0)
v(186	1	23	111	46	4)
v(186	2	2	93	4	4)
v(186	3	19	30	38	4)
v(186	4	23	102	46	4)
v(186	5	28	154	56	4)
v(187	1	31	58	62	1)
v(187	2	4	31	8	1)
v(188	1	4	30	8	0)
v(189	1	9	53	18	3)
v(189	2	30	170	60	4)
v(189	3	9	24	18	3)
v(189	4	6	10	12	3)
v(189	5	6	14	12	3)
v(190	1	10	101	20	3)
v(190	2	6	36	12	3)
v(190	3	18	65	36	2)
v(190	4	1	37	2	4)
v(190	5	3	44	6	4)
v(191	1	4	14	8	1)
v(191	2	24	106	48	1)
v(192	1	20	125	40	4)
v(192	2	20	103	40	4)
v(192	3	24	122	48	4)
v(192	4	11	149	22	4)
v(192	5	29	177	58	4)
v(193	1	9	127	18	1)
v(193	2	12	143	24	1)
v(194	1	22	168	44	3)
v(194	2	9	55	18	3)
v(194	3	27	50	54	3)
v(194	4	21	32	42	3)
v(195	1	22	135	44	0)
v(196	1	12	64	24	1)
v(196	2	9	36	18	1)
v(197	1	26	49	52	0)
v(198	1	16	69	32	0)
v(199	1	14	25	28	3)
v(199	2	4	74	8	4)
v(199	3	20	120	40	3)
v(199	4	20	149	40	4)
v(199	5	8	24	16	4)
v(200	1	6	66	12	2)
v(200	2	16	152	32	2)
v(200	3	26	96	52	2)
v(201	1	29	167	58	3)
v(201	2	20	124	40	3)
v(201	3	12	159	24	3)
v(201	4	30	85	60	3)
v(202	1	20	72	40	1)
v(202	2	30	93	60	1)
v(203	1	16	170	32	2)
v(203	2	13	104	26	2)
v(203	3	24	60	48	2)
v(204	1	4	28	8	0)
v(205	1	32	135	64	1)
v(205	2	26	168	52	1)
v(206	1	1	17	2	0)
v(207	1	25	89	50	0)
v(207	2	2	59	4	0)
v(208	1	28	166	56	4)
v(208	2	8	59	16	4)
v(208	3	27	49	54	4)
v(208	4	16	92	32	4)
v(208	5	30	129	60	4)
v(209	1	31	149	62	2)
v(209	2	2	53	4	3)
v(209	3	16	165	32	2)
v(209	4	9	97	18	3)
v(210	1	16	49	32	4)
v(210	2	6	104	12	4)
v(210	3	19	57	38	4)
v(210	4	21	170	42	4)
v(210	5	27	156	54	4)
v(211	1	21	68	42	1)
v(211	2	4	152	8	1)
v(212	1	25	149	50	3)
v(212	2	27	88	54	2)
v(212	3	16	150	32	3)
v(212	4	9	113	18	2)
v(213	1	8	153	16	2)
v(213	2	24	165	48	2)
v(213	3	9	45	18	2)
v(214	1	29	55	58	2)
v(214	2	15	22	30	2)
v(214	3	15	150	30	2)
v(215	1	21	71	42	4)
v(215	2	30	181	60	4)
v(215	3	23	167	46	4)
v(215	4	9	135	18	4)
v(215	5	14	70	28	4)
v(216	1	18	172	36	3)
v(216	2	8	160	16	2)
v(216	3	10	165	20	3)
v(216	4	20	120	40	2)
v(217	1	31	125	62	0)
v(218	1	20	156	40	1)
v(218	2	2	12	4	1)
v(219	1	31	62	62	4)
v(219	2	31	70	62	4)
v(219	3	4	20	8	4)
v(219	4	4	34	8	4)
v(219	5	21	61	42	4)
v(220	1	24	60	48	3)
v(220	2	19	67	38	3)
v(220	3	16	24	32	3)
v(220	4	11	123	22	3)
v(221	1	28	128	56	0)
v(222	1	18	162	36	0)
v(223	1	25	126	50	0)
v(224	1	7	145	14	3)
v(224	2	22	40	44	3)
v(224	3	21	165	42	3)
v(224	4	32	89	64	3)
v(225	1	18	121	36	0)
v(226	1	28	49	56	4)
v(226	2	19	159	38	4)
v(226	3	20	67	40	4)
v(226	4	11	68	22	4)
v(226	5	11	21	22	4)
v(227	1	17	155	34	4)
v(227	2	30	31	60	4)
v(227	3	3	73	6	4)
v(227	4	18	37	36	4)
v(227	5	23	119	46	4)
v(228	1	7	150	14	3)
v(228	2	1	32	2	3)
v(228	3	8	137	16	3)
v(228	4	32	112	64	3)
v(229	1	20	175	40	3)
v(229	2	19	129	38	3)
v(229	3	29	130	58	3)
v(229	4	1	9	2	3)
v(230	1	29	73	58	2)
v(230	2	1	5	2	2)
v(230	3	27	77	54	2)
v(231	1	27	89	54	4)
v(231	2	10	124	20	3)
v(231	3	5	52	10	4)
v(231	4	27	116	54	4)
v(231	5	18	22	36	3)
v(232	1	5	68	10	1)
v(232	2	19	156	38	2)
v(232	3	16	174	32	1)
v(233	1	32	134	64	3)
v(233	2	16	60	32	3)
v(233	3	12	21	24	4)
v(233	4	15	83	30	4)
v(233	5	24	134	48	4)
v(234	1	26	88	52	2)
v(234	2	21	160	42	2)
v(234	3	14	72	28	2)
v(235	1	11	68	22	2)
v(235	2	31	82	62	2)
v(235	3	30	114	60	2)
v(236	1	8	138	16	0)
v(237	1	10	65	20	3)
v(237	2	5	137	10	3)
v(237	3	22	163	44	3)
v(237	4	29	129	58	3)
v(238	1	22	86	44	0)
v(239	1	11	82	22	3)
v(239	2	24	110	48	3)
v(239	3	16	60	32	3)
v(239	4	17	135	34	3)
v(240	1	3	103	6	4)
v(240	2	26	46	52	4)
v(240	3	15	124	30	3)
v(240	4	4	18	8	4)
v(240	5	21	142	42	3)
v(241	1	25	53	50	1)
v(241	2	28	71	56	1)
v(242	1	23	27	46	0)
v(243	1	26	147	52	3)
v(243	2	4	150	8	3)
v(243	3	31	82	62	3)
v(243	4	6	11	12	3)
v(244	1	11	36	22	0)
v(245	1	2	136	4	2)
v(245	2	15	24	30	2)
v(245	3	20	105	40	3)
v(245	4	29	188	58	3)
v(246	1	15	53	30	4)
v(246	2	23	58	46	3)
v(246	3	13	38	26	3)
v(246	4	14	115	28	4)
v(246	5	8	28	16	4)
v(247	1	22	24	44	3)
v(247	2	5	109	10	3)
v(247	3	21	23	42	3)
v(247	4	16	143	32	3)
v(248	1	1	137	2	1)
v(248	2	1	158	2	2)
v(248	3	27	112	54	1)
v(249	1	3	122	6	2)
v(249	2	6	14	12	3)
v(249	3	30	132	60	2)
v(249	4	26	63	52	3)
v(250	1	5	147	10	0)
v(250	2	27	78	54	0)
v(251	1	15	153	30	1)
v(251	2	2	58	4	1)
v(251	3	23	166	46	2)
v(252	1	19	126	38	4)
v(252	2	7	45	14	4)
v(252	3	24	83	48	4)
v(252	4	2	80	4	4)
v(252	5	3	8	6	4)
v(253	1	2	86	4	0)
v(254	1	6	148	12	3)
v(254	2	32	82	64	4)
v(254	3	23	76	46	4)
v(254	4	24	88	48	3)
v(254	5	20	154	40	2)
v(255	1	30	47	60	2)
v(255	2	2	93	4	2)
v(255	3	29	134	58	3)
v(255	4	5	49	10	1)
v(256	1	29	110	58	3)
v(256	2	29	60	58	3)
v(256	3	26	28	52	3)
v(256	4	19	126	38	3)
v(257	1	16	121	32	1)
v(257	2	24	25	48	1)
v(258	1	13	128	26	1)
v(258	2	9	155	18	1)
v(259	1	27	63	54	2)
v(259	2	21	89	42	2)
v(259	3	24	136	48	2)
v(260	1	10	162	20	1)
v(260	2	29	140	58	1)
v(261	1	17	138	34	2)
v(261	2	4	137	8	2)
v(261	3	24	102	48	2)
v(262	1	29	53	58	2)
v(262	2	6	123	12	2)
v(262	3	4	66	8	2)
v(263	1	21	140	42	3)
v(263	2	32	89	64	2)
v(263	3	1	85	2	3)
v(263	4	5	33	10	2)
v(264	1	32	140	64	3)
v(264	2	32	53	64	3)
v(264	3	1	74	2	3)
v(264	4	32	102	64	3)
v(265	1	11	117	22	0)
v(266	1	20	66	40	1)
v(266	2	31	66	62	1)
v(267	1	29	162	58	0)
v(268	1	15	75	30	3)
v(268	2	16	55	32	2)
v(268	3	15	56	30	2)
v(268	4	22	82	44	3)
v(269	1	26	92	52	3)
v(269	2	9	54	18	3)
v(269	3	18	78	36	4)
v(269	4	26	186	52	4)
v(269	5	19	25	38	4)
v(270	1	26	33	52	0)
v(271	1	4	34	8	1)
v(271	2	18	54	36	1)
v(272	1	3	120	6	2)
v(272	2	5	164	10	2)
v(272	3	23	61	46	2)
v(273	1	31	42	62	3)
v(273	2	15	146	30	4)
v(273	3	25	117	50	3)
v(273	4	11	41	22	4)
v(273	5	24	131	48	2)
v(274	1	13	53	26	1)
v(274	2	16	34	32	1)
v(275	1	13	110	26	2)
v(275	2	27	75	54	2)
v(275	3	25	168	50	2)
v(276	1	1	104	2	2)
v(276	2	19	165	38	2)
v(276	3	5	27	10	3)
v(276	4	1	71	2	3)
v(277	1	6	22	12	0)
v(278	1	29	187	58	1)
v(278	2	7	87	14	1)
v(279	1	13	173	26	2)
v(279	2	30	89	60	2)
v(279	3	17	122	34	2)
v(280	1	18	128	36	3)
v(280	2	17	37	34	3)
v(280	3	9	47	18	3)
v(280	4	15	37	30	3)
v(281	1	24	96	48	1)
v(281	2	7	142	14	1)
v(282	1	17	121	34	4)
v(282	2	31	112	62	4)
v(282	3	2	154	4	4)
v(282	4	26	87	52	4)
v(282	5	21	69	42	4)
v(283	1	15	158	30	3)
v(283	2	7	154	14	4)
v(283	3	25	165	50	4)
v(283	4	30	109	60	3)
v(283	5	3	87	6	4)
v(284	1	24	57	48	3)
v(284	2	5	17	10	3)
v(284	3	11	75	22	3)
v(284	4	23	169	46	3)
v(285	1	5	81	10	1)
v(285	2	8	61	16	1)
e(1	1	2	70)
e(2	1	2	20)
e(2	1	3	20)
e(2	2	3	150)
e(3	1	2	110)
e(3	2	3	150)
e(6	1	2	140)
e(6	1	3	10)
e(6	2	3	80)
e(8	1	2	160)
e(8	1	3	160)
e(8	2	3	30)
e(8	1	4	80)
e(8	2	4	60)
e(8	3	4	80)
e(8	1	5	100)
e(8	2	5	90)
e(8	3	5	90)
e(8	4	5	100)
e(9	1	2	50)
e(9	1	3	150)
e(9	1	4	150)
e(9	2	4	130)
e(9	3	4	20)
e(10	1	2	10)
e(11	1	2	130)
e(11	1	3	10)
e(11	2	3	10)
e(11	1	4	30)
e(11	3	4	30)
e(11	1	5	150)
e(11	2	5	60)
e(11	3	5	130)
e(11	4	5	120)
e(12	1	2	90)
e(12	1	3	110)
e(12	2	3	40)
e(12	2	4	10)
e(12	3	4	130)
e(14	1	2	140)
e(14	1	3	140)
e(14	2	3	20)
e(14	1	4	70)
e(14	2	4	40)
e(14	3	4	20)
e(14	1	5	10)
e(14	2	5	140)
e(14	3	5	130)
e(14	4	5	150)
e(16	1	2	60)
e(16	1	3	110)
e(16	2	3	130)
e(16	1	4	80)
e(16	2	4	90)
e(16	3	4	30)
e(17	1	2	90)
e(17	1	3	160)
e(17	2	3	60)
e(18	1	2	130)
e(18	1	3	80)
e(18	2	3	150)
e(18	1	4	50)
e(18	2	4	120)
e(18	3	4	60)
e(18	1	5	80)
e(18	2	5	20)
e(18	3	5	150)
e(18	4	5	70)
e(19	1	2	120)
e(19	1	3	20)
e(19	2	3	100)
e(19	1	4	150)
e(19	2	4	10)
e(19	3	4	70)
e(20	1	2	40)
e(20	1	3	20)
e(20	2	3	70)
e(20	1	4	130)
e(20	2	4	100)
e(20	3	4	30)
e(21	1	2	100)
e(21	1	3	100)
e(21	2	3	160)
e(21	1	4	100)
e(21	2	4	30)
e(21	3	4	30)
e(22	1	2	110)
e(23	1	2	100)
e(24	1	3	30)
e(24	2	3	70)
e(25	1	2	50)
e(25	1	3	160)
e(25	2	3	30)
e(25	1	4	50)
e(25	2	4	40)
e(25	3	4	60)
e(25	1	5	140)
e(25	2	5	130)
e(25	3	5	60)
e(25	4	5	160)
e(27	1	2	160)
e(27	1	3	140)
e(27	2	3	10)
e(27	1	4	20)
e(27	2	4	160)
e(28	1	2	40)
e(28	1	3	140)
e(28	2	3	60)
e(28	1	4	80)
e(28	2	4	100)
e(30	1	2	90)
e(30	1	3	150)
e(30	2	3	10)
e(30	1	4	40)
e(30	2	4	60)
e(30	3	4	10)
e(31	1	2	140)
e(31	1	3	90)
e(31	2	3	100)
e(31	1	4	100)
e(31	2	4	30)
e(31	3	4	130)
e(33	1	2	50)
e(33	1	3	70)
e(33	2	3	70)
e(33	1	4	70)
e(33	2	4	130)
e(33	3	4	160)
e(34	1	2	160)
e(34	2	3	50)
e(34	1	4	150)
e(34	2	4	20)
e(34	3	4	40)
e(34	1	5	130)
e(34	2	5	60)
e(34	3	5	160)
e(34	4	5	70)
e(35	1	2	10)
e(35	2	3	40)
e(35	1	4	20)
e(35	2	4	20)
e(35	3	4	150)
e(35	1	5	20)
e(35	2	5	10)
e(35	3	5	120)
e(35	4	5	90)
e(36	1	2	120)
e(36	1	3	70)
e(36	2	3	120)
e(37	1	2	80)
e(39	1	2	150)
e(39	1	3	60)
e(39	2	3	120)
e(39	1	4	150)
e(39	2	4	80)
e(39	3	4	40)
e(40	1	2	90)
e(41	1	3	100)
e(41	2	3	20)
e(42	1	2	90)
e(42	1	3	50)
e(42	2	3	70)
e(44	1	2	80)
e(44	1	3	30)
e(44	2	3	160)
e(44	1	4	110)
e(44	2	4	150)
e(44	3	4	90)
e(45	1	3	80)
e(45	2	3	20)
e(45	1	4	140)
e(45	2	4	50)
e(45	3	4	90)
e(46	1	3	120)
e(46	2	3	100)
e(46	1	4	120)
e(46	2	4	100)
e(46	3	4	80)
e(48	1	2	110)
e(48	1	3	50)
e(49	1	2	150)
e(49	1	3	80)
e(49	2	3	60)
e(49	1	4	140)
e(49	2	4	70)
e(49	3	4	80)
e(49	1	5	110)
e(49	2	5	30)
e(49	3	5	130)
e(49	4	5	160)
e(50	1	2	40)
e(51	1	2	70)
e(51	1	3	120)
e(51	2	3	150)
e(52	1	2	150)
e(52	1	3	10)
e(52	2	3	150)
e(54	1	2	110)
e(54	1	3	80)
e(54	2	3	150)
e(54	1	4	10)
e(54	3	4	120)
e(56	1	2	130)
e(56	1	3	40)
e(56	2	3	60)
e(56	1	4	70)
e(56	2	4	100)
e(56	3	4	100)
e(56	1	5	30)
e(56	2	5	10)
e(56	3	5	140)
e(56	4	5	20)
e(57	1	2	30)
e(57	1	3	110)
e(57	2	3	80)
e(58	1	2	30)
e(59	1	2	30)
e(60	1	2	150)
e(63	1	2	130)
e(64	1	2	120)
e(64	1	3	60)
e(64	2	3	120)
e(64	1	4	10)
e(64	2	4	110)
e(64	3	4	80)
e(64	2	5	50)
e(64	3	5	160)
e(64	4	5	70)
e(65	1	2	160)
e(65	1	3	40)
e(65	2	3	100)
e(66	1	2	20)
e(66	1	3	100)
e(66	1	4	30)
e(66	2	4	140)
e(66	3	4	60)
e(66	1	5	70)
e(66	3	5	20)
e(66	4	5	140)
e(67	1	2	80)
e(69	1	2	120)
e(69	1	3	50)
e(69	2	3	90)
e(69	1	4	100)
e(69	2	4	150)
e(69	3	4	140)
e(69	1	5	100)
e(69	2	5	80)
e(69	3	5	30)
e(69	4	5	90)
e(70	1	2	60)
e(70	1	3	120)
e(70	2	3	130)
e(70	1	4	50)
e(70	2	4	30)
e(70	3	4	40)
e(70	1	5	140)
e(70	2	5	30)
e(70	3	5	60)
e(70	4	5	40)
e(71	1	2	20)
e(71	1	3	160)
e(71	2	3	30)
e(72	1	2	110)
e(72	1	3	10)
e(72	2	3	50)
e(73	1	2	140)
e(73	1	3	80)
e(73	2	3	40)
e(73	1	4	40)
e(73	2	4	140)
e(73	3	4	40)
e(73	1	5	40)
e(73	2	5	120)
e(73	3	5	110)
e(73	4	5	110)
e(75	1	2	10)
e(75	1	3	150)
e(76	1	3	50)
e(76	2	3	150)
e(76	1	4	120)
e(76	2	4	40)
e(76	3	4	150)
e(78	1	2	40)
e(78	1	3	10)
e(78	2	3	100)
e(78	1	4	20)
e(78	2	4	30)
e(78	3	4	90)
e(79	1	2	40)
e(81	1	2	80)
e(81	1	3	150)
e(81	2	3	60)
e(84	1	2	50)
e(84	1	3	70)
e(84	2	3	60)
e(84	1	4	120)
e(84	2	4	160)
e(84	3	4	110)
e(84	1	5	140)
e(84	2	5	160)
e(84	3	5	50)
e(84	4	5	120)
e(85	1	2	90)
e(85	1	3	160)
e(85	2	3	20)
e(85	1	4	130)
e(85	2	4	90)
e(85	3	4	50)
e(86	1	2	90)
e(86	1	3	30)
e(86	1	4	160)
e(86	2	4	130)
e(86	3	4	160)
e(86	1	5	90)
e(86	2	5	60)
e(86	3	5	160)
e(86	4	5	110)
e(87	1	2	60)
e(87	1	3	80)
e(87	2	3	110)
e(87	1	4	40)
e(87	2	4	90)
e(87	3	4	160)
e(88	1	2	140)
e(88	1	3	140)
e(88	2	3	130)
e(88	1	4	10)
e(88	2	4	70)
e(88	3	4	20)
e(89	1	2	150)
e(89	1	3	10)
e(90	1	2	140)
e(90	1	3	90)
e(90	1	4	150)
e(90	2	4	140)
e(90	3	4	100)
e(91	1	2	130)
e(91	1	3	90)
e(91	2	3	110)
e(91	1	4	150)
e(91	2	4	50)
e(91	3	4	70)
e(93	1	2	140)
e(93	1	3	50)
e(93	2	3	40)
e(93	1	4	80)
e(93	2	4	110)
e(93	3	4	20)
e(93	1	5	70)
e(93	2	5	20)
e(93	3	5	80)
e(93	4	5	80)
e(95	1	2	10)
e(95	1	3	30)
e(95	2	3	100)
e(95	1	4	40)
e(95	2	4	150)
e(95	3	4	70)
e(97	1	2	150)
e(97	1	3	10)
e(97	2	3	130)
e(97	1	4	110)
e(97	2	4	130)
e(97	3	4	110)
e(99	1	2	140)
e(99	1	3	20)
e(99	2	3	90)
e(100	1	2	30)
e(100	1	3	150)
e(100	2	3	40)
e(100	1	4	60)
e(100	3	4	50)
e(101	1	2	150)
e(101	1	3	120)
e(101	2	3	90)
e(103	1	2	20)
e(103	1	3	20)
e(103	2	3	10)
e(103	1	4	90)
e(103	2	4	100)
e(103	3	4	140)
e(103	1	5	100)
e(103	2	5	10)
e(103	3	5	150)
e(103	4	5	10)
e(104	1	2	20)
e(104	1	3	150)
e(104	2	3	160)
e(104	1	4	90)
e(104	2	4	140)
e(104	3	4	110)
e(106	1	2	50)
e(106	1	3	30)
e(106	2	3	100)
e(106	1	4	60)
e(106	2	4	60)
e(106	3	4	60)
e(107	1	2	120)
e(107	1	3	140)
e(107	2	3	160)
e(107	1	4	100)
e(107	2	4	160)
e(107	3	4	160)
e(108	1	2	20)
e(108	1	3	70)
e(108	2	3	40)
e(110	1	2	140)
e(110	2	3	40)
e(110	1	4	70)
e(110	2	4	20)
e(110	3	4	20)
e(110	1	5	70)
e(110	2	5	50)
e(110	4	5	30)
e(111	1	2	160)
e(111	1	3	120)
e(111	2	3	90)
e(111	2	4	120)
e(111	3	4	70)
e(111	1	5	50)
e(111	2	5	120)
e(111	3	5	80)
e(111	4	5	150)
e(113	1	2	30)
e(114	1	2	90)
e(114	1	3	130)
e(114	2	3	20)
e(115	1	2	100)
e(116	1	2	70)
e(118	1	2	100)
e(120	1	2	130)
e(120	1	3	120)
e(120	2	3	60)
e(120	1	4	20)
e(120	2	4	130)
e(120	3	4	140)
e(121	1	2	160)
e(122	1	2	50)
e(124	1	2	120)
e(124	1	3	110)
e(124	2	3	30)
e(127	1	2	70)
e(127	1	3	130)
e(127	2	3	100)
e(127	1	4	100)
e(127	2	4	30)
e(127	3	4	10)
e(129	1	2	150)
e(130	1	2	50)
e(130	1	3	30)
e(130	2	3	130)
e(131	1	2	50)
e(132	1	2	30)
e(132	1	3	20)
e(132	2	3	20)
e(132	1	4	10)
e(132	2	4	110)
e(132	3	4	130)
e(132	1	5	80)
e(132	2	5	20)
e(132	3	5	120)
e(132	4	5	10)
e(133	1	2	20)
e(134	1	2	30)
e(134	1	3	40)
e(134	2	3	50)
e(134	1	4	40)
e(134	2	4	70)
e(134	3	4	20)
e(134	1	5	160)
e(134	2	5	60)
e(134	3	5	120)
e(134	4	5	150)
e(135	1	2	140)
e(135	1	3	10)
e(135	2	3	10)
e(136	1	2	110)
e(136	1	3	40)
e(136	2	3	80)
e(137	1	2	70)
e(137	1	3	50)
e(137	2	3	100)
e(137	1	4	120)
e(137	2	4	140)
e(137	3	4	90)
e(138	1	2	10)
e(138	1	3	60)
e(138	2	3	40)
e(138	1	4	50)
e(138	2	4	100)
e(138	3	4	100)
e(140	1	2	90)
e(140	1	3	150)
e(140	2	3	50)
e(140	1	4	140)
e(140	2	4	80)
e(140	3	4	30)
e(141	1	2	100)
e(141	1	3	130)
e(141	2	3	110)
e(142	1	2	30)
e(142	1	3	10)
e(142	2	3	50)
e(142	1	4	60)
e(142	2	4	20)
e(142	3	4	140)
e(142	1	5	50)
e(142	2	5	60)
e(142	3	5	80)
e(142	4	5	40)
e(143	1	2	90)
e(143	1	3	50)
e(143	2	3	110)
e(144	1	2	50)
e(144	1	3	50)
e(144	2	3	40)
e(144	1	4	10)
e(144	3	4	70)
e(145	1	2	110)
e(145	1	3	20)
e(145	2	3	20)
e(145	1	4	100)
e(145	2	4	80)
e(145	3	4	30)
e(146	1	2	10)
e(147	1	2	50)
e(147	1	3	150)
e(147	2	3	150)
e(147	1	4	30)
e(147	2	4	60)
e(147	3	4	110)
e(149	1	2	140)
e(149	1	3	20)
e(149	2	3	150)
e(150	1	2	70)
e(150	1	3	50)
e(150	2	3	150)
e(150	1	4	120)
e(150	2	4	50)
e(150	3	4	150)
e(151	1	2	50)
e(151	1	3	100)
e(151	1	4	10)
e(151	2	4	120)
e(151	3	4	150)
e(152	1	2	160)
e(152	2	3	160)
e(152	1	4	130)
e(152	2	4	50)
e(152	1	5	70)
e(152	2	5	50)
e(152	3	5	50)
e(152	4	5	110)
e(154	1	2	100)
e(156	1	2	20)
e(156	1	3	10)
e(156	2	3	50)
e(156	1	4	80)
e(156	2	4	30)
e(156	3	4	130)
e(156	1	5	10)
e(156	2	5	140)
e(156	3	5	130)
e(156	4	5	10)
e(158	1	2	60)
e(158	1	3	90)
e(158	2	3	80)
e(159	1	2	100)
e(159	1	3	130)
e(159	2	3	80)
e(159	1	4	100)
e(159	2	4	130)
e(159	3	4	100)
e(159	1	5	10)
e(159	2	5	130)
e(159	3	5	80)
e(159	4	5	160)
e(162	1	2	30)
e(162	1	3	160)
e(162	2	3	130)
e(162	1	4	40)
e(162	2	4	20)
e(162	3	4	100)
e(163	1	3	80)
e(163	2	3	120)
e(163	1	4	40)
e(163	2	4	90)
e(163	3	4	150)
e(163	1	5	80)
e(163	2	5	60)
e(163	3	5	90)
e(163	4	5	140)
e(164	1	2	10)
e(164	1	3	40)
e(164	2	3	80)
e(165	1	2	160)
e(165	1	3	20)
e(165	2	3	70)
e(166	1	2	30)
e(168	1	2	140)
e(169	1	2	150)
e(169	1	3	30)
e(169	2	3	150)
e(169	1	4	10)
e(169	2	4	100)
e(169	3	4	70)
e(170	1	2	90)
e(170	1	3	50)
e(170	2	3	120)
e(170	1	4	100)
e(170	2	4	110)
e(170	3	4	140)
e(171	1	2	30)
e(171	1	3	80)
e(171	2	3	50)
e(171	1	4	50)
e(171	2	4	70)
e(171	3	4	10)
e(172	1	2	160)
e(172	1	3	100)
e(172	2	3	140)
e(172	1	4	90)
e(172	2	4	130)
e(172	3	4	40)
e(172	1	5	30)
e(172	2	5	110)
e(172	3	5	20)
e(172	4	5	130)
e(173	1	2	10)
e(173	2	3	120)
e(175	1	2	10)
e(175	1	3	10)
e(175	2	3	80)
e(175	1	4	150)
e(175	2	4	120)
e(175	3	4	130)
e(175	1	5	60)
e(175	2	5	110)
e(175	3	5	130)
e(175	4	5	40)
e(177	1	2	20)
e(177	1	3	130)
e(177	2	3	70)
e(177	1	4	50)
e(177	2	4	90)
e(177	3	4	30)
e(177	1	5	140)
e(177	2	5	40)
e(177	3	5	80)
e(177	4	5	10)
e(178	1	2	20)
e(178	1	3	130)
e(178	2	3	10)
e(179	1	2	60)
e(179	1	3	20)
e(179	2	3	70)
e(179	1	4	40)
e(179	2	4	160)
e(179	3	4	30)
e(179	1	5	20)
e(179	2	5	140)
e(179	3	5	10)
e(179	4	5	150)
e(180	1	2	70)
e(180	1	3	100)
e(180	2	3	110)
e(180	2	4	80)
e(180	3	4	10)
e(181	1	2	120)
e(181	1	3	110)
e(181	2	3	20)
e(181	1	4	150)
e(181	2	4	70)
e(181	3	4	80)
e(181	1	5	50)
e(181	3	5	40)
e(181	4	5	140)
e(182	1	2	90)
e(183	1	2	60)
e(183	1	3	80)
e(183	2	3	150)
e(183	1	4	10)
e(183	2	4	150)
e(183	1	5	30)
e(183	2	5	160)
e(183	3	5	70)
e(183	4	5	40)
e(184	1	2	20)
e(184	1	3	20)
e(184	2	3	50)
e(186	1	2	140)
e(186	1	3	20)
e(186	2	3	20)
e(186	1	4	120)
e(186	2	4	50)
e(186	3	4	110)
e(186	1	5	80)
e(186	2	5	60)
e(186	3	5	150)
e(186	4	5	60)
e(187	1	2	140)
e(189	1	2	90)
e(189	2	3	60)
e(189	1	4	80)
e(189	2	4	140)
e(189	3	4	100)
e(189	1	5	50)
e(189	2	5	40)
e(189	3	5	90)
e(190	1	2	40)
e(190	1	4	60)
e(190	2	4	70)
e(190	3	4	30)
e(190	1	5	40)
e(190	2	5	70)
e(190	3	5	50)
e(190	4	5	80)
e(191	1	2	50)
e(192	1	2	160)
e(192	1	3	140)
e(192	2	3	20)
e(192	1	4	50)
e(192	2	4	70)
e(192	3	4	140)
e(192	1	5	10)
e(192	2	5	10)
e(192	3	5	130)
e(192	4	5	130)
e(193	1	2	140)
e(194	1	2	60)
e(194	1	3	60)
e(194	2	3	80)
e(194	1	4	140)
e(194	2	4	90)
e(194	3	4	70)
e(196	1	2	110)
e(199	1	2	60)
e(199	2	3	10)
e(199	1	4	150)
e(199	2	4	60)
e(199	3	4	40)
e(199	1	5	40)
e(199	2	5	70)
e(199	3	5	130)
e(199	4	5	90)
e(200	1	2	150)
e(200	1	3	70)
e(200	2	3	120)
e(201	1	2	110)
e(201	1	3	30)
e(201	2	3	100)
e(201	1	4	100)
e(201	2	4	120)
e(201	3	4	10)
e(202	1	2	50)
e(203	1	2	100)
e(203	1	3	50)
e(203	2	3	50)
e(205	1	2	10)
e(208	1	2	20)
e(208	1	3	110)
e(208	2	3	120)
e(208	1	4	60)
e(208	2	4	110)
e(208	3	4	10)
e(208	1	5	120)
e(208	2	5	60)
e(208	3	5	120)
e(208	4	5	60)
e(209	1	2	100)
e(209	2	3	120)
e(209	1	4	50)
e(209	2	4	30)
e(209	3	4	140)
e(210	1	2	100)
e(210	1	3	90)
e(210	2	3	160)
e(210	1	4	80)
e(210	2	4	50)
e(210	3	4	70)
e(210	1	5	130)
e(210	2	5	40)
e(210	3	5	100)
e(210	4	5	40)
e(211	1	2	90)
e(212	1	2	110)
e(212	1	3	150)
e(212	2	3	80)
e(212	1	4	120)
e(212	3	4	20)
e(213	1	2	70)
e(213	1	3	80)
e(213	2	3	140)
e(214	1	2	100)
e(214	1	3	80)
e(214	2	3	130)
e(215	1	2	90)
e(215	1	3	120)
e(215	2	3	150)
e(215	1	4	20)
e(215	2	4	130)
e(215	3	4	50)
e(215	1	5	140)
e(215	2	5	110)
e(215	3	5	30)
e(215	4	5	70)
e(216	1	2	80)
e(216	1	3	140)
e(216	2	3	140)
e(216	1	4	40)
e(216	3	4	20)
e(218	1	2	40)
e(219	1	2	10)
e(219	1	3	120)
e(219	2	3	150)
e(219	1	4	160)
e(219	2	4	50)
e(219	3	4	20)
e(219	1	5	70)
e(219	2	5	100)
e(219	3	5	120)
e(219	4	5	80)
e(220	1	2	160)
e(220	1	3	10)
e(220	2	3	110)
e(220	1	4	20)
e(220	2	4	20)
e(220	3	4	20)
e(224	1	2	60)
e(224	1	3	160)
e(224	2	3	120)
e(224	1	4	60)
e(224	2	4	150)
e(224	3	4	60)
e(226	1	2	40)
e(226	1	3	120)
e(226	2	3	140)
e(226	1	4	160)
e(226	2	4	140)
e(226	3	4	30)
e(226	1	5	150)
e(226	2	5	100)
e(226	3	5	110)
e(226	4	5	50)
e(227	1	2	20)
e(227	1	3	100)
e(227	2	3	150)
e(227	1	4	90)
e(227	2	4	150)
e(227	3	4	150)
e(227	1	5	100)
e(227	2	5	30)
e(227	3	5	150)
e(227	4	5	100)
e(228	1	2	160)
e(228	1	3	50)
e(228	2	3	130)
e(228	1	4	20)
e(228	2	4	150)
e(228	3	4	140)
e(229	1	2	30)
e(229	1	3	150)
e(229	2	3	40)
e(229	1	4	150)
e(229	2	4	60)
e(229	3	4	80)
e(230	1	2	100)
e(230	1	3	160)
e(230	2	3	150)
e(231	1	2	100)
e(231	1	3	30)
e(231	2	3	70)
e(231	1	4	140)
e(231	2	4	60)
e(231	3	4	110)
e(231	1	5	140)
e(231	3	5	160)
e(231	4	5	40)
e(232	1	2	160)
e(232	2	3	150)
e(233	1	3	30)
e(233	2	3	40)
e(233	1	4	120)
e(233	2	4	130)
e(233	3	4	40)
e(233	1	5	80)
e(233	2	5	50)
e(233	3	5	120)
e(233	4	5	30)
e(234	1	2	100)
e(234	1	3	160)
e(234	2	3	110)
e(235	1	2	90)
e(235	1	3	40)
e(235	2	3	150)
e(237	1	2	150)
e(237	1	3	70)
e(237	2	3	80)
e(237	1	4	40)
e(237	2	4	110)
e(237	3	4	90)
e(239	1	2	50)
e(239	1	3	30)
e(239	2	3	130)
e(239	1	4	140)
e(239	2	4	30)
e(239	3	4	100)
e(240	1	2	160)
e(240	1	3	30)
e(240	2	3	40)
e(240	1	4	10)
e(240	2	4	30)
e(240	3	4	20)
e(240	1	5	20)
e(240	2	5	140)
e(240	4	5	10)
e(241	1	2	20)
e(243	1	2	50)
e(243	1	3	20)
e(243	2	3	50)
e(243	1	4	50)
e(243	2	4	30)
e(243	3	4	110)
e(245	1	3	110)
e(245	2	3	100)
e(245	1	4	100)
e(245	2	4	130)
e(245	3	4	20)
e(246	1	2	80)
e(246	1	3	120)
e(246	1	4	60)
e(246	2	4	120)
e(246	3	4	110)
e(246	1	5	130)
e(246	2	5	100)
e(246	3	5	80)
e(246	4	5	30)
e(247	1	2	120)
e(247	1	3	80)
e(247	2	3	70)
e(247	1	4	20)
e(247	2	4	120)
e(247	3	4	70)
e(248	1	2	60)
e(248	2	3	120)
e(249	1	2	160)
e(249	2	3	90)
e(249	1	4	120)
e(249	2	4	90)
e(249	3	4	10)
e(251	1	3	50)
e(251	2	3	80)
e(252	1	2	160)
e(252	1	3	160)
e(252	2	3	80)
e(252	1	4	140)
e(252	2	4	110)
e(252	3	4	10)
e(252	1	5	130)
e(252	2	5	20)
e(252	3	5	80)
e(252	4	5	100)
e(254	1	2	120)
e(254	1	3	130)
e(254	2	3	160)
e(254	1	4	60)
e(254	2	4	120)
e(254	3	4	10)
e(254	2	5	80)
e(254	3	5	10)
e(255	1	2	110)
e(255	1	3	110)
e(255	2	3	60)
e(255	3	4	50)
e(256	1	2	30)
e(256	1	3	150)
e(256	2	3	10)
e(256	1	4	90)
e(256	2	4	70)
e(256	3	4	110)
e(257	1	2	110)
e(258	1	2	40)
e(259	1	2	120)
e(259	1	3	80)
e(259	2	3	80)
e(260	1	2	70)
e(261	1	2	160)
e(261	1	3	70)
e(261	2	3	60)
e(262	1	2	140)
e(262	1	3	90)
e(262	2	3	80)
e(263	1	2	100)
e(263	1	3	90)
e(263	2	3	20)
e(263	1	4	80)
e(263	3	4	160)
e(264	1	2	10)
e(264	1	3	110)
e(264	2	3	40)
e(264	1	4	80)
e(264	2	4	40)
e(264	3	4	150)
e(266	1	2	90)
e(268	1	2	80)
e(268	1	3	80)
e(268	1	4	150)
e(268	2	4	50)
e(268	3	4	70)
e(269	1	3	40)
e(269	2	3	100)
e(269	1	4	140)
e(269	2	4	110)
e(269	3	4	110)
e(269	1	5	80)
e(269	2	5	10)
e(269	3	5	120)
e(269	4	5	110)
e(271	1	2	150)
e(272	1	2	70)
e(272	1	3	90)
e(272	2	3	140)
e(273	1	2	120)
e(273	1	3	10)
e(273	2	3	160)
e(273	1	4	90)
e(273	2	4	160)
e(273	3	4	20)
e(273	2	5	20)
e(273	4	5	20)
e(274	1	2	70)
e(275	1	2	60)
e(275	1	3	60)
e(275	2	3	160)
e(276	1	3	140)
e(276	2	3	110)
e(276	1	4	160)
e(276	2	4	150)
e(276	3	4	110)
e(278	1	2	80)
e(279	1	2	80)
e(279	1	3	80)
e(279	2	3	150)
e(280	1	2	60)
e(280	1	3	130)
e(280	2	3	50)
e(280	1	4	60)
e(280	2	4	90)
e(280	3	4	30)
e(281	1	2	90)
e(282	1	2	10)
e(282	1	3	130)
e(282	2	3	130)
e(282	1	4	50)
e(282	2	4	150)
e(282	3	4	60)
e(282	1	5	30)
e(282	2	5	20)
e(282	3	5	140)
e(282	4	5	120)
e(283	1	2	100)
e(283	1	3	20)
e(283	2	3	10)
e(283	2	4	30)
e(283	3	4	90)
e(283	1	5	40)
e(283	2	5	30)
e(283	3	5	100)
e(283	4	5	40)
e(284	1	2	50)
e(284	1	3	140)
e(284	2	3	130)
e(284	1	4	30)
e(284	2	4	50)
e(284	3	4	60)
e(285	1	2	60)
