500

d(1	12	15	2	200000.0)
d(2	24	24	2	200000.0)
d(3	15	17	5	200000.0)
d(4	2	20	2	200000.0)
d(5	8	16	4	200000.0)
d(6	4	12	1	200000.0)
d(7	9	23	5	200000.0)
d(8	4	4	1	200000.0)
d(9	18	18	2	200000.0)
d(10	17	23	2	200000.0)
d(11	23	24	1	200000.0)
d(12	24	24	5	200000.0)
d(13	19	23	4	200000.0)
d(14	18	21	3	200000.0)
d(15	16	20	5	200000.0)
d(16	23	23	4	200000.0)
d(17	16	24	2	200000.0)
d(18	8	20	1	200000.0)
d(19	9	22	5	200000.0)
d(20	2	24	1	200000.0)
d(21	19	21	4	200000.0)
d(22	14	21	4	200000.0)
d(23	6	10	1	200000.0)
d(24	14	18	3	200000.0)
d(25	23	23	1	200000.0)
d(26	7	20	4	200000.0)
d(27	17	19	1	200000.0)
d(28	9	10	5	200000.0)
d(29	10	12	5	200000.0)
d(30	7	9	4	200000.0)
d(31	7	15	1	200000.0)
d(32	6	17	2	200000.0)
d(33	1	8	5	200000.0)
d(34	24	24	5	200000.0)
d(35	23	23	5	200000.0)
d(36	17	24	5	200000.0)
d(37	19	20	1	200000.0)
d(38	10	14	5	200000.0)
d(39	21	23	1	200000.0)
d(40	14	22	5	200000.0)
d(41	4	5	5	200000.0)
d(42	13	20	5	200000.0)
d(43	20	24	2	200000.0)
d(44	5	19	3	200000.0)
d(45	10	16	1	200000.0)
d(46	12	21	4	200000.0)
d(47	15	22	2	200000.0)
d(48	17	19	2	200000.0)
d(49	21	21	1	200000.0)
d(50	24	24	2	200000.0)
d(51	3	9	5	200000.0)
d(52	8	17	1	200000.0)
d(53	10	23	3	200000.0)
d(54	3	20	1	200000.0)
d(55	8	22	5	200000.0)
d(56	16	20	2	200000.0)
d(57	8	16	4	200000.0)
d(58	5	18	2	200000.0)
d(59	3	5	4	200000.0)
d(60	13	15	3	200000.0)
d(61	3	13	2	200000.0)
d(62	2	3	1	200000.0)
d(63	3	20	5	200000.0)
d(64	24	24	2	200000.0)
d(65	24	24	2	200000.0)
d(66	8	9	3	200000.0)
d(67	21	23	4	200000.0)
d(68	1	21	4	200000.0)
d(69	4	15	5	200000.0)
d(70	1	11	3	200000.0)
d(71	16	23	1	200000.0)
d(72	21	24	1	200000.0)
d(73	13	21	1	200000.0)
d(74	11	13	1	200000.0)
d(75	13	16	4	200000.0)
d(76	7	24	1	200000.0)
d(77	4	7	2	200000.0)
d(78	14	20	1	200000.0)
d(79	11	19	1	200000.0)
d(80	14	15	5	200000.0)
d(81	2	8	3	200000.0)
d(82	21	22	5	200000.0)
d(83	21	23	2	200000.0)
d(84	20	20	5	200000.0)
d(85	6	11	5	200000.0)
d(86	6	24	1	200000.0)
d(87	7	13	4	200000.0)
d(88	4	22	3	200000.0)
d(89	15	21	5	200000.0)
d(90	17	19	1	200000.0)
d(91	17	23	3	200000.0)
d(92	6	7	4	200000.0)
d(93	6	7	2	200000.0)
d(94	12	16	1	200000.0)
d(95	18	22	3	200000.0)
d(96	5	8	5	200000.0)
d(97	6	21	1	200000.0)
d(98	14	21	2	200000.0)
d(99	4	19	5	200000.0)
d(100	6	19	4	200000.0)
d(101	3	16	4	200000.0)
d(102	2	19	4	200000.0)
d(103	3	10	3	200000.0)
d(104	7	11	5	200000.0)
d(105	4	12	3	200000.0)
d(106	17	19	5	200000.0)
d(107	23	24	3	200000.0)
d(108	7	24	5	200000.0)
d(109	2	10	2	200000.0)
d(110	13	23	4	200000.0)
d(111	23	24	2	200000.0)
d(112	9	13	1	200000.0)
d(113	19	24	2	200000.0)
d(114	5	16	3	200000.0)
d(115	9	18	3	200000.0)
d(116	22	23	1	200000.0)
d(117	21	24	5	200000.0)
d(118	18	23	2	200000.0)
d(119	7	11	2	200000.0)
d(120	17	18	4	200000.0)
d(121	5	14	3	200000.0)
d(122	1	16	2	200000.0)
d(123	2	9	1	200000.0)
d(124	16	21	2	200000.0)
d(125	1	20	3	200000.0)
d(126	5	7	1	200000.0)
d(127	2	8	5	200000.0)
d(128	15	16	4	200000.0)
d(129	2	15	4	200000.0)
d(130	8	22	5	200000.0)
d(131	20	20	3	200000.0)
d(132	12	17	2	200000.0)
d(133	16	24	5	200000.0)
d(134	20	22	4	200000.0)
d(135	13	20	1	200000.0)
d(136	21	24	1	200000.0)
d(137	4	19	3	200000.0)
d(138	7	19	2	200000.0)
d(139	20	21	5	200000.0)
d(140	21	22	4	200000.0)
d(141	9	22	2	200000.0)
d(142	20	22	2	200000.0)
d(143	16	21	3	200000.0)
d(144	2	20	3	200000.0)
d(145	23	23	1	200000.0)
d(146	1	24	3	200000.0)
d(147	19	19	3	200000.0)
d(148	22	24	5	200000.0)
d(149	15	21	3	200000.0)
d(150	19	23	1	200000.0)
d(151	8	19	3	200000.0)
d(152	4	18	5	200000.0)
d(153	8	21	2	200000.0)
d(154	14	14	4	200000.0)
d(155	2	21	1	200000.0)
d(156	13	22	2	200000.0)
d(157	2	14	5	200000.0)
d(158	19	23	2	200000.0)
d(159	5	15	3	200000.0)
d(160	15	16	3	200000.0)
d(161	22	23	5	200000.0)
d(162	7	22	5	200000.0)
d(163	6	17	4	200000.0)
d(164	17	17	2	200000.0)
d(165	15	20	3	200000.0)
d(166	17	24	3	200000.0)
d(167	24	24	1	200000.0)
d(168	21	23	2	200000.0)
d(169	23	24	3	200000.0)
d(170	19	23	2	200000.0)
d(171	15	19	4	200000.0)
d(172	3	4	2	200000.0)
d(173	19	21	4	200000.0)
d(174	19	20	3	200000.0)
d(175	23	24	1	200000.0)
d(176	19	20	4	200000.0)
d(177	11	12	2	200000.0)
d(178	13	16	3	200000.0)
d(179	20	22	5	200000.0)
d(180	5	7	2	200000.0)
d(181	18	24	2	200000.0)
d(182	14	16	4	200000.0)
d(183	3	15	5	200000.0)
d(184	15	22	5	200000.0)
d(185	11	14	2	200000.0)
d(186	17	22	5	200000.0)
d(187	24	24	1	200000.0)
d(188	21	21	1	200000.0)
d(189	14	18	2	200000.0)
d(190	1	7	1	200000.0)
d(191	9	23	5	200000.0)
d(192	7	21	5	200000.0)
d(193	23	23	4	200000.0)
d(194	9	24	2	200000.0)
d(195	11	20	4	200000.0)
d(196	24	24	4	200000.0)
d(197	8	15	5	200000.0)
d(198	19	19	1	200000.0)
d(199	1	20	5	200000.0)
d(200	5	23	1	200000.0)
d(201	21	22	2	200000.0)
d(202	5	17	5	200000.0)
d(203	3	14	3	200000.0)
d(204	12	20	1	200000.0)
d(205	8	12	2	200000.0)
d(206	14	22	2	200000.0)
d(207	8	15	5	200000.0)
d(208	24	24	5	200000.0)
d(209	15	17	5	200000.0)
d(210	17	22	1	200000.0)
d(211	4	15	2	200000.0)
d(212	19	20	3	200000.0)
d(213	23	23	1	200000.0)
d(214	3	15	2	200000.0)
d(215	22	23	1	200000.0)
d(216	13	24	2	200000.0)
d(217	1	17	2	200000.0)
d(218	23	24	2	200000.0)
d(219	3	7	5	200000.0)
d(220	2	23	1	200000.0)
d(221	17	18	2	200000.0)
d(222	19	23	1	200000.0)
d(223	21	24	3	200000.0)
d(224	19	23	1	200000.0)
d(225	12	12	1	200000.0)
d(226	21	23	1	200000.0)
d(227	11	24	3	200000.0)
d(228	21	21	5	200000.0)
d(229	8	8	4	200000.0)
d(230	21	24	3	200000.0)
d(231	5	14	3	200000.0)
d(232	2	16	4	200000.0)
d(233	1	8	3	200000.0)
d(234	10	20	5	200000.0)
d(235	14	16	4	200000.0)
d(236	13	15	4	200000.0)
d(237	18	24	5	200000.0)
d(238	14	14	4	200000.0)
d(239	16	17	4	200000.0)
d(240	17	20	2	200000.0)
d(241	13	16	3	200000.0)
d(242	13	17	1	200000.0)
d(243	4	22	2	200000.0)
d(244	11	14	3	200000.0)
d(245	7	16	5	200000.0)
d(246	8	24	3	200000.0)
d(247	17	22	1	200000.0)
d(248	7	18	2	200000.0)
d(249	9	18	4	200000.0)
d(250	19	24	5	200000.0)
d(251	15	20	1	200000.0)
d(252	13	22	2	200000.0)
d(253	12	14	4	200000.0)
d(254	22	24	3	200000.0)
d(255	3	16	3	200000.0)
d(256	4	23	5	200000.0)
d(257	5	21	2	200000.0)
d(258	1	3	2	200000.0)
d(259	9	24	1	200000.0)
d(260	13	14	3	200000.0)
d(261	16	17	3	200000.0)
d(262	24	24	3	200000.0)
d(263	17	22	1	200000.0)
d(264	20	24	5	200000.0)
d(265	10	24	3	200000.0)
d(266	17	22	5	200000.0)
d(267	3	22	4	200000.0)
d(268	10	14	4	200000.0)
d(269	3	11	1	200000.0)
d(270	20	24	1	200000.0)
d(271	15	16	1	200000.0)
d(272	23	23	4	200000.0)
d(273	17	21	4	200000.0)
d(274	2	19	2	200000.0)
d(275	10	14	4	200000.0)
d(276	4	4	2	200000.0)
d(277	4	20	2	200000.0)
d(278	23	24	4	200000.0)
d(279	17	17	4	200000.0)
d(280	18	22	4	200000.0)
d(281	7	16	4	200000.0)
d(282	2	15	2	200000.0)
d(283	10	23	2	200000.0)
d(284	10	15	2	200000.0)
d(285	10	16	5	200000.0)
d(286	6	11	2	200000.0)
d(287	2	10	5	200000.0)
d(288	20	23	4	200000.0)
d(289	4	21	5	200000.0)
d(290	17	17	1	200000.0)
d(291	16	20	2	200000.0)
d(292	3	23	2	200000.0)
d(293	4	18	1	200000.0)
d(294	14	15	1	200000.0)
d(295	11	22	4	200000.0)
d(296	18	21	2	200000.0)
d(297	11	17	2	200000.0)
d(298	3	22	4	200000.0)
d(299	24	24	3	200000.0)
d(300	21	23	4	200000.0)
d(301	8	8	3	200000.0)
d(302	22	22	2	200000.0)
d(303	17	18	3	200000.0)
d(304	2	16	3	200000.0)
d(305	24	24	1	200000.0)
d(306	19	22	3	200000.0)
d(307	17	22	1	200000.0)
d(308	24	24	3	200000.0)
d(309	13	16	4	200000.0)
d(310	15	18	2	200000.0)
d(311	9	21	3	200000.0)
d(312	7	18	1	200000.0)
d(313	6	9	3	200000.0)
d(314	7	16	3	200000.0)
d(315	2	5	4	200000.0)
d(316	7	17	5	200000.0)
d(317	14	15	3	200000.0)
d(318	10	15	1	200000.0)
d(319	23	24	4	200000.0)
d(320	11	19	2	200000.0)
d(321	12	23	5	200000.0)
d(322	12	16	5	200000.0)
d(323	1	7	2	200000.0)
d(324	20	21	5	200000.0)
d(325	4	13	5	200000.0)
d(326	21	24	3	200000.0)
d(327	23	24	3	200000.0)
d(328	13	23	1	200000.0)
d(329	20	22	3	200000.0)
d(330	8	17	1	200000.0)
d(331	9	24	5	200000.0)
d(332	24	24	5	200000.0)
d(333	18	21	3	200000.0)
d(334	11	19	5	200000.0)
d(335	4	21	4	200000.0)
d(336	3	20	4	200000.0)
d(337	8	22	4	200000.0)
d(338	4	15	5	200000.0)
d(339	20	20	4	200000.0)
d(340	3	17	2	200000.0)
d(341	20	20	2	200000.0)
d(342	7	9	5	200000.0)
d(343	2	14	5	200000.0)
d(344	2	20	4	200000.0)
d(345	4	7	5	200000.0)
d(346	6	12	4	200000.0)
d(347	19	20	5	200000.0)
d(348	11	13	4	200000.0)
d(349	9	18	1	200000.0)
d(350	20	21	2	200000.0)
d(351	22	24	2	200000.0)
d(352	17	19	2	200000.0)
d(353	22	23	5	200000.0)
d(354	5	11	3	200000.0)
d(355	9	19	2	200000.0)
d(356	21	24	3	200000.0)
d(357	6	12	2	200000.0)
d(358	15	17	4	200000.0)
d(359	16	16	2	200000.0)
d(360	21	21	4	200000.0)
d(361	6	18	3	200000.0)
d(362	22	23	5	200000.0)
d(363	2	22	2	200000.0)
d(364	21	24	1	200000.0)
d(365	4	17	5	200000.0)
d(366	14	22	1	200000.0)
d(367	8	9	4	200000.0)
d(368	17	22	1	200000.0)
d(369	1	8	4	200000.0)
d(370	10	21	3	200000.0)
d(371	3	9	2	200000.0)
d(372	5	19	1	200000.0)
d(373	7	12	1	200000.0)
d(374	21	22	3	200000.0)
d(375	15	15	4	200000.0)
d(376	4	9	2	200000.0)
d(377	4	5	4	200000.0)
d(378	2	9	1	200000.0)
d(379	7	18	4	200000.0)
d(380	19	20	4	200000.0)
d(381	24	24	1	200000.0)
d(382	8	22	2	200000.0)
d(383	19	19	1	200000.0)
d(384	18	20	4	200000.0)
d(385	3	9	2	200000.0)
d(386	1	16	5	200000.0)
d(387	7	18	2	200000.0)
d(388	1	17	3	200000.0)
d(389	21	24	3	200000.0)
d(390	23	23	5	200000.0)
d(391	5	8	2	200000.0)
d(392	8	10	1	200000.0)
d(393	12	13	5	200000.0)
d(394	17	23	4	200000.0)
d(395	15	20	4	200000.0)
d(396	16	23	1	200000.0)
d(397	5	20	3	200000.0)
d(398	20	22	3	200000.0)
d(399	11	22	4	200000.0)
d(400	24	24	2	200000.0)
d(401	21	24	3	200000.0)
d(402	5	11	1	200000.0)
d(403	7	23	2	200000.0)
d(404	10	15	5	200000.0)
d(405	19	24	3	200000.0)
d(406	10	20	1	200000.0)
d(407	19	21	1	200000.0)
d(408	7	10	2	200000.0)
d(409	1	2	1	200000.0)
d(410	24	24	4	200000.0)
d(411	4	7	5	200000.0)
d(412	14	15	3	200000.0)
d(413	2	7	4	200000.0)
d(414	4	20	5	200000.0)
d(415	17	20	4	200000.0)
d(416	19	24	5	200000.0)
d(417	7	20	4	200000.0)
d(418	16	19	4	200000.0)
d(419	13	22	3	200000.0)
d(420	6	12	4	200000.0)
d(421	20	24	4	200000.0)
d(422	6	22	3	200000.0)
d(423	11	16	4	200000.0)
d(424	11	17	2	200000.0)
d(425	15	22	5	200000.0)
d(426	8	18	1	200000.0)
d(427	16	24	1	200000.0)
d(428	23	23	4	200000.0)
d(429	20	21	1	200000.0)
d(430	10	10	4	200000.0)
d(431	3	21	1	200000.0)
d(432	12	12	4	200000.0)
d(433	4	19	1	200000.0)
d(434	22	23	4	200000.0)
d(435	8	8	3	200000.0)
d(436	8	24	4	200000.0)
d(437	11	24	1	200000.0)
d(438	20	24	3	200000.0)
d(439	16	23	5	200000.0)
d(440	22	23	2	200000.0)
d(441	8	20	3	200000.0)
d(442	9	19	2	200000.0)
d(443	6	12	3	200000.0)
d(444	9	14	3	200000.0)
d(445	22	22	3	200000.0)
d(446	8	8	2	200000.0)
d(447	3	8	5	200000.0)
d(448	7	9	5	200000.0)
d(449	6	12	5	200000.0)
d(450	22	22	2	200000.0)
d(451	17	17	3	200000.0)
d(452	23	23	2	200000.0)
d(453	13	15	5	200000.0)
d(454	8	22	3	200000.0)
d(455	12	17	1	200000.0)
d(456	10	20	4	200000.0)
d(457	12	12	1	200000.0)
d(458	2	15	1	200000.0)
d(459	15	18	2	200000.0)
d(460	15	23	1	200000.0)
d(461	4	15	3	200000.0)
d(462	14	21	1	200000.0)
d(463	16	23	1	200000.0)
d(464	1	24	1	200000.0)
d(465	15	23	4	200000.0)
d(466	5	14	4	200000.0)
d(467	4	11	5	200000.0)
d(468	6	15	5	200000.0)
d(469	8	10	3	200000.0)
d(470	14	16	1	200000.0)
d(471	10	10	1	200000.0)
d(472	18	19	2	200000.0)
d(473	5	13	3	200000.0)
d(474	3	9	4	200000.0)
d(475	16	19	1	200000.0)
d(476	9	23	4	200000.0)
d(477	11	17	3	200000.0)
d(478	14	14	1	200000.0)
d(479	19	24	5	200000.0)
d(480	1	23	1	200000.0)
d(481	12	23	3	200000.0)
d(482	17	20	4	200000.0)
d(483	5	5	2	200000.0)
d(484	21	22	4	200000.0)
d(485	13	16	3	200000.0)
d(486	1	16	4	200000.0)
d(487	3	19	4	200000.0)
d(488	13	22	3	200000.0)
d(489	9	20	2	200000.0)
d(490	1	3	5	200000.0)
d(491	6	20	1	200000.0)
d(492	9	16	1	200000.0)
d(493	23	23	2	200000.0)
d(494	6	12	5	200000.0)
d(495	3	11	4	200000.0)
d(496	22	23	5	200000.0)
d(497	2	12	5	200000.0)
d(498	9	13	3	200000.0)
d(499	15	16	2	200000.0)
d(500	1	7	1	200000.0)
v(1	1	22	132	44	1)
v(1	2	19	114	38	1)
v(2	1	7	48	14	1)
v(2	2	31	153	62	1)
v(3	1	24	108	48	4)
v(3	2	24	60	48	4)
v(3	3	29	143	58	4)
v(3	4	32	46	64	4)
v(3	5	20	29	40	4)
v(4	1	26	172	52	1)
v(4	2	14	103	28	1)
v(5	1	12	151	24	3)
v(5	2	32	66	64	3)
v(5	3	19	25	38	3)
v(5	4	16	104	32	3)
v(6	1	1	110	2	0)
v(7	1	30	33	60	4)
v(7	2	12	17	24	4)
v(7	3	14	170	28	4)
v(7	4	4	53	8	4)
v(7	5	30	35	60	4)
v(8	1	32	109	64	0)
v(9	1	13	28	26	1)
v(9	2	16	21	32	1)
v(10	1	30	91	60	1)
v(10	2	2	13	4	1)
v(11	1	32	48	64	0)
v(12	1	10	170	20	4)
v(12	2	22	128	44	4)
v(12	3	19	111	38	4)
v(12	4	2	16	4	4)
v(12	5	28	135	56	4)
v(13	1	27	145	54	3)
v(13	2	25	103	50	3)
v(13	3	1	108	2	3)
v(13	4	18	144	36	3)
v(14	1	8	126	16	2)
v(14	2	32	184	64	2)
v(14	3	22	121	44	2)
v(15	1	12	163	24	4)
v(15	2	25	123	50	4)
v(15	3	29	43	58	3)
v(15	4	11	80	22	3)
v(15	5	7	63	14	4)
v(16	1	8	139	16	3)
v(16	2	27	182	54	3)
v(16	3	15	35	30	3)
v(16	4	22	139	44	3)
v(17	1	5	38	10	1)
v(17	2	18	172	36	1)
v(18	1	3	47	6	0)
v(19	1	20	111	40	4)
v(19	2	28	131	56	3)
v(19	3	31	187	62	2)
v(19	4	2	137	4	4)
v(19	5	24	66	48	3)
v(20	1	20	158	40	0)
v(21	1	24	35	48	3)
v(21	2	13	128	26	3)
v(21	3	20	77	40	3)
v(21	4	5	138	10	3)
v(22	1	2	152	4	2)
v(22	2	31	107	62	3)
v(22	3	29	140	58	2)
v(22	4	4	28	8	3)
v(23	1	27	139	54	0)
v(24	1	28	55	56	2)
v(24	2	24	110	48	1)
v(24	3	11	133	22	1)
v(25	1	14	145	28	0)
v(26	1	32	153	64	3)
v(26	2	6	9	12	3)
v(26	3	1	34	2	3)
v(26	4	5	129	10	3)
v(27	1	5	68	10	0)
v(28	1	14	44	28	4)
v(28	2	16	92	32	4)
v(28	3	18	96	36	4)
v(28	4	1	26	2	4)
v(28	5	23	105	46	4)
v(29	1	6	17	12	3)
v(29	2	28	95	56	4)
v(29	3	7	100	14	3)
v(29	4	12	109	24	4)
v(29	5	7	14	14	4)
v(30	1	25	130	50	3)
v(30	2	18	127	36	3)
v(30	3	13	80	26	3)
v(30	4	32	95	64	3)
v(31	1	21	85	42	0)
v(32	1	23	163	46	1)
v(32	2	31	144	62	1)
v(33	1	24	86	48	4)
v(33	2	23	144	46	4)
v(33	3	16	98	32	4)
v(33	4	23	68	46	3)
v(33	5	31	178	62	3)
v(34	1	25	108	50	3)
v(34	2	24	180	48	3)
v(34	3	13	44	26	4)
v(34	4	4	32	8	4)
v(34	5	15	80	30	4)
v(35	1	8	138	16	4)
v(35	2	28	97	56	4)
v(35	3	11	87	22	4)
v(35	4	21	162	42	4)
v(35	5	2	102	4	4)
v(36	1	5	60	10	4)
v(36	2	31	188	62	4)
v(36	3	12	69	24	4)
v(36	4	11	103	22	4)
v(36	5	7	36	14	4)
v(37	1	31	50	62	0)
v(38	1	3	110	6	4)
v(38	2	30	144	60	4)
v(38	3	21	175	42	4)
v(38	4	2	150	4	4)
v(38	5	11	40	22	4)
v(39	1	30	100	60	0)
v(40	1	13	150	26	4)
v(40	2	31	62	62	4)
v(40	3	32	148	64	4)
v(40	4	4	126	8	4)
v(40	5	27	88	54	4)
v(41	1	14	130	28	4)
v(41	2	12	103	24	4)
v(41	3	24	55	48	4)
v(41	4	16	56	32	4)
v(41	5	2	127	4	4)
v(42	1	21	55	42	4)
v(42	2	9	58	18	4)
v(42	3	11	110	22	4)
v(42	4	4	80	8	4)
v(42	5	1	34	2	4)
v(43	1	23	63	46	1)
v(43	2	3	56	6	1)
v(44	1	23	65	46	2)
v(44	2	18	79	36	2)
v(44	3	32	136	64	2)
v(45	1	26	95	52	0)
v(46	1	17	122	34	3)
v(46	2	2	124	4	3)
v(46	3	23	89	46	3)
v(46	4	6	75	12	3)
v(47	1	25	83	50	1)
v(47	2	5	74	10	1)
v(48	1	16	43	32	1)
v(48	2	29	85	58	1)
v(49	1	31	79	62	0)
v(50	1	5	76	10	1)
v(50	2	5	70	10	1)
v(51	1	29	89	58	4)
v(51	2	30	55	60	4)
v(51	3	16	173	32	4)
v(51	4	30	82	60	4)
v(51	5	5	68	10	4)
v(52	1	18	153	36	0)
v(53	1	4	47	8	2)
v(53	2	4	154	8	2)
v(53	3	7	77	14	2)
v(54	1	28	39	56	0)
v(55	1	14	139	28	4)
v(55	2	10	47	20	4)
v(55	3	3	13	6	3)
v(55	4	7	91	14	3)
v(55	5	27	113	54	4)
v(56	1	10	143	20	1)
v(56	2	14	115	28	1)
v(57	1	10	51	20	3)
v(57	2	7	137	14	3)
v(57	3	3	88	6	3)
v(57	4	9	146	18	3)
v(58	1	1	146	2	1)
v(58	2	5	38	10	1)
v(59	1	31	96	62	3)
v(59	2	30	122	60	3)
v(59	3	20	37	40	3)
v(59	4	32	91	64	3)
v(60	1	21	95	42	2)
v(60	2	3	42	6	2)
v(60	3	29	141	58	2)
v(61	1	8	96	16	1)
v(61	2	31	164	62	1)
v(62	1	24	67	48	0)
v(63	1	4	8	8	4)
v(63	2	8	16	16	4)
v(63	3	27	136	54	4)
v(63	4	17	42	34	4)
v(63	5	17	78	34	4)
v(64	1	13	45	26	1)
v(64	2	21	142	42	1)
v(65	1	13	33	26	1)
v(65	2	8	59	16	1)
v(66	1	9	79	18	2)
v(66	2	20	150	40	2)
v(66	3	26	52	52	2)
v(67	1	24	140	48	2)
v(67	2	14	167	28	3)
v(67	3	23	126	46	3)
v(67	4	11	89	22	2)
v(68	1	11	62	22	3)
v(68	2	24	174	48	2)
v(68	3	8	118	16	3)
v(68	4	24	48	48	2)
v(69	1	15	85	30	4)
v(69	2	13	75	26	4)
v(69	3	15	90	30	4)
v(69	4	1	18	2	4)
v(69	5	8	120	16	4)
v(70	1	1	19	2	2)
v(70	2	29	74	58	2)
v(70	3	25	118	50	2)
v(71	1	17	31	34	0)
v(72	1	14	165	28	0)
v(73	1	24	141	48	0)
v(74	1	6	67	12	0)
v(75	1	15	91	30	3)
v(75	2	18	31	36	3)
v(75	3	31	152	62	3)
v(75	4	20	32	40	3)
v(76	1	9	104	18	0)
v(77	1	24	153	48	1)
v(77	2	19	139	38	1)
v(78	1	19	146	38	0)
v(79	1	5	43	10	0)
v(80	1	11	17	22	2)
v(80	2	4	148	8	3)
v(80	3	19	60	38	4)
v(80	4	20	58	40	2)
v(80	5	7	51	14	3)
v(81	1	9	62	18	2)
v(81	2	26	164	52	2)
v(81	3	13	152	26	2)
v(82	1	13	157	26	4)
v(82	2	22	176	44	4)
v(82	3	23	97	46	4)
v(82	4	28	69	56	4)
v(82	5	13	154	26	4)
v(83	1	31	130	62	1)
v(83	2	5	33	10	1)
v(84	1	3	133	6	4)
v(84	2	5	40	10	4)
v(84	3	25	89	50	4)
v(84	4	31	50	62	4)
v(84	5	7	52	14	4)
v(85	1	18	155	36	4)
v(85	2	14	163	28	4)
v(85	3	11	110	22	4)
v(85	4	2	75	4	4)
v(85	5	15	86	30	4)
v(86	1	14	136	28	0)
v(87	1	14	69	28	3)
v(87	2	19	132	38	3)
v(87	3	18	171	36	3)
v(87	4	9	13	18	3)
v(88	1	7	155	14	2)
v(88	2	4	75	8	2)
v(88	3	15	19	30	2)
v(89	1	17	124	34	4)
v(89	2	8	98	16	4)
v(89	3	19	47	38	4)
v(89	4	23	153	46	4)
v(89	5	32	75	64	4)
v(90	1	24	128	48	0)
v(91	1	22	106	44	2)
v(91	2	31	86	62	2)
v(91	3	13	123	26	2)
v(92	1	32	34	64	3)
v(92	2	23	49	46	2)
v(92	3	27	53	54	1)
v(92	4	14	68	28	2)
v(93	1	1	125	2	0)
v(93	2	32	93	64	0)
v(94	1	11	171	22	0)
v(95	1	2	143	4	2)
v(95	2	22	35	44	2)
v(95	3	17	160	34	2)
v(96	1	23	89	46	4)
v(96	2	18	129	36	3)
v(96	3	13	95	26	4)
v(96	4	9	86	18	2)
v(96	5	3	144	6	3)
v(97	1	25	164	50	0)
v(98	1	4	106	8	1)
v(98	2	3	6	6	1)
v(99	1	9	87	18	4)
v(99	2	16	96	32	4)
v(99	3	28	152	56	4)
v(99	4	20	135	40	4)
v(99	5	1	93	2	4)
v(100	1	7	14	14	3)
v(100	2	9	156	18	3)
v(100	3	13	138	26	3)
v(100	4	10	77	20	3)
v(101	1	25	180	50	3)
v(101	2	1	47	2	3)
v(101	3	16	118	32	3)
v(101	4	15	128	30	3)
v(102	1	14	33	28	3)
v(102	2	18	107	36	3)
v(102	3	10	35	20	3)
v(102	4	19	47	38	3)
v(103	1	24	78	48	2)
v(103	2	32	54	64	2)
v(103	3	7	65	14	2)
v(104	1	1	93	2	4)
v(104	2	21	80	42	3)
v(104	3	24	30	48	4)
v(104	4	29	187	58	3)
v(104	5	29	37	58	4)
v(105	1	26	166	52	2)
v(105	2	8	145	16	2)
v(105	3	17	91	34	2)
v(106	1	9	168	18	4)
v(106	2	24	134	48	4)
v(106	3	20	107	40	4)
v(106	4	11	28	22	3)
v(106	5	5	127	10	3)
v(107	1	14	164	28	2)
v(107	2	7	53	14	2)
v(107	3	25	112	50	2)
v(108	1	11	88	22	4)
v(108	2	9	36	18	3)
v(108	3	2	53	4	4)
v(108	4	5	70	10	4)
v(108	5	4	108	8	3)
v(109	1	31	159	62	1)
v(109	2	8	89	16	1)
v(110	1	31	35	62	3)
v(110	2	9	167	18	3)
v(110	3	5	135	10	3)
v(110	4	19	58	38	3)
v(111	1	11	128	22	1)
v(111	2	28	143	56	1)
v(112	1	11	74	22	0)
v(113	1	10	50	20	0)
v(113	2	2	8	4	0)
v(114	1	2	10	4	1)
v(114	2	10	20	20	1)
v(114	3	15	139	30	2)
v(115	1	28	149	56	2)
v(115	2	25	84	50	2)
v(115	3	10	74	20	2)
v(116	1	2	52	4	0)
v(117	1	12	67	24	4)
v(117	2	3	50	6	4)
v(117	3	29	96	58	4)
v(117	4	24	114	48	4)
v(117	5	30	140	60	4)
v(118	1	15	114	30	1)
v(118	2	13	103	26	1)
v(119	1	18	38	36	1)
v(119	2	26	180	52	1)
v(120	1	17	92	34	3)
v(120	2	21	172	42	3)
v(120	3	13	170	26	3)
v(120	4	5	64	10	3)
v(121	1	30	63	60	2)
v(121	2	2	119	4	2)
v(121	3	25	76	50	2)
v(122	1	9	93	18	0)
v(122	2	21	54	42	0)
v(123	1	25	71	50	0)
v(124	1	15	25	30	1)
v(124	2	14	45	28	1)
v(125	1	31	140	62	2)
v(125	2	18	124	36	2)
v(125	3	13	46	26	2)
v(126	1	23	41	46	0)
v(127	1	25	89	50	4)
v(127	2	25	55	50	3)
v(127	3	10	64	20	3)
v(127	4	9	127	18	4)
v(127	5	10	166	20	4)
v(128	1	14	131	28	3)
v(128	2	6	151	12	2)
v(128	3	25	161	50	2)
v(128	4	22	70	44	3)
v(129	1	31	71	62	3)
v(129	2	16	50	32	3)
v(129	3	4	106	8	3)
v(129	4	15	39	30	3)
v(130	1	27	37	54	3)
v(130	2	22	128	44	4)
v(130	3	8	124	16	3)
v(130	4	16	124	32	4)
v(130	5	11	111	22	4)
v(131	1	15	118	30	2)
v(131	2	5	76	10	2)
v(131	3	21	50	42	2)
v(132	1	9	58	18	1)
v(132	2	13	163	26	1)
v(133	1	26	60	52	2)
v(133	2	13	89	26	3)
v(133	3	19	157	38	2)
v(133	4	11	59	22	1)
v(133	5	22	136	44	2)
v(134	1	9	28	18	3)
v(134	2	11	42	22	2)
v(134	3	11	101	22	3)
v(134	4	30	187	60	2)
v(135	1	8	149	16	0)
v(136	1	13	57	26	0)
v(137	1	26	162	52	2)
v(137	2	15	142	30	2)
v(137	3	21	145	42	2)
v(138	1	29	55	58	1)
v(138	2	26	171	52	1)
v(139	1	8	126	16	4)
v(139	2	6	18	12	4)
v(139	3	23	173	46	4)
v(139	4	18	135	36	4)
v(139	5	29	124	58	4)
v(140	1	15	128	30	3)
v(140	2	1	67	2	3)
v(140	3	28	178	56	2)
v(140	4	8	60	16	2)
v(141	1	31	160	62	1)
v(141	2	15	17	30	1)
v(142	1	28	104	56	1)
v(142	2	17	154	34	1)
v(143	1	21	119	42	2)
v(143	2	14	81	28	2)
v(143	3	20	87	40	2)
v(144	1	21	140	42	2)
v(144	2	11	118	22	2)
v(144	3	14	23	28	2)
v(145	1	8	77	16	0)
v(146	1	4	5	8	2)
v(146	2	22	134	44	2)
v(146	3	13	139	26	2)
v(147	1	10	143	20	1)
v(147	2	25	80	50	1)
v(147	3	2	153	4	2)
v(148	1	4	152	8	4)
v(148	2	5	84	10	3)
v(148	3	19	149	38	4)
v(148	4	3	128	6	4)
v(148	5	11	89	22	3)
v(149	1	13	72	26	2)
v(149	2	13	48	26	2)
v(149	3	29	175	58	2)
v(150	1	20	99	40	0)
v(151	1	26	181	52	2)
v(151	2	8	42	16	2)
v(151	3	12	111	24	2)
v(152	1	16	87	32	4)
v(152	2	30	108	60	4)
v(152	3	9	167	18	3)
v(152	4	14	112	28	4)
v(152	5	22	112	44	3)
v(153	1	25	142	50	1)
v(153	2	31	32	62	1)
v(154	1	27	78	54	2)
v(154	2	31	83	62	3)
v(154	3	26	82	52	2)
v(154	4	28	173	56	3)
v(155	1	7	96	14	0)
v(156	1	30	177	60	1)
v(156	2	5	109	10	1)
v(157	1	21	88	42	4)
v(157	2	16	158	32	4)
v(157	3	28	188	56	4)
v(157	4	13	173	26	3)
v(157	5	19	148	38	3)
v(158	1	23	118	46	1)
v(158	2	15	166	30	1)
v(159	1	4	22	8	2)
v(159	2	30	138	60	2)
v(159	3	2	92	4	2)
v(160	1	19	166	38	2)
v(160	2	27	107	54	2)
v(160	3	5	73	10	2)
v(161	1	3	63	6	4)
v(161	2	12	60	24	4)
v(161	3	24	32	48	4)
v(161	4	14	154	28	4)
v(161	5	5	19	10	4)
v(162	1	6	48	12	3)
v(162	2	10	103	20	4)
v(162	3	21	143	42	3)
v(162	4	4	106	8	3)
v(162	5	11	159	22	3)
v(163	1	18	118	36	3)
v(163	2	16	150	32	3)
v(163	3	20	108	40	3)
v(163	4	15	28	30	3)
v(164	1	15	53	30	1)
v(164	2	11	125	22	1)
v(165	1	17	76	34	2)
v(165	2	20	111	40	2)
v(165	3	16	75	32	2)
v(166	1	29	101	58	2)
v(166	2	13	140	26	2)
v(166	3	24	170	48	2)
v(167	1	28	122	56	0)
v(168	1	12	125	24	1)
v(168	2	16	97	32	1)
v(169	1	17	69	34	2)
v(169	2	30	116	60	2)
v(169	3	2	71	4	2)
v(170	1	19	163	38	1)
v(170	2	16	33	32	1)
v(171	1	19	50	38	3)
v(171	2	31	159	62	3)
v(171	3	29	148	58	3)
v(171	4	2	25	4	3)
v(172	1	21	67	42	1)
v(172	2	2	107	4	1)
v(173	1	6	55	12	3)
v(173	2	15	118	30	2)
v(173	3	6	149	12	3)
v(173	4	21	135	42	2)
v(174	1	31	90	62	2)
v(174	2	22	174	44	2)
v(174	3	15	43	30	2)
v(175	1	12	61	24	0)
v(176	1	22	68	44	3)
v(176	2	3	18	6	3)
v(176	3	17	38	34	3)
v(176	4	19	149	38	3)
v(177	1	11	150	22	1)
v(177	2	12	29	24	1)
v(178	1	8	104	16	2)
v(178	2	13	135	26	2)
v(178	3	20	65	40	2)
v(179	1	22	147	44	4)
v(179	2	16	157	32	4)
v(179	3	14	79	28	4)
v(179	4	16	69	32	4)
v(179	5	12	100	24	4)
v(180	1	24	87	48	1)
v(180	2	28	44	56	1)
v(181	1	30	104	60	1)
v(181	2	18	149	36	1)
v(182	1	8	63	16	3)
v(182	2	22	63	44	3)
v(182	3	18	117	36	3)
v(182	4	4	17	8	3)
v(183	1	18	54	36	4)
v(183	2	18	38	36	4)
v(183	3	28	154	56	3)
v(183	4	7	119	14	3)
v(183	5	14	25	28	4)
v(184	1	19	154	38	3)
v(184	2	23	102	46	4)
v(184	3	32	63	64	3)
v(184	4	19	148	38	4)
v(184	5	10	56	20	4)
v(185	1	3	132	6	1)
v(185	2	4	60	8	1)
v(186	1	6	34	12	4)
v(186	2	7	138	14	3)
v(186	3	22	168	44	4)
v(186	4	6	67	12	4)
v(186	5	14	120	28	3)
v(187	1	15	153	30	0)
v(188	1	15	82	30	0)
v(189	1	25	165	50	1)
v(189	2	5	48	10	1)
v(190	1	16	27	32	0)
v(191	1	27	116	54	4)
v(191	2	20	171	40	4)
v(191	3	30	179	60	4)
v(191	4	20	138	40	4)
v(191	5	29	173	58	4)
v(192	1	13	50	26	4)
v(192	2	32	41	64	4)
v(192	3	8	57	16	4)
v(192	4	20	29	40	4)
v(192	5	3	81	6	4)
v(193	1	25	181	50	2)
v(193	2	13	151	26	3)
v(193	3	25	40	50	3)
v(193	4	11	47	22	2)
v(194	1	14	79	28	1)
v(194	2	26	29	52	1)
v(195	1	10	67	20	2)
v(195	2	11	142	22	2)
v(195	3	6	12	12	3)
v(195	4	26	90	52	3)
v(196	1	13	109	26	3)
v(196	2	30	115	60	3)
v(196	3	5	15	10	3)
v(196	4	25	43	50	3)
v(197	1	24	129	48	3)
v(197	2	28	116	56	4)
v(197	3	22	46	44	4)
v(197	4	1	120	2	4)
v(197	5	24	124	48	3)
v(198	1	9	109	18	0)
v(199	1	12	54	24	4)
v(199	2	11	163	22	4)
v(199	3	17	162	34	3)
v(199	4	2	39	4	4)
v(199	5	21	104	42	3)
v(200	1	27	83	54	0)
v(201	1	9	53	18	1)
v(201	2	5	146	10	1)
v(202	1	19	161	38	4)
v(202	2	22	130	44	4)
v(202	3	21	160	42	3)
v(202	4	21	177	42	3)
v(202	5	7	57	14	4)
v(203	1	13	27	26	2)
v(203	2	1	124	2	2)
v(203	3	31	78	62	2)
v(204	1	18	128	36	0)
v(205	1	25	87	50	1)
v(205	2	11	102	22	1)
v(206	1	9	33	18	1)
v(206	2	15	107	30	1)
v(207	1	7	116	14	4)
v(207	2	10	69	20	4)
v(207	3	30	70	60	4)
v(207	4	25	35	50	4)
v(207	5	18	73	36	4)
v(208	1	18	172	36	4)
v(208	2	28	155	56	3)
v(208	3	29	101	58	3)
v(208	4	6	25	12	4)
v(208	5	5	84	10	4)
v(209	1	2	75	4	4)
v(209	2	1	10	2	4)
v(209	3	29	77	58	4)
v(209	4	18	164	36	4)
v(209	5	23	93	46	4)
v(210	1	2	81	4	0)
v(211	1	8	83	16	1)
v(211	2	11	110	22	1)
v(212	1	25	114	50	2)
v(212	2	3	104	6	1)
v(212	3	22	46	44	1)
v(213	1	3	161	6	0)
v(214	1	30	76	60	1)
v(214	2	32	125	64	1)
v(215	1	11	66	22	0)
v(216	1	7	60	14	1)
v(216	2	25	37	50	1)
v(217	1	27	106	54	1)
v(217	2	11	59	22	1)
v(218	1	12	149	24	1)
v(218	2	12	170	24	1)
v(219	1	17	92	34	3)
v(219	2	6	61	12	2)
v(219	3	11	136	22	3)
v(219	4	16	94	32	4)
v(219	5	3	17	6	4)
v(220	1	27	102	54	0)
v(221	1	11	21	22	1)
v(221	2	4	110	8	1)
v(222	1	23	108	46	0)
v(223	1	28	31	56	2)
v(223	2	8	85	16	2)
v(223	3	11	147	22	2)
v(224	1	23	51	46	0)
v(225	1	13	152	26	0)
v(226	1	15	47	30	0)
v(227	1	28	47	56	1)
v(227	2	2	146	4	1)
v(227	3	13	143	26	2)
v(228	1	16	84	32	4)
v(228	2	11	100	22	4)
v(228	3	2	89	4	4)
v(228	4	16	23	32	4)
v(228	5	14	109	28	4)
v(229	1	15	160	30	3)
v(229	2	1	75	2	3)
v(229	3	10	110	20	3)
v(229	4	32	191	64	3)
v(230	1	15	41	30	2)
v(230	2	6	29	12	2)
v(230	3	26	89	52	2)
v(231	1	27	77	54	2)
v(231	2	31	48	62	2)
v(231	3	15	25	30	2)
v(232	1	7	9	14	3)
v(232	2	1	95	2	3)
v(232	3	25	28	50	3)
v(232	4	18	173	36	3)
v(233	1	12	144	24	1)
v(233	2	9	114	18	2)
v(233	3	2	123	4	1)
v(234	1	26	71	52	4)
v(234	2	24	133	48	4)
v(234	3	11	80	22	3)
v(234	4	29	94	58	3)
v(234	5	31	177	62	4)
v(235	1	19	20	38	3)
v(235	2	32	176	64	2)
v(235	3	28	98	56	1)
v(235	4	31	117	62	2)
v(236	1	4	109	8	3)
v(236	2	24	81	48	3)
v(236	3	19	61	38	3)
v(236	4	32	103	64	3)
v(237	1	30	63	60	4)
v(237	2	27	171	54	4)
v(237	3	20	172	40	4)
v(237	4	10	19	20	4)
v(237	5	30	87	60	4)
v(238	1	28	100	56	3)
v(238	2	15	68	30	3)
v(238	3	32	110	64	3)
v(238	4	2	16	4	3)
v(239	1	16	118	32	3)
v(239	2	16	115	32	3)
v(239	3	19	35	38	3)
v(239	4	11	16	22	3)
v(240	1	20	101	40	1)
v(240	2	27	158	54	1)
v(241	1	17	142	34	1)
v(241	2	17	77	34	2)
v(241	3	28	116	56	1)
v(242	1	11	148	22	0)
v(243	1	23	88	46	1)
v(243	2	9	124	18	1)
v(244	1	28	76	56	2)
v(244	2	22	61	44	2)
v(244	3	5	7	10	2)
v(245	1	12	21	24	4)
v(245	2	27	142	54	4)
v(245	3	13	44	26	4)
v(245	4	24	131	48	4)
v(245	5	18	175	36	4)
v(246	1	6	124	12	2)
v(246	2	31	103	62	2)
v(246	3	13	147	26	2)
v(247	1	8	104	16	0)
v(248	1	28	142	56	0)
v(248	2	19	175	38	0)
v(249	1	17	55	34	3)
v(249	2	10	83	20	3)
v(249	3	9	61	18	3)
v(249	4	17	65	34	3)
v(250	1	27	144	54	4)
v(250	2	27	145	54	4)
v(250	3	4	104	8	4)
v(250	4	6	91	12	4)
v(250	5	4	140	8	4)
v(251	1	27	62	54	0)
v(252	1	19	106	38	0)
v(252	2	15	91	30	0)
v(253	1	4	121	8	3)
v(253	2	14	45	28	3)
v(253	3	14	127	28	3)
v(253	4	7	17	14	3)
v(254	1	2	21	4	2)
v(254	2	19	150	38	2)
v(254	3	14	44	28	2)
v(255	1	27	101	54	2)
v(255	2	28	174	56	2)
v(255	3	9	133	18	2)
v(256	1	17	24	34	4)
v(256	2	25	74	50	4)
v(256	3	14	112	28	4)
v(256	4	18	133	36	4)
v(256	5	12	171	24	4)
v(257	1	2	65	4	1)
v(257	2	16	80	32	1)
v(258	1	30	43	60	1)
v(258	2	8	158	16	1)
v(259	1	29	63	58	0)
v(260	1	23	98	46	2)
v(260	2	28	72	56	2)
v(260	3	9	10	18	2)
v(261	1	24	149	48	2)
v(261	2	24	46	48	2)
v(261	3	7	151	14	2)
v(262	1	16	119	32	2)
v(262	2	32	53	64	2)
v(262	3	12	31	24	2)
v(263	1	29	106	58	0)
v(264	1	32	46	64	4)
v(264	2	4	153	8	4)
v(264	3	4	127	8	4)
v(264	4	31	173	62	4)
v(264	5	20	104	40	4)
v(265	1	16	19	32	2)
v(265	2	26	96	52	2)
v(265	3	23	151	46	2)
v(266	1	6	79	12	4)
v(266	2	28	180	56	3)
v(266	3	15	145	30	3)
v(266	4	17	77	34	4)
v(266	5	30	104	60	4)
v(267	1	11	14	22	3)
v(267	2	18	147	36	3)
v(267	3	11	152	22	3)
v(267	4	29	51	58	3)
v(268	1	3	110	6	3)
v(268	2	32	38	64	3)
v(268	3	2	154	4	3)
v(268	4	8	93	16	3)
v(269	1	12	169	24	0)
v(270	1	29	163	58	0)
v(271	1	32	88	64	0)
v(272	1	21	100	42	3)
v(272	2	20	126	40	3)
v(272	3	32	157	64	2)
v(272	4	18	161	36	2)
v(273	1	19	96	38	2)
v(273	2	14	104	28	3)
v(273	3	32	173	64	2)
v(273	4	32	160	64	3)
v(274	1	23	113	46	1)
v(274	2	16	125	32	1)
v(275	1	30	169	60	3)
v(275	2	25	112	50	3)
v(275	3	16	37	32	3)
v(275	4	9	116	18	3)
v(276	1	21	112	42	1)
v(276	2	9	32	18	1)
v(277	1	6	57	12	1)
v(277	2	17	166	34	1)
v(278	1	10	103	20	2)
v(278	2	4	149	8	1)
v(278	3	32	86	64	3)
v(278	4	14	167	28	2)
v(279	1	27	88	54	2)
v(279	2	10	40	20	3)
v(279	3	18	57	36	3)
v(279	4	29	115	58	2)
v(280	1	10	13	20	3)
v(280	2	3	78	6	3)
v(280	3	28	83	56	2)
v(280	4	31	122	62	2)
v(281	1	25	39	50	3)
v(281	2	12	152	24	3)
v(281	3	13	47	26	3)
v(281	4	18	44	36	3)
v(282	1	27	145	54	1)
v(282	2	13	133	26	1)
v(283	1	14	115	28	1)
v(283	2	5	138	10	1)
v(284	1	15	135	30	1)
v(284	2	11	47	22	1)
v(285	1	20	63	40	4)
v(285	2	27	146	54	2)
v(285	3	24	97	48	3)
v(285	4	31	161	62	4)
v(285	5	20	124	40	3)
v(286	1	16	55	32	0)
v(286	2	7	31	14	0)
v(287	1	5	44	10	4)
v(287	2	12	172	24	4)
v(287	3	7	11	14	4)
v(287	4	8	24	16	4)
v(287	5	26	70	52	4)
v(288	1	29	59	58	3)
v(288	2	6	74	12	3)
v(288	3	6	148	12	3)
v(288	4	1	117	2	3)
v(289	1	10	124	20	4)
v(289	2	15	160	30	4)
v(289	3	31	43	62	4)
v(289	4	19	48	38	4)
v(289	5	27	146	54	4)
v(290	1	18	61	36	0)
v(291	1	3	24	6	1)
v(291	2	15	72	30	1)
v(292	1	3	147	6	1)
v(292	2	10	167	20	1)
v(293	1	1	43	2	0)
v(294	1	30	144	60	0)
v(295	1	1	25	2	3)
v(295	2	29	146	58	3)
v(295	3	15	57	30	3)
v(295	4	1	48	2	3)
v(296	1	28	168	56	1)
v(296	2	10	16	20	1)
v(297	1	27	105	54	1)
v(297	2	10	112	20	1)
v(298	1	7	142	14	3)
v(298	2	31	130	62	3)
v(298	3	19	75	38	3)
v(298	4	7	151	14	3)
v(299	1	13	134	26	2)
v(299	2	13	162	26	2)
v(299	3	16	126	32	2)
v(300	1	26	92	52	3)
v(300	2	15	84	30	3)
v(300	3	31	34	62	3)
v(300	4	16	169	32	3)
v(301	1	25	108	50	2)
v(301	2	19	61	38	2)
v(301	3	19	71	38	2)
v(302	1	31	41	62	1)
v(302	2	3	17	6	1)
v(303	1	23	60	46	1)
v(303	2	19	158	38	2)
v(303	3	26	46	52	1)
v(304	1	10	89	20	2)
v(304	2	29	164	58	2)
v(304	3	19	119	38	2)
v(305	1	27	74	54	0)
v(306	1	11	31	22	2)
v(306	2	6	78	12	2)
v(306	3	1	92	2	2)
v(307	1	1	152	2	0)
v(308	1	28	111	56	2)
v(308	2	30	80	60	2)
v(308	3	18	124	36	2)
v(309	1	17	108	34	2)
v(309	2	19	101	38	2)
v(309	3	27	71	54	3)
v(309	4	27	90	54	3)
v(310	1	10	159	20	1)
v(310	2	6	45	12	1)
v(311	1	26	158	52	2)
v(311	2	3	48	6	2)
v(311	3	27	89	54	2)
v(312	1	4	108	8	0)
v(313	1	28	149	56	1)
v(313	2	18	25	36	1)
v(313	3	7	86	14	2)
v(314	1	8	128	16	2)
v(314	2	25	106	50	2)
v(314	3	14	147	28	2)
v(315	1	18	93	36	3)
v(315	2	9	19	18	3)
v(315	3	15	165	30	3)
v(315	4	10	74	20	3)
v(316	1	15	87	30	3)
v(316	2	31	173	62	3)
v(316	3	6	133	12	4)
v(316	4	24	160	48	2)
v(316	5	28	177	56	4)
v(317	1	20	118	40	2)
v(317	2	6	164	12	2)
v(317	3	28	185	56	2)
v(318	1	6	116	12	0)
v(319	1	1	56	2	3)
v(319	2	8	117	16	3)
v(319	3	3	106	6	3)
v(319	4	30	42	60	3)
v(320	1	15	112	30	1)
v(320	2	30	44	60	1)
v(321	1	15	118	30	4)
v(321	2	30	58	60	4)
v(321	3	26	56	52	4)
v(321	4	9	53	18	4)
v(321	5	27	180	54	4)
v(322	1	31	37	62	4)
v(322	2	3	138	6	4)
v(322	3	14	27	28	4)
v(322	4	22	178	44	4)
v(322	5	19	168	38	4)
v(323	1	4	124	8	1)
v(323	2	12	109	24	1)
v(324	1	17	88	34	4)
v(324	2	21	45	42	4)
v(324	3	19	132	38	4)
v(324	4	30	189	60	4)
v(324	5	6	10	12	4)
v(325	1	25	82	50	4)
v(325	2	5	51	10	4)
v(325	3	3	10	6	4)
v(325	4	15	103	30	4)
v(325	5	2	28	4	4)
v(326	1	21	145	42	2)
v(326	2	15	130	30	2)
v(326	3	29	81	58	2)
v(327	1	13	92	26	2)
v(327	2	2	69	4	2)
v(327	3	8	91	16	2)
v(328	1	11	122	22	0)
v(329	1	13	97	26	2)
v(329	2	22	44	44	2)
v(329	3	5	23	10	2)
v(330	1	9	167	18	0)
v(331	1	14	128	28	3)
v(331	2	12	132	24	3)
v(331	3	11	105	22	4)
v(331	4	25	176	50	4)
v(331	5	24	50	48	4)
v(332	1	14	160	28	4)
v(332	2	3	11	6	4)
v(332	3	23	78	46	3)
v(332	4	19	31	38	3)
v(332	5	7	42	14	4)
v(333	1	27	170	54	2)
v(333	2	14	93	28	2)
v(333	3	31	68	62	2)
v(334	1	27	47	54	3)
v(334	2	16	163	32	4)
v(334	3	17	52	34	3)
v(334	4	30	62	60	4)
v(334	5	4	154	8	4)
v(335	1	1	3	2	3)
v(335	2	16	131	32	3)
v(335	3	13	125	26	3)
v(335	4	15	106	30	3)
v(336	1	26	144	52	3)
v(336	2	22	103	44	3)
v(336	3	21	107	42	3)
v(336	4	18	153	36	3)
v(337	1	17	39	34	3)
v(337	2	7	164	14	3)
v(337	3	9	97	18	3)
v(337	4	27	81	54	3)
v(338	1	19	35	38	4)
v(338	2	16	129	32	3)
v(338	3	18	69	36	3)
v(338	4	1	62	2	4)
v(338	5	10	105	20	4)
v(339	1	4	15	8	3)
v(339	2	12	77	24	3)
v(339	3	17	25	34	3)
v(339	4	32	92	64	3)
v(340	1	17	50	34	1)
v(340	2	14	35	28	1)
v(341	1	29	40	58	1)
v(341	2	8	53	16	1)
v(342	1	16	91	32	4)
v(342	2	16	108	32	4)
v(342	3	31	61	62	4)
v(342	4	8	105	16	3)
v(342	5	10	66	20	3)
v(343	1	8	114	16	4)
v(343	2	10	125	20	4)
v(343	3	28	99	56	4)
v(343	4	4	85	8	4)
v(343	5	30	174	60	4)
v(344	1	13	59	26	3)
v(344	2	1	99	2	3)
v(344	3	1	102	2	3)
v(344	4	13	52	26	3)
v(345	1	32	176	64	4)
v(345	2	26	108	52	3)
v(345	3	8	105	16	4)
v(345	4	30	53	60	4)
v(345	5	21	87	42	3)
v(346	1	16	119	32	3)
v(346	2	16	174	32	3)
v(346	3	26	89	52	3)
v(346	4	28	168	56	3)
v(347	1	19	64	38	4)
v(347	2	25	86	50	4)
v(347	3	30	186	60	4)
v(347	4	5	92	10	4)
v(347	5	25	152	50	4)
v(348	1	13	126	26	3)
v(348	2	4	139	8	3)
v(348	3	5	156	10	3)
v(348	4	15	48	30	3)
v(349	1	3	106	6	0)
v(350	1	27	145	54	1)
v(350	2	17	56	34	1)
v(351	1	28	165	56	0)
v(351	2	11	105	22	0)
v(352	1	2	88	4	1)
v(352	2	5	72	10	1)
v(353	1	13	21	26	4)
v(353	2	3	76	6	4)
v(353	3	16	101	32	4)
v(353	4	19	165	38	4)
v(353	5	1	50	2	4)
v(354	1	22	161	44	2)
v(354	2	6	122	12	2)
v(354	3	10	54	20	2)
v(355	1	10	57	20	1)
v(355	2	4	155	8	1)
v(356	1	21	110	42	2)
v(356	2	3	132	6	2)
v(356	3	4	160	8	2)
v(357	1	20	131	40	1)
v(357	2	19	171	38	1)
v(358	1	28	159	56	3)
v(358	2	28	114	56	3)
v(358	3	29	168	58	3)
v(358	4	22	28	44	3)
v(359	1	6	145	12	1)
v(359	2	23	100	46	1)
v(360	1	28	159	56	3)
v(360	2	11	103	22	3)
v(360	3	23	90	46	3)
v(360	4	20	24	40	3)
v(361	1	29	35	58	2)
v(361	2	1	77	2	2)
v(361	3	20	120	40	2)
v(362	1	2	152	4	3)
v(362	2	23	163	46	3)
v(362	3	8	160	16	3)
v(362	4	29	100	58	3)
v(362	5	2	22	4	4)
v(363	1	2	141	4	1)
v(363	2	13	145	26	1)
v(364	1	10	122	20	0)
v(365	1	1	113	2	4)
v(365	2	30	74	60	4)
v(365	3	7	36	14	4)
v(365	4	18	68	36	4)
v(365	5	27	121	54	4)
v(366	1	6	35	12	0)
v(367	1	13	140	26	3)
v(367	2	9	168	18	3)
v(367	3	16	171	32	3)
v(367	4	4	20	8	3)
v(368	1	20	37	40	0)
v(369	1	14	40	28	3)
v(369	2	20	59	40	3)
v(369	3	26	28	52	2)
v(369	4	32	101	64	2)
v(370	1	3	163	6	2)
v(370	2	13	84	26	2)
v(370	3	1	100	2	2)
v(371	1	29	52	58	1)
v(371	2	16	112	32	1)
v(372	1	3	127	6	0)
v(373	1	20	56	40	0)
v(374	1	6	140	12	2)
v(374	2	18	99	36	2)
v(374	3	32	105	64	2)
v(375	1	13	168	26	3)
v(375	2	23	108	46	2)
v(375	3	9	39	18	2)
v(375	4	14	91	28	1)
v(376	1	1	101	2	1)
v(376	2	5	63	10	1)
v(377	1	2	30	4	3)
v(377	2	21	38	42	3)
v(377	3	3	137	6	3)
v(377	4	1	119	2	3)
v(378	1	32	100	64	0)
v(379	1	31	108	62	3)
v(379	2	22	90	44	3)
v(379	3	22	62	44	3)
v(379	4	14	173	28	3)
v(380	1	1	159	2	3)
v(380	2	25	136	50	2)
v(380	3	10	34	20	3)
v(380	4	25	33	50	2)
v(381	1	30	55	60	0)
v(382	1	19	76	38	1)
v(382	2	29	118	58	1)
v(383	1	23	152	46	0)
v(384	1	29	176	58	3)
v(384	2	21	67	42	3)
v(384	3	11	159	22	3)
v(384	4	28	152	56	3)
v(385	1	26	66	52	1)
v(385	2	28	41	56	1)
v(386	1	28	68	56	3)
v(386	2	21	151	42	4)
v(386	3	23	36	46	3)
v(386	4	29	109	58	4)
v(386	5	10	131	20	4)
v(387	1	28	179	56	1)
v(387	2	3	43	6	1)
v(388	1	18	120	36	2)
v(388	2	20	71	40	2)
v(388	3	29	63	58	2)
v(389	1	22	65	44	2)
v(389	2	7	121	14	2)
v(389	3	6	151	12	2)
v(390	1	26	134	52	4)
v(390	2	26	59	52	4)
v(390	3	6	112	12	4)
v(390	4	28	66	56	4)
v(390	5	24	88	48	4)
v(391	1	31	191	62	1)
v(391	2	25	171	50	1)
v(392	1	10	143	20	0)
v(393	1	12	165	24	4)
v(393	2	9	53	18	4)
v(393	3	3	120	6	4)
v(393	4	21	115	42	4)
v(393	5	15	84	30	4)
v(394	1	26	47	52	2)
v(394	2	26	106	52	3)
v(394	3	16	66	32	2)
v(394	4	23	135	46	3)
v(395	1	17	115	34	3)
v(395	2	3	94	6	3)
v(395	3	16	25	32	2)
v(395	4	31	147	62	2)
v(396	1	24	121	48	0)
v(397	1	15	26	30	2)
v(397	2	13	99	26	2)
v(397	3	18	31	36	2)
v(398	1	8	118	16	2)
v(398	2	16	107	32	2)
v(398	3	1	113	2	2)
v(399	1	23	71	46	2)
v(399	2	23	133	46	3)
v(399	3	2	57	4	3)
v(399	4	12	98	24	2)
v(400	1	10	23	20	1)
v(400	2	19	152	38	1)
v(401	1	11	140	22	2)
v(401	2	31	71	62	2)
v(401	3	22	57	44	2)
v(402	1	23	121	46	0)
v(403	1	10	56	20	1)
v(403	2	32	73	64	1)
v(404	1	7	49	14	4)
v(404	2	19	102	38	3)
v(404	3	4	12	8	4)
v(404	4	31	147	62	4)
v(404	5	19	126	38	3)
v(405	1	13	150	26	1)
v(405	2	3	42	6	1)
v(405	3	6	114	12	2)
v(406	1	3	126	6	0)
v(407	1	11	71	22	0)
v(408	1	19	126	38	1)
v(408	2	1	35	2	1)
v(409	1	5	123	10	0)
v(410	1	22	140	44	3)
v(410	2	7	60	14	3)
v(410	3	9	153	18	3)
v(410	4	17	137	34	3)
v(411	1	17	63	34	4)
v(411	2	11	30	22	4)
v(411	3	22	120	44	4)
v(411	4	22	90	44	4)
v(411	5	31	179	62	4)
v(412	1	3	113	6	2)
v(412	2	17	165	34	2)
v(412	3	3	83	6	2)
v(413	1	28	152	56	2)
v(413	2	5	39	10	2)
v(413	3	26	38	52	3)
v(413	4	25	49	50	3)
v(414	1	27	132	54	4)
v(414	2	1	36	2	4)
v(414	3	2	12	4	4)
v(414	4	26	164	52	4)
v(414	5	8	126	16	4)
v(415	1	13	14	26	2)
v(415	2	21	31	42	3)
v(415	3	27	37	54	2)
v(415	4	27	58	54	3)
v(416	1	10	156	20	4)
v(416	2	21	109	42	4)
v(416	3	28	153	56	4)
v(416	4	9	73	18	4)
v(416	5	19	46	38	4)
v(417	1	20	151	40	3)
v(417	2	27	133	54	3)
v(417	3	1	34	2	3)
v(417	4	25	154	50	3)
v(418	1	14	137	28	3)
v(418	2	15	29	30	3)
v(418	3	20	28	40	3)
v(418	4	19	144	38	3)
v(419	1	10	138	20	2)
v(419	2	22	141	44	2)
v(419	3	7	94	14	2)
v(420	1	30	64	60	3)
v(420	2	2	138	4	1)
v(420	3	31	51	62	2)
v(420	4	7	51	14	2)
v(421	1	26	151	52	3)
v(421	2	18	103	36	2)
v(421	3	26	106	52	2)
v(421	4	17	20	34	3)
v(422	1	26	119	52	2)
v(422	2	23	156	46	2)
v(422	3	23	54	46	2)
v(423	1	14	146	28	2)
v(423	2	4	58	8	3)
v(423	3	10	36	20	3)
v(423	4	31	117	62	2)
v(424	1	5	66	10	1)
v(424	2	17	31	34	1)
v(425	1	12	160	24	3)
v(425	2	27	153	54	4)
v(425	3	26	152	52	4)
v(425	4	26	76	52	3)
v(425	5	12	136	24	4)
v(426	1	6	21	12	0)
v(427	1	2	158	4	0)
v(428	1	4	164	8	2)
v(428	2	10	96	20	3)
v(428	3	27	170	54	2)
v(428	4	4	164	8	3)
v(429	1	17	33	34	0)
v(430	1	26	145	52	3)
v(430	2	29	30	58	3)
v(430	3	5	144	10	3)
v(430	4	30	170	60	3)
v(431	1	3	128	6	0)
v(432	1	18	174	36	3)
v(432	2	1	97	2	3)
v(432	3	15	107	30	3)
v(432	4	31	127	62	3)
v(433	1	3	109	6	0)
v(434	1	7	50	14	3)
v(434	2	10	14	20	3)
v(434	3	10	97	20	3)
v(434	4	17	134	34	3)
v(435	1	21	80	42	2)
v(435	2	27	43	54	2)
v(435	3	12	24	24	2)
v(436	1	14	62	28	3)
v(436	2	13	83	26	3)
v(436	3	9	154	18	3)
v(436	4	4	22	8	3)
v(437	1	8	110	16	0)
v(438	1	25	109	50	2)
v(438	2	4	144	8	2)
v(438	3	11	143	22	2)
v(439	1	14	162	28	4)
v(439	2	32	43	64	4)
v(439	3	31	85	62	4)
v(439	4	26	161	52	4)
v(439	5	16	152	32	4)
v(440	1	11	110	22	1)
v(440	2	25	129	50	1)
v(441	1	9	109	18	2)
v(441	2	1	4	2	2)
v(441	3	14	41	28	2)
v(442	1	31	52	62	1)
v(442	2	27	43	54	1)
v(443	1	10	157	20	2)
v(443	2	32	140	64	2)
v(443	3	20	138	40	2)
v(444	1	30	92	60	2)
v(444	2	6	158	12	1)
v(444	3	23	52	46	1)
v(445	1	31	174	62	2)
v(445	2	4	150	8	2)
v(445	3	12	24	24	2)
v(446	1	10	13	20	1)
v(446	2	26	99	52	1)
v(447	1	23	36	46	4)
v(447	2	12	150	24	4)
v(447	3	20	125	40	4)
v(447	4	16	55	32	4)
v(447	5	26	75	52	4)
v(448	1	4	97	8	3)
v(448	2	32	78	64	3)
v(448	3	3	87	6	3)
v(448	4	17	29	34	3)
v(448	5	5	30	10	4)
v(449	1	20	87	40	4)
v(449	2	11	22	22	4)
v(449	3	5	142	10	4)
v(449	4	14	164	28	4)
v(449	5	7	25	14	4)
v(450	1	32	131	64	1)
v(450	2	32	119	64	1)
v(451	1	14	32	28	2)
v(451	2	18	144	36	2)
v(451	3	18	82	36	2)
v(452	1	17	46	34	1)
v(452	2	9	151	18	1)
v(453	1	3	83	6	2)
v(453	2	30	112	60	2)
v(453	3	5	95	10	4)
v(453	4	5	80	10	4)
v(453	5	6	60	12	2)
v(454	1	13	161	26	2)
v(454	2	11	169	22	2)
v(454	3	22	118	44	2)
v(455	1	14	146	28	0)
v(456	1	31	150	62	3)
v(456	2	15	62	30	3)
v(456	3	28	98	56	3)
v(456	4	18	173	36	3)
v(457	1	14	24	28	0)
v(458	1	1	109	2	0)
v(459	1	15	113	30	1)
v(459	2	16	99	32	1)
v(460	1	20	126	40	0)
v(461	1	17	40	34	2)
v(461	2	11	19	22	2)
v(461	3	19	107	38	2)
v(462	1	27	139	54	0)
v(463	1	6	31	12	0)
v(464	1	11	50	22	0)
v(465	1	11	82	22	3)
v(465	2	27	149	54	3)
v(465	3	12	166	24	3)
v(465	4	13	90	26	3)
v(466	1	15	97	30	3)
v(466	2	21	82	42	3)
v(466	3	15	40	30	2)
v(466	4	3	4	6	2)
v(467	1	3	24	6	4)
v(467	2	24	32	48	4)
v(467	3	12	38	24	4)
v(467	4	11	25	22	4)
v(467	5	26	73	52	4)
v(468	1	27	181	54	4)
v(468	2	7	102	14	4)
v(468	3	2	114	4	4)
v(468	4	22	117	44	4)
v(468	5	18	29	36	4)
v(469	1	6	128	12	2)
v(469	2	4	25	8	2)
v(469	3	22	78	44	2)
v(470	1	30	101	60	0)
v(471	1	27	164	54	0)
v(472	1	22	157	44	1)
v(472	2	32	69	64	1)
v(473	1	21	87	42	2)
v(473	2	24	80	48	2)
v(473	3	23	132	46	2)
v(474	1	18	32	36	2)
v(474	2	2	33	4	3)
v(474	3	22	136	44	2)
v(474	4	5	56	10	3)
v(475	1	14	144	28	0)
v(476	1	20	115	40	3)
v(476	2	9	21	18	3)
v(476	3	15	74	30	3)
v(476	4	25	140	50	3)
v(477	1	20	157	40	1)
v(477	2	24	154	48	2)
v(477	3	22	32	44	1)
v(478	1	21	116	42	0)
v(479	1	16	21	32	4)
v(479	2	7	74	14	4)
v(479	3	15	125	30	4)
v(479	4	3	150	6	4)
v(479	5	7	134	14	4)
v(480	1	15	117	30	0)
v(481	1	12	125	24	2)
v(481	2	18	123	36	2)
v(481	3	26	91	52	2)
v(482	1	10	101	20	3)
v(482	2	19	121	38	2)
v(482	3	22	116	44	2)
v(482	4	4	78	8	3)
v(483	1	2	48	4	1)
v(483	2	15	168	30	1)
v(484	1	8	54	16	3)
v(484	2	17	39	34	3)
v(484	3	28	102	56	3)
v(484	4	28	81	56	3)
v(485	1	22	156	44	2)
v(485	2	26	82	52	2)
v(485	3	9	152	18	2)
v(486	1	10	160	20	3)
v(486	2	14	164	28	3)
v(486	3	6	144	12	3)
v(486	4	30	70	60	3)
v(487	1	18	63	36	3)
v(487	2	28	114	56	3)
v(487	3	22	167	44	3)
v(487	4	3	22	6	3)
v(488	1	7	63	14	2)
v(488	2	17	165	34	2)
v(488	3	10	135	20	2)
v(489	1	14	40	28	1)
v(489	2	7	123	14	1)
v(490	1	28	186	56	4)
v(490	2	32	153	64	3)
v(490	3	4	113	8	4)
v(490	4	16	87	32	4)
v(490	5	8	103	16	3)
v(491	1	29	142	58	0)
v(492	1	11	79	22	0)
v(493	1	18	112	36	0)
v(493	2	5	58	10	0)
v(494	1	2	63	4	4)
v(494	2	14	39	28	4)
v(494	3	31	41	62	4)
v(494	4	19	85	38	4)
v(494	5	18	122	36	4)
v(495	1	10	20	20	1)
v(495	2	19	151	38	2)
v(495	3	23	49	46	3)
v(495	4	6	138	12	2)
v(496	1	18	51	36	4)
v(496	2	4	118	8	4)
v(496	3	17	174	34	4)
v(496	4	3	63	6	4)
v(496	5	10	49	20	4)
v(497	1	26	83	52	3)
v(497	2	4	138	8	3)
v(497	3	26	89	52	4)
v(497	4	30	131	60	4)
v(497	5	4	163	8	4)
v(498	1	23	124	46	2)
v(498	2	1	15	2	2)
v(498	3	27	93	54	2)
v(499	1	3	138	6	1)
v(499	2	18	46	36	1)
v(500	1	18	84	36	0)
e(1	1	2	70)
e(2	1	2	40)
e(3	1	2	140)
e(3	1	3	40)
e(3	2	3	20)
e(3	1	4	130)
e(3	2	4	40)
e(3	3	4	50)
e(3	1	5	20)
e(3	2	5	70)
e(3	3	5	70)
e(3	4	5	100)
e(4	1	2	70)
e(5	1	2	80)
e(5	1	3	30)
e(5	2	3	100)
e(5	1	4	120)
e(5	2	4	20)
e(5	3	4	10)
e(7	1	2	40)
e(7	1	3	50)
e(7	2	3	110)
e(7	1	4	10)
e(7	2	4	50)
e(7	3	4	40)
e(7	1	5	50)
e(7	2	5	30)
e(7	3	5	50)
e(7	4	5	30)
e(9	1	2	60)
e(10	1	2	60)
e(12	1	2	60)
e(12	1	3	100)
e(12	2	3	130)
e(12	1	4	90)
e(12	2	4	160)
e(12	3	4	50)
e(12	1	5	160)
e(12	2	5	130)
e(12	3	5	70)
e(12	4	5	70)
e(13	1	2	100)
e(13	1	3	80)
e(13	2	3	110)
e(13	1	4	20)
e(13	2	4	110)
e(13	3	4	80)
e(14	1	2	100)
e(14	1	3	60)
e(14	2	3	80)
e(15	1	2	110)
e(15	1	3	110)
e(15	2	3	160)
e(15	1	4	120)
e(15	2	4	60)
e(15	1	5	130)
e(15	2	5	20)
e(15	3	5	60)
e(15	4	5	10)
e(16	1	2	130)
e(16	1	3	130)
e(16	2	3	10)
e(16	1	4	150)
e(16	2	4	110)
e(16	3	4	20)
e(17	1	2	160)
e(19	1	2	80)
e(19	1	3	80)
e(19	1	4	140)
e(19	2	4	130)
e(19	3	4	120)
e(19	1	5	160)
e(19	2	5	20)
e(19	4	5	130)
e(21	1	2	50)
e(21	1	3	160)
e(21	2	3	90)
e(21	1	4	40)
e(21	2	4	110)
e(21	3	4	60)
e(22	1	2	150)
e(22	2	3	100)
e(22	1	4	50)
e(22	2	4	60)
e(22	3	4	110)
e(24	1	2	140)
e(24	1	3	150)
e(26	1	2	30)
e(26	1	3	60)
e(26	2	3	100)
e(26	1	4	140)
e(26	2	4	160)
e(26	3	4	20)
e(28	1	2	150)
e(28	1	3	50)
e(28	2	3	90)
e(28	1	4	100)
e(28	2	4	150)
e(28	3	4	30)
e(28	1	5	90)
e(28	2	5	100)
e(28	3	5	110)
e(28	4	5	60)
e(29	1	2	140)
e(29	2	3	120)
e(29	1	4	10)
e(29	2	4	80)
e(29	3	4	50)
e(29	1	5	110)
e(29	2	5	50)
e(29	3	5	30)
e(29	4	5	130)
e(30	1	2	50)
e(30	1	3	60)
e(30	2	3	100)
e(30	1	4	160)
e(30	2	4	150)
e(30	3	4	140)
e(32	1	2	60)
e(33	1	2	90)
e(33	1	3	90)
e(33	2	3	110)
e(33	1	4	120)
e(33	2	4	90)
e(33	3	4	140)
e(33	1	5	80)
e(33	2	5	140)
e(33	3	5	50)
e(34	1	3	150)
e(34	2	3	100)
e(34	1	4	120)
e(34	2	4	30)
e(34	3	4	130)
e(34	1	5	30)
e(34	2	5	160)
e(34	3	5	70)
e(34	4	5	40)
e(35	1	2	90)
e(35	1	3	110)
e(35	2	3	30)
e(35	1	4	20)
e(35	2	4	10)
e(35	3	4	80)
e(35	1	5	40)
e(35	2	5	110)
e(35	3	5	160)
e(35	4	5	40)
e(36	1	2	50)
e(36	1	3	50)
e(36	2	3	40)
e(36	1	4	110)
e(36	2	4	140)
e(36	3	4	80)
e(36	1	5	60)
e(36	2	5	150)
e(36	3	5	20)
e(36	4	5	160)
e(38	1	2	160)
e(38	1	3	40)
e(38	2	3	30)
e(38	1	4	10)
e(38	2	4	130)
e(38	3	4	20)
e(38	1	5	100)
e(38	2	5	150)
e(38	3	5	140)
e(38	4	5	150)
e(40	1	2	160)
e(40	1	3	10)
e(40	2	3	110)
e(40	1	4	130)
e(40	2	4	20)
e(40	3	4	90)
e(40	1	5	80)
e(40	2	5	150)
e(40	3	5	120)
e(40	4	5	90)
e(41	1	2	150)
e(41	1	3	50)
e(41	2	3	80)
e(41	1	4	80)
e(41	2	4	80)
e(41	3	4	20)
e(41	1	5	160)
e(41	2	5	110)
e(41	3	5	120)
e(41	4	5	110)
e(42	1	2	130)
e(42	1	3	90)
e(42	2	3	130)
e(42	1	4	160)
e(42	2	4	50)
e(42	3	4	160)
e(42	1	5	150)
e(42	2	5	90)
e(42	3	5	110)
e(42	4	5	10)
e(43	1	2	20)
e(44	1	2	60)
e(44	1	3	160)
e(44	2	3	160)
e(46	1	2	110)
e(46	1	3	130)
e(46	2	3	30)
e(46	1	4	70)
e(46	2	4	90)
e(46	3	4	110)
e(47	1	2	100)
e(48	1	2	30)
e(50	1	2	30)
e(51	1	2	40)
e(51	1	3	70)
e(51	2	3	120)
e(51	1	4	110)
e(51	2	4	110)
e(51	3	4	70)
e(51	1	5	100)
e(51	2	5	100)
e(51	3	5	100)
e(51	4	5	30)
e(53	1	2	140)
e(53	1	3	50)
e(53	2	3	110)
e(55	1	2	70)
e(55	1	3	50)
e(55	2	3	90)
e(55	1	4	60)
e(55	2	4	90)
e(55	1	5	50)
e(55	2	5	70)
e(55	3	5	10)
e(55	4	5	140)
e(56	1	2	40)
e(57	1	2	100)
e(57	1	3	160)
e(57	2	3	50)
e(57	1	4	60)
e(57	2	4	50)
e(57	3	4	50)
e(58	1	2	150)
e(59	1	2	50)
e(59	1	3	60)
e(59	2	3	110)
e(59	1	4	60)
e(59	2	4	50)
e(59	3	4	10)
e(60	1	2	60)
e(60	1	3	120)
e(60	2	3	30)
e(61	1	2	140)
e(63	1	2	150)
e(63	1	3	100)
e(63	2	3	160)
e(63	1	4	140)
e(63	2	4	70)
e(63	3	4	100)
e(63	1	5	110)
e(63	2	5	90)
e(63	3	5	20)
e(63	4	5	10)
e(64	1	2	40)
e(65	1	2	100)
e(66	1	2	110)
e(66	1	3	30)
e(66	2	3	120)
e(67	1	2	10)
e(67	1	3	80)
e(67	2	3	150)
e(67	2	4	120)
e(67	3	4	120)
e(68	1	2	70)
e(68	1	3	100)
e(68	2	3	40)
e(68	1	4	90)
e(68	3	4	50)
e(69	1	2	60)
e(69	1	3	130)
e(69	2	3	50)
e(69	1	4	10)
e(69	2	4	70)
e(69	3	4	50)
e(69	1	5	30)
e(69	2	5	20)
e(69	3	5	150)
e(69	4	5	140)
e(70	1	2	110)
e(70	1	3	160)
e(70	2	3	100)
e(75	1	2	20)
e(75	1	3	20)
e(75	2	3	40)
e(75	1	4	10)
e(75	2	4	160)
e(75	3	4	100)
e(77	1	2	110)
e(80	1	2	120)
e(80	1	3	30)
e(80	2	3	20)
e(80	3	4	70)
e(80	2	5	150)
e(80	3	5	150)
e(80	4	5	50)
e(81	1	2	80)
e(81	1	3	110)
e(81	2	3	30)
e(82	1	2	20)
e(82	1	3	90)
e(82	2	3	160)
e(82	1	4	90)
e(82	2	4	70)
e(82	3	4	120)
e(82	1	5	90)
e(82	2	5	160)
e(82	3	5	40)
e(82	4	5	40)
e(83	1	2	20)
e(84	1	2	70)
e(84	1	3	50)
e(84	2	3	30)
e(84	1	4	20)
e(84	2	4	30)
e(84	3	4	160)
e(84	1	5	130)
e(84	2	5	130)
e(84	3	5	80)
e(84	4	5	110)
e(85	1	2	20)
e(85	1	3	130)
e(85	2	3	150)
e(85	1	4	10)
e(85	2	4	90)
e(85	3	4	90)
e(85	1	5	150)
e(85	2	5	40)
e(85	3	5	90)
e(85	4	5	70)
e(87	1	2	10)
e(87	1	3	100)
e(87	2	3	110)
e(87	1	4	120)
e(87	2	4	80)
e(87	3	4	30)
e(88	1	2	110)
e(88	1	3	10)
e(88	2	3	10)
e(89	1	2	160)
e(89	1	3	150)
e(89	2	3	120)
e(89	1	4	40)
e(89	2	4	70)
e(89	3	4	90)
e(89	1	5	40)
e(89	2	5	90)
e(89	3	5	60)
e(89	4	5	90)
e(91	1	2	110)
e(91	1	3	100)
e(91	2	3	140)
e(92	1	2	70)
e(92	1	3	70)
e(92	1	4	20)
e(92	2	4	140)
e(95	1	2	120)
e(95	1	3	70)
e(95	2	3	70)
e(96	1	2	150)
e(96	1	3	150)
e(96	2	3	130)
e(96	1	4	150)
e(96	3	4	100)
e(96	1	5	100)
e(96	2	5	120)
e(96	3	5	130)
e(98	1	2	110)
e(99	1	2	80)
e(99	1	3	10)
e(99	2	3	130)
e(99	1	4	40)
e(99	2	4	50)
e(99	3	4	70)
e(99	1	5	20)
e(99	2	5	120)
e(99	3	5	70)
e(99	4	5	40)
e(100	1	2	140)
e(100	1	3	90)
e(100	2	3	60)
e(100	1	4	30)
e(100	2	4	60)
e(100	3	4	120)
e(101	1	2	100)
e(101	1	3	10)
e(101	2	3	110)
e(101	1	4	80)
e(101	2	4	40)
e(101	3	4	140)
e(102	1	2	80)
e(102	1	3	160)
e(102	2	3	100)
e(102	1	4	50)
e(102	2	4	70)
e(102	3	4	110)
e(103	1	2	60)
e(103	1	3	20)
e(103	2	3	80)
e(104	1	2	30)
e(104	1	3	130)
e(104	2	3	110)
e(104	1	4	110)
e(104	3	4	100)
e(104	1	5	60)
e(104	2	5	150)
e(104	3	5	160)
e(104	4	5	110)
e(105	1	2	70)
e(105	1	3	90)
e(105	2	3	30)
e(106	1	2	70)
e(106	1	3	90)
e(106	2	3	150)
e(106	1	4	140)
e(106	2	4	80)
e(106	3	4	30)
e(106	1	5	60)
e(106	2	5	70)
e(106	3	5	130)
e(107	1	2	70)
e(107	1	3	90)
e(107	2	3	40)
e(108	1	2	90)
e(108	1	3	80)
e(108	2	3	120)
e(108	1	4	20)
e(108	2	4	130)
e(108	3	4	60)
e(108	1	5	40)
e(108	3	5	10)
e(108	4	5	80)
e(109	1	2	160)
e(110	1	2	80)
e(110	1	3	60)
e(110	2	3	80)
e(110	1	4	80)
e(110	2	4	160)
e(110	3	4	150)
e(111	1	2	130)
e(114	1	3	40)
e(114	2	3	80)
e(115	1	2	20)
e(115	1	3	100)
e(115	2	3	90)
e(117	1	2	160)
e(117	1	3	40)
e(117	2	3	20)
e(117	1	4	60)
e(117	2	4	90)
e(117	3	4	50)
e(117	1	5	30)
e(117	2	5	60)
e(117	3	5	40)
e(117	4	5	140)
e(118	1	2	130)
e(119	1	2	100)
e(120	1	2	120)
e(120	1	3	150)
e(120	2	3	40)
e(120	1	4	120)
e(120	2	4	150)
e(120	3	4	80)
e(121	1	2	80)
e(121	1	3	30)
e(121	2	3	40)
e(124	1	2	100)
e(125	1	2	90)
e(125	1	3	10)
e(125	2	3	50)
e(127	1	2	130)
e(127	1	3	130)
e(127	1	4	80)
e(127	2	4	140)
e(127	3	4	120)
e(127	1	5	130)
e(127	2	5	30)
e(127	3	5	70)
e(127	4	5	80)
e(128	1	2	60)
e(128	1	3	110)
e(128	1	4	80)
e(128	2	4	110)
e(128	3	4	70)
e(129	1	2	160)
e(129	1	3	60)
e(129	2	3	80)
e(129	1	4	10)
e(129	2	4	100)
e(129	3	4	160)
e(130	1	2	60)
e(130	2	3	120)
e(130	1	4	90)
e(130	2	4	110)
e(130	3	4	90)
e(130	1	5	80)
e(130	2	5	10)
e(130	3	5	10)
e(130	4	5	60)
e(131	1	2	80)
e(131	1	3	110)
e(131	2	3	90)
e(132	1	2	110)
e(133	1	2	30)
e(133	2	3	80)
e(133	2	4	100)
e(133	1	5	50)
e(133	3	5	130)
e(134	1	2	70)
e(134	1	3	70)
e(134	2	3	150)
e(134	1	4	50)
e(134	3	4	130)
e(137	1	2	90)
e(137	1	3	60)
e(137	2	3	70)
e(138	1	2	10)
e(139	1	2	50)
e(139	1	3	40)
e(139	2	3	10)
e(139	1	4	60)
e(139	2	4	20)
e(139	3	4	60)
e(139	1	5	80)
e(139	2	5	160)
e(139	3	5	90)
e(139	4	5	130)
e(140	1	2	10)
e(140	1	3	40)
e(140	2	3	140)
e(140	1	4	10)
e(140	2	4	90)
e(141	1	2	70)
e(142	1	2	10)
e(143	1	2	120)
e(143	1	3	70)
e(143	2	3	120)
e(144	1	2	160)
e(144	1	3	50)
e(144	2	3	140)
e(146	1	2	30)
e(146	1	3	160)
e(146	2	3	150)
e(147	1	3	60)
e(147	2	3	100)
e(148	1	2	120)
e(148	1	3	60)
e(148	2	3	70)
e(148	1	4	130)
e(148	2	4	50)
e(148	3	4	70)
e(148	1	5	130)
e(148	3	5	60)
e(148	4	5	160)
e(149	1	2	40)
e(149	1	3	70)
e(149	2	3	110)
e(151	1	2	30)
e(151	1	3	80)
e(151	2	3	90)
e(152	1	2	140)
e(152	1	3	110)
e(152	2	3	140)
e(152	1	4	100)
e(152	2	4	110)
e(152	3	4	90)
e(152	1	5	110)
e(152	2	5	50)
e(152	4	5	90)
e(153	1	2	160)
e(154	1	2	60)
e(154	2	3	60)
e(154	1	4	50)
e(154	2	4	110)
e(154	3	4	70)
e(156	1	2	110)
e(157	1	2	70)
e(157	1	3	140)
e(157	2	3	70)
e(157	1	4	20)
e(157	2	4	80)
e(157	3	4	10)
e(157	1	5	90)
e(157	2	5	20)
e(157	3	5	60)
e(158	1	2	140)
e(159	1	2	10)
e(159	1	3	110)
e(159	2	3	110)
e(160	1	2	20)
e(160	1	3	80)
e(160	2	3	90)
e(161	1	2	100)
e(161	1	3	20)
e(161	2	3	100)
e(161	1	4	80)
e(161	2	4	160)
e(161	3	4	110)
e(161	1	5	30)
e(161	2	5	90)
e(161	3	5	140)
e(161	4	5	150)
e(162	1	2	50)
e(162	1	3	140)
e(162	2	3	20)
e(162	1	4	110)
e(162	2	4	80)
e(162	2	5	30)
e(162	3	5	70)
e(162	4	5	100)
e(163	1	2	20)
e(163	1	3	50)
e(163	2	3	80)
e(163	1	4	150)
e(163	2	4	80)
e(163	3	4	30)
e(164	1	2	160)
e(165	1	2	130)
e(165	1	3	50)
e(165	2	3	100)
e(166	1	2	160)
e(166	1	3	20)
e(166	2	3	80)
e(168	1	2	60)
e(169	1	2	110)
e(169	1	3	150)
e(169	2	3	30)
e(170	1	2	20)
e(171	1	2	10)
e(171	1	3	100)
e(171	2	3	60)
e(171	1	4	150)
e(171	2	4	50)
e(171	3	4	110)
e(172	1	2	60)
e(173	1	2	150)
e(173	1	3	160)
e(173	2	3	150)
e(173	1	4	110)
e(173	3	4	150)
e(174	1	2	60)
e(174	1	3	90)
e(174	2	3	20)
e(176	1	2	120)
e(176	1	3	40)
e(176	2	3	80)
e(176	1	4	100)
e(176	2	4	40)
e(176	3	4	60)
e(177	1	2	30)
e(178	1	2	100)
e(178	1	3	60)
e(178	2	3	130)
e(179	1	2	70)
e(179	1	3	110)
e(179	2	3	90)
e(179	1	4	10)
e(179	2	4	50)
e(179	3	4	110)
e(179	1	5	80)
e(179	2	5	100)
e(179	3	5	10)
e(179	4	5	140)
e(180	1	2	130)
e(181	1	2	160)
e(182	1	2	110)
e(182	1	3	30)
e(182	2	3	130)
e(182	1	4	60)
e(182	2	4	20)
e(182	3	4	150)
e(183	1	2	30)
e(183	1	3	120)
e(183	2	3	40)
e(183	1	4	60)
e(183	2	4	120)
e(183	1	5	70)
e(183	2	5	20)
e(183	3	5	140)
e(183	4	5	30)
e(184	1	2	70)
e(184	2	3	40)
e(184	1	4	110)
e(184	2	4	160)
e(184	3	4	90)
e(184	1	5	150)
e(184	2	5	90)
e(184	3	5	150)
e(184	4	5	90)
e(185	1	2	60)
e(186	1	2	120)
e(186	1	3	20)
e(186	2	3	30)
e(186	1	4	150)
e(186	2	4	20)
e(186	3	4	80)
e(186	1	5	90)
e(186	3	5	140)
e(186	4	5	60)
e(189	1	2	140)
e(191	1	2	60)
e(191	1	3	50)
e(191	2	3	30)
e(191	1	4	80)
e(191	2	4	140)
e(191	3	4	50)
e(191	1	5	50)
e(191	2	5	20)
e(191	3	5	30)
e(191	4	5	10)
e(192	1	2	30)
e(192	1	3	90)
e(192	2	3	130)
e(192	1	4	70)
e(192	2	4	20)
e(192	3	4	10)
e(192	1	5	130)
e(192	2	5	120)
e(192	3	5	20)
e(192	4	5	60)
e(193	1	2	70)
e(193	1	3	10)
e(193	2	3	100)
e(193	2	4	150)
e(193	3	4	160)
e(194	1	2	30)
e(195	1	3	40)
e(195	2	3	100)
e(195	1	4	90)
e(195	2	4	100)
e(195	3	4	160)
e(196	1	2	60)
e(196	1	3	60)
e(196	2	3	10)
e(196	1	4	10)
e(196	2	4	140)
e(196	3	4	140)
e(197	1	2	160)
e(197	1	3	60)
e(197	2	3	90)
e(197	1	4	100)
e(197	2	4	160)
e(197	3	4	40)
e(197	2	5	80)
e(197	3	5	10)
e(197	4	5	80)
e(199	1	2	60)
e(199	1	3	90)
e(199	2	3	110)
e(199	1	4	20)
e(199	2	4	90)
e(199	3	4	100)
e(199	1	5	40)
e(199	2	5	60)
e(199	4	5	20)
e(201	1	2	130)
e(202	1	2	130)
e(202	1	3	70)
e(202	2	3	160)
e(202	1	4	60)
e(202	2	4	90)
e(202	1	5	120)
e(202	2	5	80)
e(202	3	5	10)
e(202	4	5	150)
e(203	1	2	150)
e(203	1	3	130)
e(203	2	3	160)
e(205	1	2	80)
e(206	1	2	150)
e(207	1	2	80)
e(207	1	3	70)
e(207	2	3	40)
e(207	1	4	20)
e(207	2	4	140)
e(207	3	4	50)
e(207	1	5	20)
e(207	2	5	30)
e(207	3	5	70)
e(207	4	5	70)
e(208	1	2	80)
e(208	1	3	80)
e(208	1	4	30)
e(208	2	4	110)
e(208	3	4	50)
e(208	1	5	150)
e(208	2	5	110)
e(208	3	5	110)
e(208	4	5	150)
e(209	1	2	40)
e(209	1	3	50)
e(209	2	3	160)
e(209	1	4	50)
e(209	2	4	140)
e(209	3	4	150)
e(209	1	5	70)
e(209	2	5	140)
e(209	3	5	80)
e(209	4	5	100)
e(211	1	2	100)
e(212	1	2	120)
e(212	1	3	110)
e(214	1	2	90)
e(216	1	2	120)
e(217	1	2	60)
e(218	1	2	90)
e(219	1	3	30)
e(219	1	4	150)
e(219	2	4	110)
e(219	3	4	60)
e(219	1	5	120)
e(219	2	5	70)
e(219	3	5	20)
e(219	4	5	90)
e(221	1	2	100)
e(223	1	2	30)
e(223	1	3	150)
e(223	2	3	140)
e(227	1	3	120)
e(227	2	3	10)
e(228	1	2	40)
e(228	1	3	100)
e(228	2	3	40)
e(228	1	4	160)
e(228	2	4	100)
e(228	3	4	100)
e(228	1	5	90)
e(228	2	5	60)
e(228	3	5	130)
e(228	4	5	30)
e(229	1	2	110)
e(229	1	3	160)
e(229	2	3	120)
e(229	1	4	120)
e(229	2	4	80)
e(229	3	4	100)
e(230	1	2	20)
e(230	1	3	50)
e(230	2	3	50)
e(231	1	2	90)
e(231	1	3	50)
e(231	2	3	160)
e(232	1	2	120)
e(232	1	3	110)
e(232	2	3	90)
e(232	1	4	40)
e(232	2	4	100)
e(232	3	4	150)
e(233	1	2	30)
e(233	2	3	140)
e(234	1	2	60)
e(234	1	3	110)
e(234	2	3	50)
e(234	1	4	160)
e(234	2	4	20)
e(234	1	5	160)
e(234	2	5	80)
e(234	3	5	90)
e(234	4	5	10)
e(235	1	2	100)
e(235	1	3	160)
e(235	1	4	50)
e(235	2	4	50)
e(236	1	2	90)
e(236	1	3	10)
e(236	2	3	150)
e(236	1	4	20)
e(236	2	4	150)
e(236	3	4	10)
e(237	1	2	10)
e(237	1	3	100)
e(237	2	3	90)
e(237	1	4	30)
e(237	2	4	30)
e(237	3	4	90)
e(237	1	5	110)
e(237	2	5	30)
e(237	3	5	20)
e(237	4	5	70)
e(238	1	2	80)
e(238	1	3	110)
e(238	2	3	80)
e(238	1	4	150)
e(238	2	4	140)
e(238	3	4	120)
e(239	1	2	160)
e(239	1	3	70)
e(239	2	3	150)
e(239	1	4	10)
e(239	2	4	60)
e(239	3	4	160)
e(240	1	2	10)
e(241	1	2	50)
e(241	2	3	150)
e(243	1	2	150)
e(244	1	2	90)
e(244	1	3	120)
e(244	2	3	150)
e(245	1	2	100)
e(245	1	3	10)
e(245	2	3	140)
e(245	1	4	120)
e(245	2	4	40)
e(245	3	4	100)
e(245	1	5	40)
e(245	2	5	10)
e(245	3	5	110)
e(245	4	5	130)
e(246	1	2	130)
e(246	1	3	50)
e(246	2	3	100)
e(249	1	2	50)
e(249	1	3	90)
e(249	2	3	90)
e(249	1	4	10)
e(249	2	4	120)
e(249	3	4	10)
e(250	1	2	10)
e(250	1	3	90)
e(250	2	3	50)
e(250	1	4	60)
e(250	2	4	90)
e(250	3	4	110)
e(250	1	5	80)
e(250	2	5	70)
e(250	3	5	50)
e(250	4	5	10)
e(253	1	2	20)
e(253	1	3	160)
e(253	2	3	70)
e(253	1	4	100)
e(253	2	4	20)
e(253	3	4	40)
e(254	1	2	30)
e(254	1	3	120)
e(254	2	3	90)
e(255	1	2	10)
e(255	1	3	70)
e(255	2	3	140)
e(256	1	2	60)
e(256	1	3	130)
e(256	2	3	120)
e(256	1	4	20)
e(256	2	4	160)
e(256	3	4	160)
e(256	1	5	80)
e(256	2	5	140)
e(256	3	5	50)
e(256	4	5	10)
e(257	1	2	90)
e(258	1	2	30)
e(260	1	2	40)
e(260	1	3	150)
e(260	2	3	110)
e(261	1	2	90)
e(261	1	3	40)
e(261	2	3	120)
e(262	1	2	100)
e(262	1	3	80)
e(262	2	3	20)
e(264	1	2	100)
e(264	1	3	140)
e(264	2	3	20)
e(264	1	4	40)
e(264	2	4	60)
e(264	3	4	40)
e(264	1	5	60)
e(264	2	5	30)
e(264	3	5	10)
e(264	4	5	70)
e(265	1	2	80)
e(265	1	3	30)
e(265	2	3	50)
e(266	1	2	10)
e(266	1	3	130)
e(266	1	4	100)
e(266	2	4	100)
e(266	3	4	80)
e(266	1	5	100)
e(266	2	5	20)
e(266	3	5	40)
e(266	4	5	30)
e(267	1	2	30)
e(267	1	3	120)
e(267	2	3	130)
e(267	1	4	160)
e(267	2	4	30)
e(267	3	4	80)
e(268	1	2	30)
e(268	1	3	90)
e(268	2	3	80)
e(268	1	4	40)
e(268	2	4	30)
e(268	3	4	10)
e(272	1	2	10)
e(272	1	3	160)
e(272	2	3	10)
e(272	1	4	110)
e(272	2	4	130)
e(273	1	2	110)
e(273	2	3	130)
e(273	1	4	50)
e(273	2	4	160)
e(273	3	4	140)
e(274	1	2	10)
e(275	1	2	90)
e(275	1	3	10)
e(275	2	3	80)
e(275	1	4	140)
e(275	2	4	80)
e(275	3	4	30)
e(276	1	2	130)
e(277	1	2	110)
e(278	1	3	160)
e(278	2	3	10)
e(278	1	4	110)
e(278	3	4	120)
e(279	1	2	20)
e(279	1	3	90)
e(279	2	3	120)
e(279	2	4	30)
e(279	3	4	50)
e(280	1	2	20)
e(280	1	3	80)
e(280	2	3	160)
e(280	1	4	120)
e(280	2	4	100)
e(281	1	2	120)
e(281	1	3	20)
e(281	2	3	60)
e(281	1	4	100)
e(281	2	4	80)
e(281	3	4	110)
e(282	1	2	50)
e(283	1	2	160)
e(284	1	2	70)
e(285	1	2	110)
e(285	1	3	40)
e(285	1	4	150)
e(285	2	4	70)
e(285	3	4	40)
e(285	1	5	30)
e(285	3	5	110)
e(285	4	5	30)
e(287	1	2	100)
e(287	1	3	60)
e(287	2	3	140)
e(287	1	4	110)
e(287	2	4	130)
e(287	3	4	70)
e(287	1	5	20)
e(287	2	5	160)
e(287	3	5	90)
e(287	4	5	70)
e(288	1	2	40)
e(288	1	3	120)
e(288	2	3	100)
e(288	1	4	80)
e(288	2	4	110)
e(288	3	4	130)
e(289	1	2	110)
e(289	1	3	150)
e(289	2	3	130)
e(289	1	4	130)
e(289	2	4	80)
e(289	3	4	140)
e(289	1	5	10)
e(289	2	5	140)
e(289	3	5	70)
e(289	4	5	60)
e(291	1	2	150)
e(292	1	2	10)
e(295	1	2	150)
e(295	1	3	70)
e(295	2	3	120)
e(295	1	4	10)
e(295	2	4	140)
e(295	3	4	160)
e(296	1	2	150)
e(297	1	2	160)
e(298	1	2	10)
e(298	1	3	150)
e(298	2	3	30)
e(298	1	4	110)
e(298	2	4	40)
e(298	3	4	150)
e(299	1	2	80)
e(299	1	3	130)
e(299	2	3	120)
e(300	1	2	120)
e(300	1	3	130)
e(300	2	3	90)
e(300	1	4	120)
e(300	2	4	60)
e(300	3	4	130)
e(301	1	2	50)
e(301	1	3	50)
e(301	2	3	20)
e(302	1	2	120)
e(303	1	2	150)
e(303	2	3	60)
e(304	1	2	150)
e(304	1	3	160)
e(304	2	3	100)
e(306	1	2	130)
e(306	1	3	70)
e(306	2	3	150)
e(308	1	2	110)
e(308	1	3	50)
e(308	2	3	30)
e(309	1	3	90)
e(309	2	3	160)
e(309	1	4	130)
e(309	2	4	110)
e(309	3	4	120)
e(310	1	2	140)
e(311	1	2	150)
e(311	1	3	90)
e(311	2	3	80)
e(313	1	3	130)
e(313	2	3	60)
e(314	1	2	140)
e(314	1	3	10)
e(314	2	3	110)
e(315	1	2	160)
e(315	1	3	40)
e(315	2	3	60)
e(315	1	4	10)
e(315	2	4	30)
e(315	3	4	120)
e(316	1	2	80)
e(316	1	3	70)
e(316	2	3	40)
e(316	3	4	70)
e(316	1	5	90)
e(316	2	5	160)
e(316	3	5	110)
e(316	4	5	30)
e(317	1	2	60)
e(317	1	3	30)
e(317	2	3	20)
e(319	1	2	30)
e(319	1	3	20)
e(319	2	3	70)
e(319	1	4	90)
e(319	2	4	70)
e(319	3	4	100)
e(320	1	2	70)
e(321	1	2	70)
e(321	1	3	160)
e(321	2	3	150)
e(321	1	4	10)
e(321	2	4	160)
e(321	3	4	80)
e(321	1	5	150)
e(321	2	5	50)
e(321	3	5	30)
e(321	4	5	120)
e(322	1	2	160)
e(322	1	3	50)
e(322	2	3	10)
e(322	1	4	70)
e(322	2	4	50)
e(322	3	4	10)
e(322	1	5	50)
e(322	2	5	150)
e(322	3	5	130)
e(322	4	5	50)
e(323	1	2	60)
e(324	1	2	80)
e(324	1	3	30)
e(324	2	3	110)
e(324	1	4	100)
e(324	2	4	90)
e(324	3	4	120)
e(324	1	5	70)
e(324	2	5	10)
e(324	3	5	40)
e(324	4	5	130)
e(325	1	2	50)
e(325	1	3	40)
e(325	2	3	40)
e(325	1	4	90)
e(325	2	4	130)
e(325	3	4	80)
e(325	1	5	80)
e(325	2	5	140)
e(325	3	5	60)
e(325	4	5	10)
e(326	1	2	80)
e(326	1	3	20)
e(326	2	3	30)
e(327	1	2	120)
e(327	1	3	120)
e(327	2	3	100)
e(329	1	2	140)
e(329	1	3	100)
e(329	2	3	90)
e(331	1	3	140)
e(331	2	3	110)
e(331	1	4	30)
e(331	2	4	40)
e(331	3	4	10)
e(331	1	5	100)
e(331	2	5	30)
e(331	3	5	150)
e(331	4	5	100)
e(332	1	2	40)
e(332	1	3	10)
e(332	2	3	160)
e(332	1	4	80)
e(332	2	4	40)
e(332	1	5	40)
e(332	2	5	80)
e(332	3	5	10)
e(332	4	5	160)
e(333	1	2	50)
e(333	1	3	80)
e(333	2	3	40)
e(334	1	2	10)
e(334	2	3	60)
e(334	1	4	150)
e(334	2	4	80)
e(334	3	4	160)
e(334	1	5	60)
e(334	2	5	10)
e(334	3	5	70)
e(334	4	5	140)
e(335	1	2	140)
e(335	1	3	80)
e(335	2	3	10)
e(335	1	4	50)
e(335	2	4	60)
e(335	3	4	70)
e(336	1	2	30)
e(336	1	3	130)
e(336	2	3	60)
e(336	1	4	130)
e(336	2	4	20)
e(336	3	4	90)
e(337	1	2	110)
e(337	1	3	20)
e(337	2	3	100)
e(337	1	4	130)
e(337	2	4	120)
e(337	3	4	60)
e(338	1	2	50)
e(338	1	3	30)
e(338	1	4	40)
e(338	2	4	130)
e(338	3	4	150)
e(338	1	5	160)
e(338	2	5	150)
e(338	3	5	80)
e(338	4	5	70)
e(339	1	2	130)
e(339	1	3	150)
e(339	2	3	120)
e(339	1	4	20)
e(339	2	4	60)
e(339	3	4	40)
e(340	1	2	160)
e(341	1	2	20)
e(342	1	2	130)
e(342	1	3	100)
e(342	2	3	50)
e(342	1	4	10)
e(342	2	4	90)
e(342	3	4	20)
e(342	1	5	90)
e(342	2	5	120)
e(342	3	5	20)
e(343	1	2	40)
e(343	1	3	20)
e(343	2	3	150)
e(343	1	4	150)
e(343	2	4	160)
e(343	3	4	70)
e(343	1	5	120)
e(343	2	5	60)
e(343	3	5	80)
e(343	4	5	10)
e(344	1	2	40)
e(344	1	3	40)
e(344	2	3	110)
e(344	1	4	30)
e(344	2	4	160)
e(344	3	4	30)
e(345	1	2	90)
e(345	1	3	140)
e(345	2	3	40)
e(345	1	4	110)
e(345	2	4	110)
e(345	3	4	140)
e(345	1	5	110)
e(345	3	5	40)
e(345	4	5	40)
e(346	1	2	50)
e(346	1	3	30)
e(346	2	3	30)
e(346	1	4	40)
e(346	2	4	10)
e(346	3	4	100)
e(347	1	2	80)
e(347	1	3	160)
e(347	2	3	130)
e(347	1	4	70)
e(347	2	4	60)
e(347	3	4	60)
e(347	1	5	70)
e(347	2	5	20)
e(347	3	5	150)
e(347	4	5	40)
e(348	1	2	110)
e(348	1	3	160)
e(348	2	3	140)
e(348	1	4	50)
e(348	2	4	90)
e(348	3	4	130)
e(350	1	2	70)
e(352	1	2	60)
e(353	1	2	30)
e(353	1	3	130)
e(353	2	3	20)
e(353	1	4	30)
e(353	2	4	60)
e(353	3	4	90)
e(353	1	5	120)
e(353	2	5	100)
e(353	3	5	110)
e(353	4	5	40)
e(354	1	2	40)
e(354	1	3	100)
e(354	2	3	150)
e(355	1	2	100)
e(356	1	2	30)
e(356	1	3	130)
e(356	2	3	150)
e(357	1	2	40)
e(358	1	2	140)
e(358	1	3	30)
e(358	2	3	10)
e(358	1	4	50)
e(358	2	4	80)
e(358	3	4	80)
e(359	1	2	50)
e(360	1	2	30)
e(360	1	3	100)
e(360	2	3	70)
e(360	1	4	90)
e(360	2	4	40)
e(360	3	4	30)
e(361	1	2	10)
e(361	1	3	100)
e(361	2	3	110)
e(362	1	2	80)
e(362	1	3	130)
e(362	2	4	100)
e(362	3	4	160)
e(362	1	5	80)
e(362	2	5	80)
e(362	3	5	130)
e(362	4	5	90)
e(363	1	2	140)
e(365	1	2	30)
e(365	1	3	30)
e(365	2	3	110)
e(365	1	4	30)
e(365	2	4	120)
e(365	3	4	160)
e(365	1	5	50)
e(365	2	5	140)
e(365	3	5	40)
e(365	4	5	50)
e(367	1	2	30)
e(367	1	3	40)
e(367	2	3	60)
e(367	1	4	50)
e(367	2	4	60)
e(367	3	4	130)
e(369	1	2	10)
e(369	1	3	100)
e(369	2	3	110)
e(369	1	4	90)
e(369	2	4	100)
e(370	1	2	110)
e(370	1	3	130)
e(370	2	3	130)
e(371	1	2	160)
e(374	1	2	70)
e(374	1	3	150)
e(374	2	3	130)
e(375	1	2	50)
e(375	1	3	150)
e(375	2	3	130)
e(375	1	4	60)
e(376	1	2	20)
e(377	1	2	130)
e(377	1	3	50)
e(377	2	3	30)
e(377	1	4	110)
e(377	2	4	10)
e(377	3	4	30)
e(379	1	2	120)
e(379	1	3	90)
e(379	2	3	130)
e(379	1	4	120)
e(379	2	4	140)
e(379	3	4	160)
e(380	1	2	20)
e(380	1	3	50)
e(380	2	3	140)
e(380	1	4	150)
e(380	3	4	140)
e(382	1	2	60)
e(384	1	2	150)
e(384	1	3	30)
e(384	2	3	50)
e(384	1	4	140)
e(384	2	4	140)
e(384	3	4	120)
e(385	1	2	120)
e(386	1	2	50)
e(386	2	3	160)
e(386	1	4	70)
e(386	2	4	130)
e(386	3	4	10)
e(386	1	5	120)
e(386	2	5	20)
e(386	3	5	40)
e(386	4	5	120)
e(387	1	2	80)
e(388	1	2	30)
e(388	1	3	80)
e(388	2	3	20)
e(389	1	2	150)
e(389	1	3	80)
e(389	2	3	160)
e(390	1	2	30)
e(390	1	3	110)
e(390	2	3	110)
e(390	1	4	50)
e(390	2	4	160)
e(390	3	4	150)
e(390	1	5	80)
e(390	2	5	10)
e(390	3	5	70)
e(390	4	5	110)
e(391	1	2	50)
e(393	1	2	10)
e(393	1	3	40)
e(393	2	3	140)
e(393	1	4	80)
e(393	2	4	110)
e(393	3	4	160)
e(393	1	5	120)
e(393	2	5	120)
e(393	3	5	40)
e(393	4	5	110)
e(394	1	2	60)
e(394	2	3	140)
e(394	1	4	130)
e(394	2	4	30)
e(394	3	4	70)
e(395	1	2	110)
e(395	1	3	70)
e(395	2	3	70)
e(395	1	4	150)
e(395	2	4	40)
e(397	1	2	20)
e(397	1	3	20)
e(397	2	3	40)
e(398	1	2	60)
e(398	1	3	30)
e(398	2	3	140)
e(399	1	2	120)
e(399	1	3	90)
e(399	2	3	10)
e(399	2	4	90)
e(399	3	4	160)
e(400	1	2	90)
e(401	1	2	10)
e(401	1	3	70)
e(401	2	3	150)
e(403	1	2	120)
e(404	1	2	120)
e(404	1	3	30)
e(404	2	3	40)
e(404	1	4	10)
e(404	2	4	120)
e(404	3	4	140)
e(404	1	5	130)
e(404	3	5	30)
e(404	4	5	100)
e(405	1	3	40)
e(405	2	3	160)
e(408	1	2	150)
e(410	1	2	60)
e(410	1	3	20)
e(410	2	3	130)
e(410	1	4	140)
e(410	2	4	160)
e(410	3	4	90)
e(411	1	2	30)
e(411	1	3	110)
e(411	2	3	70)
e(411	1	4	120)
e(411	2	4	110)
e(411	3	4	140)
e(411	1	5	10)
e(411	2	5	20)
e(411	3	5	30)
e(411	4	5	40)
e(412	1	2	70)
e(412	1	3	100)
e(412	2	3	50)
e(413	1	3	60)
e(413	2	3	50)
e(413	1	4	50)
e(413	2	4	90)
e(413	3	4	100)
e(414	1	2	150)
e(414	1	3	120)
e(414	2	3	20)
e(414	1	4	160)
e(414	2	4	90)
e(414	3	4	130)
e(414	1	5	100)
e(414	2	5	90)
e(414	3	5	130)
e(414	4	5	50)
e(415	1	2	130)
e(415	2	3	70)
e(415	1	4	70)
e(415	2	4	20)
e(415	3	4	140)
e(416	1	2	10)
e(416	1	3	20)
e(416	2	3	150)
e(416	1	4	40)
e(416	2	4	90)
e(416	3	4	100)
e(416	1	5	100)
e(416	2	5	130)
e(416	3	5	70)
e(416	4	5	160)
e(417	1	2	110)
e(417	1	3	90)
e(417	2	3	20)
e(417	1	4	150)
e(417	2	4	90)
e(417	3	4	140)
e(418	1	2	160)
e(418	1	3	80)
e(418	2	3	70)
e(418	1	4	60)
e(418	2	4	130)
e(418	3	4	100)
e(419	1	2	80)
e(419	1	3	150)
e(419	2	3	50)
e(420	1	2	90)
e(420	1	3	140)
e(420	1	4	110)
e(420	3	4	120)
e(421	1	2	10)
e(421	1	3	10)
e(421	1	4	120)
e(421	2	4	120)
e(421	3	4	100)
e(422	1	2	90)
e(422	1	3	20)
e(422	2	3	160)
e(423	1	2	140)
e(423	1	3	40)
e(423	2	3	150)
e(423	2	4	110)
e(423	3	4	140)
e(424	1	2	60)
e(425	1	2	30)
e(425	1	3	80)
e(425	2	3	50)
e(425	2	4	60)
e(425	3	4	110)
e(425	1	5	120)
e(425	2	5	80)
e(425	3	5	50)
e(425	4	5	120)
e(428	1	2	120)
e(428	2	3	160)
e(428	1	4	80)
e(428	2	4	10)
e(428	3	4	80)
e(430	1	2	50)
e(430	1	3	40)
e(430	2	3	50)
e(430	1	4	110)
e(430	2	4	80)
e(430	3	4	130)
e(432	1	2	120)
e(432	1	3	160)
e(432	2	3	150)
e(432	1	4	130)
e(432	2	4	60)
e(432	3	4	70)
e(434	1	2	20)
e(434	1	3	140)
e(434	2	3	10)
e(434	1	4	90)
e(434	2	4	50)
e(434	3	4	160)
e(435	1	2	40)
e(435	1	3	80)
e(435	2	3	30)
e(436	1	2	130)
e(436	1	3	90)
e(436	2	3	30)
e(436	1	4	80)
e(436	2	4	120)
e(436	3	4	10)
e(438	1	2	100)
e(438	1	3	80)
e(438	2	3	50)
e(439	1	2	60)
e(439	1	3	100)
e(439	2	3	60)
e(439	1	4	150)
e(439	2	4	50)
e(439	3	4	50)
e(439	1	5	70)
e(439	2	5	100)
e(439	3	5	90)
e(439	4	5	90)
e(440	1	2	160)
e(441	1	2	10)
e(441	1	3	70)
e(441	2	3	130)
e(442	1	2	30)
e(443	1	2	150)
e(443	1	3	130)
e(443	2	3	20)
e(444	1	2	90)
e(444	1	3	80)
e(445	1	2	60)
e(445	1	3	150)
e(445	2	3	140)
e(446	1	2	70)
e(447	1	2	70)
e(447	1	3	60)
e(447	2	3	80)
e(447	1	4	120)
e(447	2	4	160)
e(447	3	4	10)
e(447	1	5	150)
e(447	2	5	60)
e(447	3	5	60)
e(447	4	5	10)
e(448	1	2	110)
e(448	2	3	100)
e(448	1	4	50)
e(448	3	4	40)
e(448	1	5	100)
e(448	2	5	70)
e(448	3	5	120)
e(448	4	5	50)
e(449	1	2	30)
e(449	1	3	60)
e(449	2	3	40)
e(449	1	4	100)
e(449	2	4	80)
e(449	3	4	60)
e(449	1	5	80)
e(449	2	5	40)
e(449	3	5	90)
e(449	4	5	40)
e(450	1	2	40)
e(451	1	2	140)
e(451	1	3	30)
e(451	2	3	130)
e(452	1	2	130)
e(453	1	3	140)
e(453	2	3	30)
e(453	1	4	80)
e(453	2	4	110)
e(453	3	4	50)
e(453	3	5	80)
e(453	4	5	20)
e(454	1	2	120)
e(454	1	3	110)
e(454	2	3	10)
e(456	1	2	50)
e(456	1	3	100)
e(456	2	3	110)
e(456	1	4	100)
e(456	2	4	60)
e(456	3	4	80)
e(459	1	2	100)
e(461	1	2	70)
e(461	1	3	150)
e(461	2	3	20)
e(465	1	2	160)
e(465	1	3	130)
e(465	2	3	20)
e(465	1	4	80)
e(465	2	4	100)
e(465	3	4	80)
e(466	1	2	50)
e(466	1	3	30)
e(466	2	3	20)
e(466	1	4	50)
e(466	2	4	50)
e(467	1	2	90)
e(467	1	3	50)
e(467	2	3	100)
e(467	1	4	130)
e(467	2	4	120)
e(467	3	4	90)
e(467	1	5	60)
e(467	2	5	80)
e(467	3	5	90)
e(467	4	5	80)
e(468	1	2	90)
e(468	1	3	150)
e(468	2	3	50)
e(468	1	4	20)
e(468	2	4	80)
e(468	3	4	160)
e(468	1	5	50)
e(468	2	5	160)
e(468	3	5	30)
e(468	4	5	90)
e(469	1	2	80)
e(469	1	3	160)
e(469	2	3	140)
e(472	1	2	40)
e(473	1	2	120)
e(473	1	3	160)
e(473	2	3	20)
e(474	1	2	130)
e(474	2	3	80)
e(474	1	4	120)
e(474	2	4	90)
e(474	3	4	110)
e(476	1	2	100)
e(476	1	3	60)
e(476	2	3	110)
e(476	1	4	150)
e(476	2	4	160)
e(476	3	4	70)
e(477	1	2	40)
e(477	2	3	140)
e(479	1	2	80)
e(479	1	3	110)
e(479	2	3	140)
e(479	1	4	40)
e(479	2	4	10)
e(479	3	4	130)
e(479	1	5	140)
e(479	2	5	50)
e(479	3	5	110)
e(479	4	5	10)
e(481	1	2	130)
e(481	1	3	120)
e(481	2	3	50)
e(482	1	2	90)
e(482	1	3	60)
e(482	1	4	100)
e(482	2	4	90)
e(482	3	4	140)
e(483	1	2	30)
e(484	1	2	60)
e(484	1	3	20)
e(484	2	3	110)
e(484	1	4	50)
e(484	2	4	150)
e(484	3	4	70)
e(485	1	2	130)
e(485	1	3	140)
e(485	2	3	40)
e(486	1	2	40)
e(486	1	3	10)
e(486	2	3	90)
e(486	1	4	120)
e(486	2	4	160)
e(486	3	4	130)
e(487	1	2	80)
e(487	1	3	80)
e(487	2	3	40)
e(487	1	4	130)
e(487	2	4	120)
e(487	3	4	160)
e(488	1	2	60)
e(488	1	3	90)
e(488	2	3	120)
e(489	1	2	70)
e(490	1	2	100)
e(490	1	3	110)
e(490	2	3	80)
e(490	1	4	90)
e(490	2	4	150)
e(490	3	4	70)
e(490	1	5	110)
e(490	3	5	150)
e(490	4	5	120)
e(494	1	2	20)
e(494	1	3	160)
e(494	2	3	50)
e(494	1	4	30)
e(494	2	4	50)
e(494	3	4	10)
e(494	1	5	80)
e(494	2	5	140)
e(494	3	5	60)
e(494	4	5	90)
e(495	1	3	80)
e(495	2	3	140)
e(495	2	4	60)
e(495	3	4	40)
e(496	1	2	120)
e(496	1	3	40)
e(496	2	3	150)
e(496	1	4	100)
e(496	2	4	140)
e(496	3	4	10)
e(496	1	5	40)
e(496	2	5	50)
e(496	3	5	150)
e(496	4	5	110)
e(497	1	3	30)
e(497	2	3	10)
e(497	1	4	30)
e(497	2	4	80)
e(497	3	4	150)
e(497	1	5	30)
e(497	2	5	110)
e(497	3	5	130)
e(497	4	5	30)
e(498	1	2	40)
e(498	1	3	20)
e(498	2	3	10)
e(499	1	2	150)
