600

d(1	9	14	3	200000.0)
d(2	10	20	3	200000.0)
d(3	16	21	2	200000.0)
d(4	9	21	3	200000.0)
d(5	13	16	1	200000.0)
d(6	9	9	1	200000.0)
d(7	20	22	3	200000.0)
d(8	7	19	1	200000.0)
d(9	13	23	4	200000.0)
d(10	4	6	5	200000.0)
d(11	17	21	4	200000.0)
d(12	10	17	3	200000.0)
d(13	24	24	4	200000.0)
d(14	21	22	3	200000.0)
d(15	8	24	5	200000.0)
d(16	7	17	4	200000.0)
d(17	2	21	4	200000.0)
d(18	6	14	2	200000.0)
d(19	22	24	1	200000.0)
d(20	19	23	5	200000.0)
d(21	13	17	5	200000.0)
d(22	24	24	2	200000.0)
d(23	14	24	3	200000.0)
d(24	6	13	4	200000.0)
d(25	16	24	3	200000.0)
d(26	8	11	2	200000.0)
d(27	23	24	1	200000.0)
d(28	23	24	4	200000.0)
d(29	24	24	2	200000.0)
d(30	13	23	4	200000.0)
d(31	20	20	3	200000.0)
d(32	18	19	4	200000.0)
d(33	21	23	1	200000.0)
d(34	4	15	3	200000.0)
d(35	24	24	4	200000.0)
d(36	7	21	2	200000.0)
d(37	1	20	1	200000.0)
d(38	23	24	1	200000.0)
d(39	21	23	4	200000.0)
d(40	24	24	3	200000.0)
d(41	11	15	4	200000.0)
d(42	16	24	5	200000.0)
d(43	16	23	3	200000.0)
d(44	7	14	5	200000.0)
d(45	22	24	5	200000.0)
d(46	22	23	1	200000.0)
d(47	22	22	4	200000.0)
d(48	21	22	1	200000.0)
d(49	1	9	2	200000.0)
d(50	19	23	1	200000.0)
d(51	18	19	4	200000.0)
d(52	20	21	3	200000.0)
d(53	3	21	2	200000.0)
d(54	9	22	5	200000.0)
d(55	17	24	1	200000.0)
d(56	9	17	3	200000.0)
d(57	13	13	1	200000.0)
d(58	18	22	5	200000.0)
d(59	3	14	1	200000.0)
d(60	19	21	1	200000.0)
d(61	13	21	5	200000.0)
d(62	7	16	3	200000.0)
d(63	19	21	4	200000.0)
d(64	22	23	2	200000.0)
d(65	13	20	3	200000.0)
d(66	24	24	4	200000.0)
d(67	14	17	4	200000.0)
d(68	3	17	4	200000.0)
d(69	16	17	3	200000.0)
d(70	17	24	5	200000.0)
d(71	9	23	1	200000.0)
d(72	13	16	3	200000.0)
d(73	17	24	2	200000.0)
d(74	17	19	3	200000.0)
d(75	3	5	1	200000.0)
d(76	12	14	2	200000.0)
d(77	16	20	5	200000.0)
d(78	11	23	2	200000.0)
d(79	7	23	5	200000.0)
d(80	11	18	4	200000.0)
d(81	3	9	2	200000.0)
d(82	14	17	4	200000.0)
d(83	9	18	3	200000.0)
d(84	12	18	5	200000.0)
d(85	16	24	3	200000.0)
d(86	14	18	2	200000.0)
d(87	15	15	1	200000.0)
d(88	23	23	3	200000.0)
d(89	4	18	5	200000.0)
d(90	11	17	2	200000.0)
d(91	15	19	3	200000.0)
d(92	21	21	3	200000.0)
d(93	4	24	2	200000.0)
d(94	2	17	4	200000.0)
d(95	24	24	5	200000.0)
d(96	4	6	1	200000.0)
d(97	21	23	1	200000.0)
d(98	9	17	1	200000.0)
d(99	23	23	2	200000.0)
d(100	3	11	4	200000.0)
d(101	19	20	1	200000.0)
d(102	10	14	3	200000.0)
d(103	7	16	3	200000.0)
d(104	8	13	4	200000.0)
d(105	5	15	4	200000.0)
d(106	4	21	1	200000.0)
d(107	18	22	3	200000.0)
d(108	9	14	3	200000.0)
d(109	21	21	3	200000.0)
d(110	13	23	5	200000.0)
d(111	3	6	5	200000.0)
d(112	7	9	3	200000.0)
d(113	3	15	4	200000.0)
d(114	22	24	3	200000.0)
d(115	15	22	3	200000.0)
d(116	17	19	5	200000.0)
d(117	8	22	2	200000.0)
d(118	10	24	1	200000.0)
d(119	5	24	1	200000.0)
d(120	3	16	4	200000.0)
d(121	2	24	5	200000.0)
d(122	18	24	5	200000.0)
d(123	21	23	4	200000.0)
d(124	19	20	4	200000.0)
d(125	1	2	5	200000.0)
d(126	23	24	5	200000.0)
d(127	12	21	2	200000.0)
d(128	21	21	2	200000.0)
d(129	3	13	1	200000.0)
d(130	9	17	1	200000.0)
d(131	22	24	1	200000.0)
d(132	15	22	4	200000.0)
d(133	18	23	1	200000.0)
d(134	12	17	3	200000.0)
d(135	3	5	4	200000.0)
d(136	23	23	2	200000.0)
d(137	3	11	2	200000.0)
d(138	9	23	5	200000.0)
d(139	6	10	2	200000.0)
d(140	10	16	1	200000.0)
d(141	6	19	3	200000.0)
d(142	19	19	1	200000.0)
d(143	15	20	5	200000.0)
d(144	6	16	3	200000.0)
d(145	23	23	3	200000.0)
d(146	21	22	1	200000.0)
d(147	9	13	1	200000.0)
d(148	6	14	1	200000.0)
d(149	10	19	5	200000.0)
d(150	4	14	3	200000.0)
d(151	2	12	3	200000.0)
d(152	24	24	5	200000.0)
d(153	14	15	1	200000.0)
d(154	14	23	1	200000.0)
d(155	22	22	1	200000.0)
d(156	16	17	4	200000.0)
d(157	12	20	3	200000.0)
d(158	12	20	4	200000.0)
d(159	17	19	1	200000.0)
d(160	2	2	3	200000.0)
d(161	8	14	5	200000.0)
d(162	15	19	4	200000.0)
d(163	23	23	3	200000.0)
d(164	13	19	5	200000.0)
d(165	17	18	5	200000.0)
d(166	23	24	4	200000.0)
d(167	12	15	5	200000.0)
d(168	11	20	3	200000.0)
d(169	3	6	2	200000.0)
d(170	21	23	5	200000.0)
d(171	20	24	2	200000.0)
d(172	12	21	4	200000.0)
d(173	17	23	5	200000.0)
d(174	3	4	1	200000.0)
d(175	20	24	1	200000.0)
d(176	8	24	4	200000.0)
d(177	24	24	5	200000.0)
d(178	21	21	3	200000.0)
d(179	8	10	2	200000.0)
d(180	14	14	4	200000.0)
d(181	20	22	1	200000.0)
d(182	2	17	5	200000.0)
d(183	2	14	4	200000.0)
d(184	4	12	1	200000.0)
d(185	15	15	4	200000.0)
d(186	12	16	2	200000.0)
d(187	17	24	5	200000.0)
d(188	14	16	3	200000.0)
d(189	13	19	3	200000.0)
d(190	17	18	3	200000.0)
d(191	7	17	3	200000.0)
d(192	23	23	4	200000.0)
d(193	15	23	4	200000.0)
d(194	6	7	1	200000.0)
d(195	7	18	5	200000.0)
d(196	20	20	1	200000.0)
d(197	13	21	5	200000.0)
d(198	17	23	4	200000.0)
d(199	18	20	4	200000.0)
d(200	20	20	2	200000.0)
d(201	9	15	1	200000.0)
d(202	20	23	1	200000.0)
d(203	14	22	4	200000.0)
d(204	11	21	5	200000.0)
d(205	9	24	4	200000.0)
d(206	19	19	5	200000.0)
d(207	21	21	5	200000.0)
d(208	10	13	1	200000.0)
d(209	2	8	5	200000.0)
d(210	24	24	5	200000.0)
d(211	16	18	1	200000.0)
d(212	9	13	5	200000.0)
d(213	10	10	5	200000.0)
d(214	21	24	4	200000.0)
d(215	23	23	3	200000.0)
d(216	8	19	2	200000.0)
d(217	3	10	4	200000.0)
d(218	4	7	3	200000.0)
d(219	20	20	2	200000.0)
d(220	21	24	2	200000.0)
d(221	8	21	1	200000.0)
d(222	15	20	2	200000.0)
d(223	19	19	3	200000.0)
d(224	23	24	5	200000.0)
d(225	18	20	4	200000.0)
d(226	1	21	1	200000.0)
d(227	12	14	4	200000.0)
d(228	6	10	4	200000.0)
d(229	6	16	5	200000.0)
d(230	1	6	4	200000.0)
d(231	16	18	4	200000.0)
d(232	21	23	2	200000.0)
d(233	24	24	3	200000.0)
d(234	9	22	5	200000.0)
d(235	10	20	1	200000.0)
d(236	5	20	5	200000.0)
d(237	22	23	3	200000.0)
d(238	17	23	5	200000.0)
d(239	1	16	1	200000.0)
d(240	14	22	4	200000.0)
d(241	6	8	4	200000.0)
d(242	19	19	4	200000.0)
d(243	22	22	4	200000.0)
d(244	16	21	1	200000.0)
d(245	17	17	2	200000.0)
d(246	21	22	3	200000.0)
d(247	13	19	2	200000.0)
d(248	4	11	1	200000.0)
d(249	3	17	1	200000.0)
d(250	13	13	4	200000.0)
d(251	9	14	3	200000.0)
d(252	7	22	1	200000.0)
d(253	1	13	5	200000.0)
d(254	13	18	4	200000.0)
d(255	23	24	1	200000.0)
d(256	2	18	2	200000.0)
d(257	17	17	4	200000.0)
d(258	5	16	4	200000.0)
d(259	3	7	3	200000.0)
d(260	21	21	4	200000.0)
d(261	7	15	3	200000.0)
d(262	12	23	4	200000.0)
d(263	22	24	5	200000.0)
d(264	20	22	1	200000.0)
d(265	6	19	5	200000.0)
d(266	23	23	2	200000.0)
d(267	22	24	3	200000.0)
d(268	12	24	1	200000.0)
d(269	21	21	3	200000.0)
d(270	9	14	2	200000.0)
d(271	7	9	4	200000.0)
d(272	24	24	3	200000.0)
d(273	10	21	5	200000.0)
d(274	8	24	5	200000.0)
d(275	1	9	2	200000.0)
d(276	7	15	3	200000.0)
d(277	1	14	1	200000.0)
d(278	6	14	5	200000.0)
d(279	13	16	1	200000.0)
d(280	20	22	5	200000.0)
d(281	1	7	2	200000.0)
d(282	19	20	4	200000.0)
d(283	17	18	4	200000.0)
d(284	1	7	1	200000.0)
d(285	6	19	1	200000.0)
d(286	16	21	1	200000.0)
d(287	11	19	5	200000.0)
d(288	3	22	1	200000.0)
d(289	16	19	3	200000.0)
d(290	4	10	3	200000.0)
d(291	20	22	4	200000.0)
d(292	12	23	4	200000.0)
d(293	20	21	5	200000.0)
d(294	5	18	3	200000.0)
d(295	21	24	2	200000.0)
d(296	12	22	5	200000.0)
d(297	5	24	2	200000.0)
d(298	6	20	5	200000.0)
d(299	6	6	3	200000.0)
d(300	23	24	3	200000.0)
d(301	6	18	1	200000.0)
d(302	18	23	5	200000.0)
d(303	19	21	5	200000.0)
d(304	8	24	1	200000.0)
d(305	22	22	1	200000.0)
d(306	13	21	5	200000.0)
d(307	7	11	4	200000.0)
d(308	22	23	5	200000.0)
d(309	23	24	4	200000.0)
d(310	12	17	3	200000.0)
d(311	13	13	2	200000.0)
d(312	3	19	4	200000.0)
d(313	12	17	1	200000.0)
d(314	18	20	5	200000.0)
d(315	23	23	2	200000.0)
d(316	17	17	5	200000.0)
d(317	4	12	3	200000.0)
d(318	6	12	2	200000.0)
d(319	12	12	1	200000.0)
d(320	12	23	5	200000.0)
d(321	14	18	3	200000.0)
d(322	15	18	2	200000.0)
d(323	1	22	3	200000.0)
d(324	9	15	4	200000.0)
d(325	19	21	1	200000.0)
d(326	24	24	5	200000.0)
d(327	1	3	1	200000.0)
d(328	5	17	1	200000.0)
d(329	4	21	2	200000.0)
d(330	16	16	2	200000.0)
d(331	15	19	2	200000.0)
d(332	19	24	5	200000.0)
d(333	23	23	4	200000.0)
d(334	9	24	5	200000.0)
d(335	19	21	4	200000.0)
d(336	14	20	5	200000.0)
d(337	16	22	1	200000.0)
d(338	17	23	1	200000.0)
d(339	5	9	5	200000.0)
d(340	13	13	3	200000.0)
d(341	6	9	3	200000.0)
d(342	10	15	4	200000.0)
d(343	16	19	1	200000.0)
d(344	3	10	5	200000.0)
d(345	5	14	3	200000.0)
d(346	11	16	5	200000.0)
d(347	1	2	2	200000.0)
d(348	3	11	2	200000.0)
d(349	19	22	3	200000.0)
d(350	17	19	4	200000.0)
d(351	7	12	3	200000.0)
d(352	24	24	3	200000.0)
d(353	21	23	3	200000.0)
d(354	15	20	1	200000.0)
d(355	14	19	1	200000.0)
d(356	13	16	3	200000.0)
d(357	14	19	1	200000.0)
d(358	6	19	3	200000.0)
d(359	14	19	4	200000.0)
d(360	11	24	4	200000.0)
d(361	8	20	4	200000.0)
d(362	9	17	4	200000.0)
d(363	4	15	2	200000.0)
d(364	18	18	5	200000.0)
d(365	15	23	3	200000.0)
d(366	11	11	5	200000.0)
d(367	10	15	2	200000.0)
d(368	7	16	2	200000.0)
d(369	7	17	4	200000.0)
d(370	14	18	1	200000.0)
d(371	23	23	3	200000.0)
d(372	8	15	5	200000.0)
d(373	3	19	4	200000.0)
d(374	3	24	4	200000.0)
d(375	23	24	2	200000.0)
d(376	15	17	2	200000.0)
d(377	11	18	4	200000.0)
d(378	6	18	4	200000.0)
d(379	6	12	5	200000.0)
d(380	17	18	4	200000.0)
d(381	10	21	1	200000.0)
d(382	7	13	5	200000.0)
d(383	8	23	1	200000.0)
d(384	13	24	5	200000.0)
d(385	19	22	1	200000.0)
d(386	12	21	2	200000.0)
d(387	21	21	1	200000.0)
d(388	3	21	3	200000.0)
d(389	17	24	4	200000.0)
d(390	11	15	4	200000.0)
d(391	19	19	2	200000.0)
d(392	14	15	5	200000.0)
d(393	19	22	1	200000.0)
d(394	4	13	5	200000.0)
d(395	12	14	3	200000.0)
d(396	19	22	3	200000.0)
d(397	12	16	5	200000.0)
d(398	24	24	5	200000.0)
d(399	2	5	2	200000.0)
d(400	5	9	1	200000.0)
d(401	17	20	1	200000.0)
d(402	21	23	1	200000.0)
d(403	16	20	3	200000.0)
d(404	15	18	1	200000.0)
d(405	8	14	3	200000.0)
d(406	5	24	3	200000.0)
d(407	2	5	4	200000.0)
d(408	6	7	4	200000.0)
d(409	4	13	4	200000.0)
d(410	4	15	3	200000.0)
d(411	15	18	4	200000.0)
d(412	17	24	3	200000.0)
d(413	14	15	5	200000.0)
d(414	11	12	1	200000.0)
d(415	1	21	3	200000.0)
d(416	5	12	3	200000.0)
d(417	6	8	1	200000.0)
d(418	2	10	3	200000.0)
d(419	19	21	4	200000.0)
d(420	20	20	5	200000.0)
d(421	12	15	2	200000.0)
d(422	19	23	4	200000.0)
d(423	16	19	3	200000.0)
d(424	2	10	2	200000.0)
d(425	22	24	4	200000.0)
d(426	11	23	4	200000.0)
d(427	10	11	3	200000.0)
d(428	16	24	2	200000.0)
d(429	1	17	2	200000.0)
d(430	3	12	3	200000.0)
d(431	9	11	4	200000.0)
d(432	13	14	4	200000.0)
d(433	8	13	3	200000.0)
d(434	22	24	5	200000.0)
d(435	2	21	5	200000.0)
d(436	5	15	5	200000.0)
d(437	13	15	1	200000.0)
d(438	9	16	3	200000.0)
d(439	4	19	1	200000.0)
d(440	17	17	3	200000.0)
d(441	7	13	5	200000.0)
d(442	12	19	2	200000.0)
d(443	10	20	4	200000.0)
d(444	10	13	2	200000.0)
d(445	13	17	3	200000.0)
d(446	12	17	5	200000.0)
d(447	15	16	1	200000.0)
d(448	2	10	1	200000.0)
d(449	12	23	4	200000.0)
d(450	21	23	1	200000.0)
d(451	5	8	5	200000.0)
d(452	14	19	4	200000.0)
d(453	6	8	5	200000.0)
d(454	24	24	2	200000.0)
d(455	5	16	2	200000.0)
d(456	20	23	4	200000.0)
d(457	18	22	1	200000.0)
d(458	18	24	5	200000.0)
d(459	3	14	5	200000.0)
d(460	2	4	1	200000.0)
d(461	13	21	2	200000.0)
d(462	8	18	4	200000.0)
d(463	11	17	4	200000.0)
d(464	21	23	2	200000.0)
d(465	14	21	1	200000.0)
d(466	18	18	4	200000.0)
d(467	8	14	3	200000.0)
d(468	21	22	4	200000.0)
d(469	18	21	3	200000.0)
d(470	20	20	3	200000.0)
d(471	9	13	5	200000.0)
d(472	5	14	4	200000.0)
d(473	4	8	1	200000.0)
d(474	24	24	1	200000.0)
d(475	10	20	4	200000.0)
d(476	1	1	1	200000.0)
d(477	17	24	4	200000.0)
d(478	22	24	2	200000.0)
d(479	23	24	1	200000.0)
d(480	2	20	3	200000.0)
d(481	9	22	4	200000.0)
d(482	23	23	2	200000.0)
d(483	13	17	1	200000.0)
d(484	23	24	5	200000.0)
d(485	16	19	1	200000.0)
d(486	24	24	3	200000.0)
d(487	10	12	1	200000.0)
d(488	2	16	5	200000.0)
d(489	16	24	3	200000.0)
d(490	8	21	1	200000.0)
d(491	24	24	5	200000.0)
d(492	16	17	2	200000.0)
d(493	23	23	5	200000.0)
d(494	5	12	5	200000.0)
d(495	13	18	4	200000.0)
d(496	4	19	2	200000.0)
d(497	12	23	1	200000.0)
d(498	23	24	3	200000.0)
d(499	4	8	3	200000.0)
d(500	1	16	4	200000.0)
d(501	22	24	2	200000.0)
d(502	15	23	1	200000.0)
d(503	11	19	2	200000.0)
d(504	18	24	3	200000.0)
d(505	15	16	3	200000.0)
d(506	9	14	1	200000.0)
d(507	3	15	2	200000.0)
d(508	11	18	3	200000.0)
d(509	16	23	5	200000.0)
d(510	11	13	1	200000.0)
d(511	18	20	5	200000.0)
d(512	23	24	4	200000.0)
d(513	14	16	5	200000.0)
d(514	6	21	4	200000.0)
d(515	19	24	4	200000.0)
d(516	22	23	3	200000.0)
d(517	20	23	5	200000.0)
d(518	5	17	3	200000.0)
d(519	22	23	2	200000.0)
d(520	14	24	3	200000.0)
d(521	13	13	4	200000.0)
d(522	9	21	5	200000.0)
d(523	14	24	5	200000.0)
d(524	7	14	4	200000.0)
d(525	18	21	2	200000.0)
d(526	11	18	3	200000.0)
d(527	19	20	3	200000.0)
d(528	6	22	2	200000.0)
d(529	12	12	2	200000.0)
d(530	4	6	3	200000.0)
d(531	17	23	3	200000.0)
d(532	18	24	3	200000.0)
d(533	15	19	2	200000.0)
d(534	2	2	5	200000.0)
d(535	24	24	2	200000.0)
d(536	10	10	5	200000.0)
d(537	4	10	4	200000.0)
d(538	8	19	1	200000.0)
d(539	17	22	4	200000.0)
d(540	12	23	1	200000.0)
d(541	9	23	2	200000.0)
d(542	7	14	1	200000.0)
d(543	8	14	3	200000.0)
d(544	2	2	5	200000.0)
d(545	1	22	4	200000.0)
d(546	20	20	1	200000.0)
d(547	14	17	5	200000.0)
d(548	12	12	4	200000.0)
d(549	24	24	4	200000.0)
d(550	9	11	2	200000.0)
d(551	4	4	2	200000.0)
d(552	20	24	3	200000.0)
d(553	15	24	3	200000.0)
d(554	6	6	2	200000.0)
d(555	4	14	3	200000.0)
d(556	8	17	1	200000.0)
d(557	13	16	3	200000.0)
d(558	23	24	3	200000.0)
d(559	20	20	3	200000.0)
d(560	11	19	3	200000.0)
d(561	6	16	5	200000.0)
d(562	21	24	5	200000.0)
d(563	21	23	5	200000.0)
d(564	7	11	3	200000.0)
d(565	20	22	5	200000.0)
d(566	6	7	4	200000.0)
d(567	10	17	1	200000.0)
d(568	6	16	5	200000.0)
d(569	12	21	5	200000.0)
d(570	8	15	4	200000.0)
d(571	18	20	2	200000.0)
d(572	22	24	4	200000.0)
d(573	14	21	3	200000.0)
d(574	7	15	1	200000.0)
d(575	6	24	4	200000.0)
d(576	6	18	3	200000.0)
d(577	12	20	4	200000.0)
d(578	1	7	4	200000.0)
d(579	15	22	3	200000.0)
d(580	16	21	5	200000.0)
d(581	6	24	2	200000.0)
d(582	17	17	3	200000.0)
d(583	18	20	1	200000.0)
d(584	4	14	1	200000.0)
d(585	7	24	5	200000.0)
d(586	18	24	2	200000.0)
d(587	22	23	2	200000.0)
d(588	14	16	2	200000.0)
d(589	19	23	1	200000.0)
d(590	20	22	1	200000.0)
d(591	23	24	3	200000.0)
d(592	15	21	2	200000.0)
d(593	4	22	3	200000.0)
d(594	12	23	2	200000.0)
d(595	2	10	5	200000.0)
d(596	22	24	2	200000.0)
d(597	2	18	1	200000.0)
d(598	11	17	5	200000.0)
d(599	5	20	5	200000.0)
d(600	22	22	1	200000.0)
v(1	1	19	67	38	2)
v(1	2	16	92	32	2)
v(1	3	6	63	12	2)
v(2	1	32	145	64	1)
v(2	2	21	127	42	2)
v(2	3	12	94	24	1)
v(3	1	14	151	28	1)
v(3	2	19	141	38	1)
v(4	1	14	145	28	2)
v(4	2	18	91	36	2)
v(4	3	26	38	52	2)
v(5	1	26	165	52	0)
v(6	1	30	43	60	0)
v(7	1	5	96	10	2)
v(7	2	15	24	30	2)
v(7	3	8	127	16	2)
v(8	1	4	103	8	0)
v(9	1	13	53	26	3)
v(9	2	6	129	12	3)
v(9	3	17	174	34	2)
v(9	4	10	68	20	2)
v(10	1	12	68	24	4)
v(10	2	17	60	34	4)
v(10	3	20	65	40	4)
v(10	4	26	97	52	4)
v(10	5	26	164	52	4)
v(11	1	22	142	44	3)
v(11	2	9	144	18	3)
v(11	3	18	75	36	3)
v(11	4	22	162	44	3)
v(12	1	15	147	30	2)
v(12	2	18	30	36	2)
v(12	3	14	112	28	2)
v(13	1	19	75	38	3)
v(13	2	9	50	18	3)
v(13	3	29	179	58	3)
v(13	4	8	82	16	3)
v(14	1	31	36	62	2)
v(14	2	13	53	26	2)
v(14	3	29	164	58	2)
v(15	1	8	101	16	3)
v(15	2	24	135	48	3)
v(15	3	29	187	58	3)
v(15	4	2	86	4	3)
v(15	5	9	117	18	4)
v(16	1	19	23	38	3)
v(16	2	30	39	60	3)
v(16	3	8	123	16	3)
v(16	4	32	122	64	3)
v(17	1	26	105	52	3)
v(17	2	30	38	60	3)
v(17	3	2	109	4	3)
v(17	4	6	102	12	3)
v(18	1	30	157	60	1)
v(18	2	21	137	42	1)
v(19	1	13	155	26	0)
v(20	1	21	29	42	4)
v(20	2	20	113	40	3)
v(20	3	29	174	58	4)
v(20	4	25	85	50	4)
v(20	5	31	175	62	3)
v(21	1	19	173	38	4)
v(21	2	21	69	42	4)
v(21	3	12	25	24	3)
v(21	4	12	36	24	4)
v(21	5	4	140	8	3)
v(22	1	3	40	6	1)
v(22	2	21	164	42	1)
v(23	1	4	118	8	2)
v(23	2	14	120	28	2)
v(23	3	25	104	50	2)
v(24	1	25	44	50	3)
v(24	2	29	160	58	3)
v(24	3	15	158	30	3)
v(24	4	2	158	4	3)
v(25	1	6	114	12	2)
v(25	2	9	157	18	1)
v(25	3	21	48	42	1)
v(26	1	5	16	10	1)
v(26	2	31	162	62	1)
v(27	1	19	170	38	0)
v(28	1	11	98	22	3)
v(28	2	21	128	42	3)
v(28	3	25	62	50	3)
v(28	4	25	165	50	3)
v(29	1	25	48	50	1)
v(29	2	31	83	62	1)
v(30	1	18	94	36	3)
v(30	2	7	108	14	3)
v(30	3	8	91	16	3)
v(30	4	19	177	38	3)
v(31	1	16	113	32	2)
v(31	2	26	70	52	2)
v(31	3	18	83	36	2)
v(32	1	7	91	14	3)
v(32	2	28	82	56	3)
v(32	3	24	71	48	3)
v(32	4	7	144	14	3)
v(33	1	11	124	22	0)
v(34	1	21	91	42	2)
v(34	2	25	136	50	1)
v(34	3	12	65	24	1)
v(35	1	3	95	6	3)
v(35	2	7	31	14	3)
v(35	3	26	147	52	3)
v(35	4	5	9	10	3)
v(36	1	2	114	4	1)
v(36	2	16	153	32	1)
v(37	1	26	165	52	0)
v(38	1	19	102	38	0)
v(39	1	7	132	14	3)
v(39	2	28	164	56	3)
v(39	3	30	165	60	3)
v(39	4	20	23	40	3)
v(40	1	25	34	50	2)
v(40	2	14	170	28	2)
v(40	3	16	53	32	2)
v(41	1	7	80	14	3)
v(41	2	30	137	60	2)
v(41	3	25	162	50	2)
v(41	4	25	70	50	3)
v(42	1	25	182	50	4)
v(42	2	6	95	12	4)
v(42	3	8	109	16	3)
v(42	4	10	129	20	4)
v(42	5	24	87	48	3)
v(43	1	4	19	8	2)
v(43	2	28	32	56	2)
v(43	3	3	153	6	2)
v(44	1	4	74	8	4)
v(44	2	19	135	38	4)
v(44	3	16	130	32	4)
v(44	4	30	138	60	4)
v(44	5	13	172	26	4)
v(45	1	5	53	10	4)
v(45	2	5	141	10	4)
v(45	3	19	160	38	3)
v(45	4	6	88	12	3)
v(45	5	9	163	18	4)
v(46	1	6	112	12	0)
v(47	1	21	164	42	3)
v(47	2	18	164	36	3)
v(47	3	30	107	60	3)
v(47	4	1	5	2	3)
v(48	1	16	152	32	0)
v(49	1	18	31	36	1)
v(49	2	12	84	24	1)
v(50	1	15	64	30	0)
v(51	1	24	75	48	3)
v(51	2	14	34	28	3)
v(51	3	20	155	40	3)
v(51	4	10	107	20	3)
v(52	1	26	58	52	2)
v(52	2	20	53	40	1)
v(52	3	1	17	2	1)
v(53	1	8	73	16	1)
v(53	2	26	76	52	1)
v(54	1	23	174	46	4)
v(54	2	24	160	48	3)
v(54	3	3	16	6	4)
v(54	4	29	154	58	4)
v(54	5	2	21	4	3)
v(55	1	15	175	30	0)
v(56	1	6	21	12	2)
v(56	2	7	69	14	1)
v(56	3	4	134	8	1)
v(57	1	20	62	40	0)
v(58	1	8	35	16	3)
v(58	2	7	28	14	4)
v(58	3	1	50	2	4)
v(58	4	28	183	56	3)
v(58	5	7	28	14	4)
v(59	1	21	155	42	0)
v(60	1	3	72	6	0)
v(61	1	27	100	54	3)
v(61	2	15	108	30	3)
v(61	3	11	102	22	3)
v(61	4	5	9	10	3)
v(61	5	24	159	48	4)
v(62	1	12	107	24	2)
v(62	2	18	159	36	2)
v(62	3	12	116	24	2)
v(63	1	20	87	40	3)
v(63	2	28	177	56	3)
v(63	3	13	24	26	3)
v(63	4	17	166	34	3)
v(64	1	9	150	18	1)
v(64	2	8	159	16	1)
v(65	1	22	126	44	2)
v(65	2	3	50	6	2)
v(65	3	23	181	46	2)
v(66	1	23	79	46	3)
v(66	2	15	40	30	3)
v(66	3	4	135	8	2)
v(66	4	30	36	60	2)
v(67	1	5	149	10	2)
v(67	2	29	177	58	2)
v(67	3	10	128	20	3)
v(67	4	31	43	62	3)
v(68	1	11	132	22	3)
v(68	2	17	41	34	3)
v(68	3	30	133	60	3)
v(68	4	20	163	40	3)
v(69	1	19	149	38	2)
v(69	2	23	61	46	2)
v(69	3	14	83	28	2)
v(70	1	12	108	24	4)
v(70	2	4	110	8	4)
v(70	3	30	89	60	4)
v(70	4	9	150	18	4)
v(70	5	31	177	62	4)
v(71	1	31	160	62	0)
v(72	1	30	76	60	2)
v(72	2	32	83	64	1)
v(72	3	17	49	34	1)
v(73	1	22	105	44	0)
v(73	2	7	12	14	0)
v(74	1	5	117	10	2)
v(74	2	11	30	22	2)
v(74	3	14	131	28	2)
v(75	1	26	98	52	0)
v(76	1	25	117	50	1)
v(76	2	5	74	10	1)
v(77	1	8	116	16	4)
v(77	2	3	34	6	4)
v(77	3	25	161	50	4)
v(77	4	27	110	54	4)
v(77	5	12	133	24	4)
v(78	1	6	85	12	1)
v(78	2	30	74	60	1)
v(79	1	5	29	10	4)
v(79	2	11	23	22	4)
v(79	3	32	129	64	4)
v(79	4	1	73	2	4)
v(79	5	29	113	58	4)
v(80	1	23	137	46	3)
v(80	2	3	50	6	2)
v(80	3	19	104	38	2)
v(80	4	6	21	12	3)
v(81	1	28	89	56	1)
v(81	2	20	24	40	1)
v(82	1	12	99	24	3)
v(82	2	20	113	40	3)
v(82	3	16	109	32	3)
v(82	4	8	140	16	3)
v(83	1	24	149	48	2)
v(83	2	2	102	4	2)
v(83	3	23	68	46	2)
v(84	1	28	96	56	4)
v(84	2	6	9	12	3)
v(84	3	24	133	48	3)
v(84	4	22	51	44	4)
v(84	5	16	106	32	2)
v(85	1	2	133	4	2)
v(85	2	21	89	42	2)
v(85	3	27	34	54	2)
v(86	1	23	79	46	1)
v(86	2	27	133	54	1)
v(87	1	3	69	6	0)
v(88	1	19	114	38	2)
v(88	2	9	36	18	2)
v(88	3	12	118	24	2)
v(89	1	14	139	28	4)
v(89	2	23	44	46	2)
v(89	3	9	20	18	4)
v(89	4	9	143	18	3)
v(89	5	6	163	12	3)
v(90	1	3	14	6	1)
v(90	2	1	80	2	1)
v(91	1	7	113	14	2)
v(91	2	6	135	12	2)
v(91	3	9	167	18	2)
v(92	1	8	154	16	2)
v(92	2	26	167	52	2)
v(92	3	16	129	32	2)
v(93	1	8	38	16	1)
v(93	2	2	65	4	1)
v(94	1	12	33	24	2)
v(94	2	11	167	22	2)
v(94	3	17	56	34	3)
v(94	4	22	182	44	3)
v(95	1	4	8	8	4)
v(95	2	14	38	28	4)
v(95	3	3	133	6	3)
v(95	4	14	85	28	3)
v(95	5	11	72	22	4)
v(96	1	20	143	40	0)
v(97	1	25	53	50	0)
v(98	1	17	57	34	0)
v(99	1	30	167	60	0)
v(99	2	32	92	64	0)
v(100	1	18	137	36	2)
v(100	2	10	147	20	3)
v(100	3	13	62	26	2)
v(100	4	19	33	38	3)
v(101	1	24	42	48	0)
v(102	1	27	81	54	2)
v(102	2	24	102	48	2)
v(102	3	29	57	58	2)
v(103	1	13	148	26	1)
v(103	2	28	38	56	2)
v(103	3	11	77	22	1)
v(104	1	1	35	2	3)
v(104	2	26	116	52	3)
v(104	3	6	36	12	3)
v(104	4	10	15	20	3)
v(105	1	4	160	8	1)
v(105	2	26	33	52	3)
v(105	3	14	49	28	2)
v(105	4	6	12	12	2)
v(106	1	4	54	8	0)
v(107	1	14	98	28	2)
v(107	2	11	147	22	2)
v(107	3	20	132	40	2)
v(108	1	13	142	26	1)
v(108	2	25	179	50	1)
v(108	3	14	29	28	2)
v(109	1	12	155	24	2)
v(109	2	10	32	20	2)
v(109	3	22	111	44	2)
v(110	1	27	48	54	4)
v(110	2	25	101	50	4)
v(110	3	26	92	52	4)
v(110	4	30	155	60	4)
v(110	5	25	60	50	4)
v(111	1	9	36	18	4)
v(111	2	18	131	36	4)
v(111	3	17	39	34	4)
v(111	4	2	132	4	4)
v(111	5	18	74	36	4)
v(112	1	25	102	50	2)
v(112	2	11	146	22	2)
v(112	3	3	82	6	2)
v(113	1	12	100	24	3)
v(113	2	10	78	20	3)
v(113	3	21	126	42	3)
v(113	4	7	37	14	3)
v(114	1	12	50	24	2)
v(114	2	17	60	34	2)
v(114	3	14	23	28	2)
v(115	1	22	127	44	2)
v(115	2	21	65	42	2)
v(115	3	5	107	10	2)
v(116	1	18	168	36	4)
v(116	2	31	91	62	4)
v(116	3	24	77	48	4)
v(116	4	24	131	48	4)
v(116	5	7	155	14	4)
v(117	1	20	170	40	1)
v(117	2	26	51	52	1)
v(118	1	28	177	56	0)
v(119	1	14	139	28	0)
v(120	1	27	138	54	3)
v(120	2	25	142	50	3)
v(120	3	21	37	42	3)
v(120	4	12	172	24	3)
v(121	1	25	133	50	4)
v(121	2	17	27	34	4)
v(121	3	19	160	38	4)
v(121	4	17	174	34	3)
v(121	5	26	31	52	3)
v(122	1	18	122	36	4)
v(122	2	13	106	26	4)
v(122	3	26	58	52	3)
v(122	4	31	162	62	3)
v(122	5	14	62	28	4)
v(123	1	20	61	40	3)
v(123	2	32	68	64	3)
v(123	3	27	38	54	2)
v(123	4	27	124	54	2)
v(124	1	1	45	2	3)
v(124	2	1	130	2	3)
v(124	3	6	157	12	3)
v(124	4	1	85	2	3)
v(125	1	12	42	24	2)
v(125	2	5	55	10	4)
v(125	3	7	138	14	4)
v(125	4	23	98	46	3)
v(125	5	13	161	26	3)
v(126	1	29	102	58	4)
v(126	2	21	122	42	4)
v(126	3	31	56	62	4)
v(126	4	13	23	26	4)
v(126	5	1	153	2	4)
v(127	1	2	4	4	1)
v(127	2	26	67	52	1)
v(128	1	2	127	4	1)
v(128	2	1	108	2	1)
v(129	1	30	101	60	0)
v(130	1	15	75	30	0)
v(131	1	23	101	46	0)
v(132	1	26	76	52	2)
v(132	2	14	135	28	3)
v(132	3	30	188	60	2)
v(132	4	26	73	52	3)
v(133	1	14	140	28	0)
v(134	1	23	149	46	1)
v(134	2	18	104	36	1)
v(134	3	12	68	24	2)
v(135	1	25	136	50	3)
v(135	2	16	103	32	3)
v(135	3	10	102	20	3)
v(135	4	18	141	36	3)
v(136	1	20	172	40	1)
v(136	2	14	166	28	1)
v(137	1	31	43	62	1)
v(137	2	12	85	24	1)
v(138	1	31	151	62	2)
v(138	2	5	137	10	4)
v(138	3	16	46	32	3)
v(138	4	3	107	6	3)
v(138	5	12	24	24	2)
v(139	1	17	58	34	1)
v(139	2	13	117	26	1)
v(140	1	30	77	60	0)
v(141	1	14	32	28	2)
v(141	2	4	119	8	2)
v(141	3	9	148	18	2)
v(142	1	24	150	48	0)
v(143	1	26	102	52	4)
v(143	2	23	133	46	4)
v(143	3	17	110	34	4)
v(143	4	20	49	40	4)
v(143	5	1	114	2	4)
v(144	1	10	131	20	2)
v(144	2	18	25	36	2)
v(144	3	29	113	58	2)
v(145	1	31	136	62	2)
v(145	2	31	131	62	2)
v(145	3	2	81	4	2)
v(146	1	31	58	62	0)
v(147	1	32	191	64	0)
v(148	1	22	139	44	0)
v(149	1	10	144	20	4)
v(149	2	3	23	6	4)
v(149	3	30	55	60	4)
v(149	4	23	142	46	4)
v(149	5	16	124	32	4)
v(150	1	17	94	34	1)
v(150	2	2	159	4	2)
v(150	3	13	118	26	1)
v(151	1	4	117	8	2)
v(151	2	19	161	38	2)
v(151	3	25	178	50	2)
v(152	1	9	22	18	4)
v(152	2	4	57	8	4)
v(152	3	16	120	32	4)
v(152	4	15	174	30	3)
v(152	5	12	133	24	3)
v(153	1	17	173	34	0)
v(154	1	32	93	64	0)
v(155	1	20	89	40	0)
v(156	1	19	49	38	3)
v(156	2	28	119	56	3)
v(156	3	21	103	42	3)
v(156	4	29	51	58	3)
v(157	1	8	62	16	2)
v(157	2	31	147	62	2)
v(157	3	29	92	58	2)
v(158	1	31	129	62	3)
v(158	2	6	30	12	3)
v(158	3	22	149	44	3)
v(158	4	13	75	26	3)
v(159	1	25	132	50	0)
v(160	1	29	96	58	1)
v(160	2	13	36	26	2)
v(160	3	6	162	12	1)
v(161	1	11	117	22	3)
v(161	2	22	37	44	4)
v(161	3	10	56	20	4)
v(161	4	15	41	30	4)
v(161	5	15	126	30	3)
v(162	1	19	101	38	3)
v(162	2	16	168	32	3)
v(162	3	20	70	40	3)
v(162	4	10	99	20	3)
v(163	1	28	112	56	2)
v(163	2	4	136	8	2)
v(163	3	23	170	46	2)
v(164	1	10	115	20	4)
v(164	2	11	74	22	4)
v(164	3	22	127	44	4)
v(164	4	9	47	18	4)
v(164	5	21	154	42	4)
v(165	1	25	145	50	4)
v(165	2	11	169	22	4)
v(165	3	21	168	42	4)
v(165	4	3	107	6	4)
v(165	5	12	114	24	4)
v(166	1	11	127	22	3)
v(166	2	18	71	36	3)
v(166	3	14	112	28	3)
v(166	4	14	107	28	3)
v(167	1	10	102	20	3)
v(167	2	22	36	44	4)
v(167	3	3	69	6	4)
v(167	4	11	85	22	4)
v(167	5	13	172	26	3)
v(168	1	21	174	42	2)
v(168	2	17	74	34	1)
v(168	3	24	76	48	1)
v(169	1	11	26	22	1)
v(169	2	13	69	26	1)
v(170	1	18	149	36	4)
v(170	2	16	46	32	3)
v(170	3	14	65	28	3)
v(170	4	11	155	22	4)
v(170	5	24	121	48	4)
v(171	1	9	145	18	1)
v(171	2	24	33	48	1)
v(172	1	8	47	16	2)
v(172	2	21	78	42	3)
v(172	3	18	24	36	3)
v(172	4	6	117	12	2)
v(173	1	12	52	24	4)
v(173	2	23	131	46	4)
v(173	3	4	20	8	4)
v(173	4	21	163	42	4)
v(173	5	32	169	64	4)
v(174	1	2	8	4	0)
v(175	1	25	114	50	0)
v(176	1	21	110	42	2)
v(176	2	6	124	12	3)
v(176	3	22	104	44	3)
v(176	4	29	36	58	2)
v(177	1	10	153	20	4)
v(177	2	6	61	12	4)
v(177	3	12	137	24	4)
v(177	4	6	61	12	4)
v(177	5	15	54	30	4)
v(178	1	8	66	16	2)
v(178	2	27	136	54	2)
v(178	3	10	30	20	2)
v(179	1	32	170	64	1)
v(179	2	11	78	22	1)
v(180	1	28	100	56	3)
v(180	2	25	131	50	3)
v(180	3	32	190	64	3)
v(180	4	3	84	6	3)
v(181	1	12	14	24	0)
v(182	1	19	114	38	3)
v(182	2	3	12	6	4)
v(182	3	23	180	46	4)
v(182	4	13	73	26	3)
v(182	5	22	164	44	4)
v(183	1	19	64	38	3)
v(183	2	22	69	44	3)
v(183	3	24	74	48	3)
v(183	4	11	102	22	3)
v(184	1	2	57	4	0)
v(185	1	30	147	60	3)
v(185	2	9	48	18	3)
v(185	3	1	155	2	3)
v(185	4	25	29	50	3)
v(186	1	7	157	14	1)
v(186	2	23	76	46	1)
v(187	1	17	51	34	2)
v(187	2	19	90	38	4)
v(187	3	3	97	6	3)
v(187	4	16	114	32	4)
v(187	5	29	131	58	3)
v(188	1	32	82	64	2)
v(188	2	4	65	8	1)
v(188	3	9	62	18	1)
v(189	1	2	39	4	2)
v(189	2	13	149	26	2)
v(189	3	3	11	6	2)
v(190	1	17	134	34	2)
v(190	2	10	152	20	2)
v(190	3	13	100	26	2)
v(191	1	6	32	12	2)
v(191	2	12	78	24	2)
v(191	3	7	139	14	2)
v(192	1	14	163	28	3)
v(192	2	27	169	54	3)
v(192	3	32	38	64	3)
v(192	4	23	167	46	3)
v(193	1	17	165	34	3)
v(193	2	6	123	12	3)
v(193	3	20	102	40	3)
v(193	4	14	59	28	3)
v(194	1	6	163	12	0)
v(195	1	7	122	14	4)
v(195	2	27	40	54	4)
v(195	3	26	153	52	4)
v(195	4	16	48	32	4)
v(195	5	11	132	22	4)
v(196	1	11	20	22	0)
v(197	1	16	117	32	4)
v(197	2	30	140	60	4)
v(197	3	5	155	10	4)
v(197	4	1	104	2	4)
v(197	5	30	156	60	4)
v(198	1	8	95	16	3)
v(198	2	14	16	28	3)
v(198	3	4	35	8	3)
v(198	4	30	85	60	3)
v(199	1	10	112	20	3)
v(199	2	3	35	6	3)
v(199	3	10	84	20	3)
v(199	4	31	136	62	3)
v(200	1	19	36	38	1)
v(200	2	16	150	32	1)
v(201	1	22	40	44	0)
v(202	1	1	16	2	0)
v(203	1	23	142	46	3)
v(203	2	9	120	18	3)
v(203	3	11	58	22	3)
v(203	4	24	95	48	3)
v(204	1	20	78	40	3)
v(204	2	31	166	62	4)
v(204	3	22	177	44	4)
v(204	4	28	78	56	4)
v(204	5	5	50	10	3)
v(205	1	12	144	24	3)
v(205	2	22	164	44	3)
v(205	3	7	37	14	3)
v(205	4	3	142	6	3)
v(206	1	28	72	56	3)
v(206	2	5	90	10	4)
v(206	3	32	66	64	4)
v(206	4	1	70	2	4)
v(206	5	4	28	8	3)
v(207	1	2	12	4	4)
v(207	2	11	138	22	4)
v(207	3	21	91	42	4)
v(207	4	25	85	50	4)
v(207	5	7	81	14	4)
v(208	1	15	152	30	0)
v(209	1	26	113	52	4)
v(209	2	29	58	58	4)
v(209	3	25	173	50	4)
v(209	4	18	25	36	4)
v(209	5	16	111	32	4)
v(210	1	10	29	20	3)
v(210	2	15	166	30	4)
v(210	3	31	67	62	4)
v(210	4	25	45	50	3)
v(210	5	9	130	18	4)
v(211	1	10	160	20	0)
v(212	1	12	146	24	4)
v(212	2	19	57	38	3)
v(212	3	17	114	34	4)
v(212	4	8	35	16	3)
v(212	5	24	51	48	4)
v(213	1	8	94	16	4)
v(213	2	4	130	8	4)
v(213	3	5	80	10	4)
v(213	4	5	125	10	4)
v(213	5	27	107	54	4)
v(214	1	19	179	38	3)
v(214	2	8	55	16	3)
v(214	3	19	135	38	3)
v(214	4	17	136	34	3)
v(215	1	9	55	18	2)
v(215	2	17	36	34	2)
v(215	3	4	86	8	2)
v(216	1	13	54	26	1)
v(216	2	10	34	20	1)
v(217	1	21	116	42	3)
v(217	2	27	175	54	3)
v(217	3	23	113	46	3)
v(217	4	21	151	42	3)
v(218	1	21	174	42	2)
v(218	2	15	49	30	2)
v(218	3	9	95	18	2)
v(219	1	24	132	48	1)
v(219	2	3	141	6	1)
v(220	1	2	155	4	1)
v(220	2	19	175	38	1)
v(221	1	17	41	34	0)
v(222	1	25	72	50	1)
v(222	2	27	73	54	1)
v(223	1	28	151	56	2)
v(223	2	28	47	56	2)
v(223	3	31	189	62	2)
v(224	1	4	12	8	4)
v(224	2	29	91	58	4)
v(224	3	9	10	18	4)
v(224	4	9	133	18	3)
v(224	5	7	151	14	3)
v(225	1	5	101	10	3)
v(225	2	15	158	30	3)
v(225	3	27	44	54	3)
v(225	4	24	151	48	3)
v(226	1	9	35	18	0)
v(227	1	31	145	62	2)
v(227	2	23	166	46	3)
v(227	3	8	23	16	2)
v(227	4	24	84	48	3)
v(228	1	32	134	64	2)
v(228	2	9	169	18	3)
v(228	3	1	148	2	2)
v(228	4	8	19	16	3)
v(229	1	13	143	26	4)
v(229	2	21	92	42	4)
v(229	3	26	145	52	4)
v(229	4	28	178	56	4)
v(229	5	10	11	20	4)
v(230	1	17	171	34	3)
v(230	2	16	89	32	3)
v(230	3	5	123	10	3)
v(230	4	21	176	42	3)
v(231	1	10	135	20	3)
v(231	2	27	161	54	2)
v(231	3	18	148	36	2)
v(231	4	1	61	2	3)
v(232	1	7	78	14	1)
v(232	2	8	42	16	1)
v(233	1	30	132	60	2)
v(233	2	1	83	2	2)
v(233	3	7	11	14	2)
v(234	1	23	153	46	3)
v(234	2	4	93	8	3)
v(234	3	9	138	18	4)
v(234	4	11	148	22	4)
v(234	5	10	79	20	4)
v(235	1	31	180	62	0)
v(236	1	29	54	58	4)
v(236	2	6	35	12	4)
v(236	3	29	112	58	4)
v(236	4	32	57	64	4)
v(236	5	20	96	40	4)
v(237	1	4	45	8	2)
v(237	2	9	26	18	2)
v(237	3	27	44	54	2)
v(238	1	24	164	48	3)
v(238	2	31	145	62	4)
v(238	3	2	56	4	4)
v(238	4	14	37	28	3)
v(238	5	8	30	16	4)
v(239	1	15	71	30	0)
v(240	1	17	100	34	3)
v(240	2	13	42	26	3)
v(240	3	16	176	32	3)
v(240	4	28	155	56	3)
v(241	1	26	85	52	2)
v(241	2	8	108	16	3)
v(241	3	9	42	18	2)
v(241	4	28	40	56	3)
v(242	1	22	35	44	3)
v(242	2	11	55	22	3)
v(242	3	23	61	46	3)
v(242	4	29	45	58	3)
v(243	1	18	132	36	3)
v(243	2	32	37	64	2)
v(243	3	26	135	52	3)
v(243	4	30	106	60	2)
v(244	1	29	79	58	0)
v(245	1	15	134	30	1)
v(245	2	27	183	54	1)
v(246	1	4	26	8	2)
v(246	2	22	60	44	2)
v(246	3	13	65	26	2)
v(247	1	5	129	10	1)
v(247	2	27	38	54	1)
v(248	1	15	73	30	0)
v(249	1	32	186	64	0)
v(250	1	16	164	32	3)
v(250	2	13	28	26	3)
v(250	3	16	135	32	3)
v(250	4	23	124	46	3)
v(251	1	4	99	8	2)
v(251	2	25	132	50	2)
v(251	3	7	136	14	2)
v(252	1	25	78	50	0)
v(253	1	10	78	20	4)
v(253	2	24	116	48	4)
v(253	3	28	36	56	4)
v(253	4	12	129	24	4)
v(253	5	17	28	34	4)
v(254	1	20	149	40	3)
v(254	2	15	20	30	3)
v(254	3	17	155	34	3)
v(254	4	21	24	42	3)
v(255	1	24	93	48	0)
v(256	1	6	163	12	1)
v(256	2	16	23	32	1)
v(257	1	31	70	62	3)
v(257	2	8	42	16	3)
v(257	3	19	166	38	3)
v(257	4	9	134	18	3)
v(258	1	28	50	56	2)
v(258	2	25	122	50	2)
v(258	3	20	164	40	1)
v(258	4	27	182	54	3)
v(259	1	31	117	62	2)
v(259	2	15	49	30	2)
v(259	3	6	140	12	2)
v(260	1	5	154	10	3)
v(260	2	3	43	6	3)
v(260	3	26	82	52	3)
v(260	4	25	50	50	3)
v(261	1	12	113	24	2)
v(261	2	16	32	32	2)
v(261	3	25	162	50	2)
v(262	1	8	155	16	3)
v(262	2	32	175	64	3)
v(262	3	19	102	38	3)
v(262	4	31	140	62	3)
v(263	1	9	88	18	4)
v(263	2	28	86	56	4)
v(263	3	10	141	20	4)
v(263	4	22	164	44	4)
v(263	5	31	51	62	4)
v(264	1	8	99	16	0)
v(265	1	11	132	22	4)
v(265	2	11	58	22	3)
v(265	3	28	187	56	3)
v(265	4	6	63	12	3)
v(265	5	10	93	20	3)
v(266	1	10	116	20	1)
v(266	2	15	104	30	1)
v(267	1	11	38	22	2)
v(267	2	28	107	56	2)
v(267	3	29	84	58	2)
v(268	1	24	49	48	0)
v(269	1	17	100	34	2)
v(269	2	13	139	26	2)
v(269	3	17	90	34	2)
v(270	1	25	80	50	1)
v(270	2	23	31	46	1)
v(271	1	4	14	8	3)
v(271	2	6	26	12	2)
v(271	3	20	60	40	3)
v(271	4	26	98	52	2)
v(272	1	6	15	12	2)
v(272	2	21	49	42	2)
v(272	3	30	161	60	2)
v(273	1	22	27	44	4)
v(273	2	31	186	62	4)
v(273	3	23	65	46	4)
v(273	4	4	47	8	4)
v(273	5	29	125	58	4)
v(274	1	13	26	26	4)
v(274	2	9	27	18	4)
v(274	3	14	130	28	4)
v(274	4	23	169	46	4)
v(274	5	17	32	34	4)
v(275	1	29	85	58	1)
v(275	2	21	128	42	1)
v(276	1	5	163	10	2)
v(276	2	5	30	10	2)
v(276	3	12	14	24	2)
v(277	1	21	71	42	0)
v(278	1	8	82	16	4)
v(278	2	11	170	22	4)
v(278	3	19	105	38	4)
v(278	4	15	37	30	4)
v(278	5	23	183	46	4)
v(279	1	12	160	24	0)
v(280	1	28	130	56	4)
v(280	2	5	73	10	4)
v(280	3	14	90	28	4)
v(280	4	9	17	18	4)
v(280	5	20	56	40	4)
v(281	1	26	176	52	1)
v(281	2	6	19	12	1)
v(282	1	10	114	20	2)
v(282	2	2	47	4	3)
v(282	3	2	60	4	2)
v(282	4	9	116	18	3)
v(283	1	7	67	14	2)
v(283	2	3	112	6	2)
v(283	3	14	124	28	3)
v(283	4	17	112	34	3)
v(284	1	20	113	40	0)
v(285	1	9	35	18	0)
v(286	1	31	37	62	0)
v(287	1	31	167	62	3)
v(287	2	21	135	42	3)
v(287	3	31	191	62	4)
v(287	4	19	66	38	3)
v(287	5	11	100	22	3)
v(288	1	18	34	36	0)
v(289	1	1	95	2	1)
v(289	2	8	80	16	2)
v(289	3	23	147	46	1)
v(290	1	1	31	2	2)
v(290	2	8	36	16	2)
v(290	3	2	49	4	2)
v(291	1	2	98	4	3)
v(291	2	2	28	4	2)
v(291	3	1	73	2	2)
v(291	4	17	108	34	3)
v(292	1	28	109	56	3)
v(292	2	24	112	48	3)
v(292	3	31	33	62	3)
v(292	4	22	54	44	3)
v(293	1	7	55	14	4)
v(293	2	2	37	4	4)
v(293	3	24	174	48	4)
v(293	4	24	93	48	3)
v(293	5	8	71	16	3)
v(294	1	24	50	48	2)
v(294	2	15	97	30	2)
v(294	3	11	91	22	2)
v(295	1	26	127	52	1)
v(295	2	20	81	40	1)
v(296	1	28	97	56	4)
v(296	2	32	128	64	4)
v(296	3	17	135	34	4)
v(296	4	16	69	32	3)
v(296	5	18	85	36	3)
v(297	1	31	86	62	1)
v(297	2	15	140	30	1)
v(298	1	27	133	54	4)
v(298	2	13	66	26	4)
v(298	3	25	126	50	4)
v(298	4	16	144	32	4)
v(298	5	9	119	18	4)
v(299	1	28	143	56	2)
v(299	2	16	67	32	2)
v(299	3	17	25	34	2)
v(300	1	6	133	12	2)
v(300	2	25	122	50	2)
v(300	3	1	126	2	2)
v(301	1	7	135	14	0)
v(302	1	11	93	22	4)
v(302	2	18	160	36	3)
v(302	3	23	70	46	3)
v(302	4	6	35	12	4)
v(302	5	32	114	64	4)
v(303	1	30	53	60	3)
v(303	2	4	110	8	4)
v(303	3	20	81	40	3)
v(303	4	24	182	48	3)
v(303	5	13	147	26	3)
v(304	1	6	45	12	0)
v(305	1	4	41	8	0)
v(306	1	21	175	42	3)
v(306	2	11	94	22	4)
v(306	3	9	49	18	2)
v(306	4	6	54	12	4)
v(306	5	19	177	38	3)
v(307	1	3	71	6	3)
v(307	2	27	141	54	3)
v(307	3	11	86	22	3)
v(307	4	4	124	8	3)
v(308	1	21	23	42	4)
v(308	2	3	91	6	3)
v(308	3	24	178	48	3)
v(308	4	3	47	6	4)
v(308	5	3	107	6	2)
v(309	1	31	172	62	3)
v(309	2	8	46	16	3)
v(309	3	11	70	22	3)
v(309	4	14	153	28	3)
v(310	1	7	79	14	2)
v(310	2	7	120	14	2)
v(310	3	24	84	48	2)
v(311	1	30	109	60	1)
v(311	2	23	27	46	1)
v(312	1	15	142	30	3)
v(312	2	10	139	20	3)
v(312	3	8	104	16	3)
v(312	4	11	166	22	3)
v(313	1	32	143	64	0)
v(314	1	22	157	44	4)
v(314	2	8	144	16	3)
v(314	3	12	45	24	3)
v(314	4	32	57	64	4)
v(314	5	10	93	20	4)
v(315	1	19	129	38	1)
v(315	2	15	154	30	1)
v(316	1	20	98	40	4)
v(316	2	28	128	56	4)
v(316	3	17	19	34	4)
v(316	4	30	105	60	4)
v(316	5	2	79	4	4)
v(317	1	5	144	10	2)
v(317	2	4	132	8	2)
v(317	3	21	168	42	2)
v(318	1	24	79	48	1)
v(318	2	5	87	10	1)
v(319	1	27	166	54	0)
v(320	1	5	145	10	4)
v(320	2	7	67	14	4)
v(320	3	13	127	26	4)
v(320	4	17	109	34	4)
v(320	5	4	33	8	4)
v(321	1	21	180	42	2)
v(321	2	9	48	18	2)
v(321	3	18	116	36	2)
v(322	1	4	129	8	1)
v(322	2	22	179	44	1)
v(323	1	7	124	14	2)
v(323	2	1	116	2	2)
v(323	3	9	37	18	2)
v(324	1	3	136	6	3)
v(324	2	2	114	4	3)
v(324	3	31	57	62	3)
v(324	4	23	144	46	3)
v(325	1	14	130	28	0)
v(326	1	12	161	24	4)
v(326	2	15	67	30	4)
v(326	3	16	53	32	3)
v(326	4	29	172	58	3)
v(326	5	18	77	36	4)
v(327	1	30	111	60	0)
v(328	1	12	17	24	0)
v(329	1	13	106	26	1)
v(329	2	2	70	4	1)
v(330	1	32	108	64	1)
v(330	2	10	45	20	1)
v(331	1	25	170	50	1)
v(331	2	30	158	60	1)
v(332	1	14	145	28	4)
v(332	2	16	62	32	4)
v(332	3	19	166	38	3)
v(332	4	26	186	52	4)
v(332	5	15	37	30	3)
v(333	1	28	62	56	3)
v(333	2	32	117	64	3)
v(333	3	16	80	32	3)
v(333	4	8	100	16	3)
v(334	1	6	57	12	4)
v(334	2	14	69	28	4)
v(334	3	11	128	22	3)
v(334	4	1	107	2	3)
v(334	5	14	61	28	4)
v(335	1	24	120	48	3)
v(335	2	17	67	34	3)
v(335	3	10	56	20	3)
v(335	4	5	69	10	3)
v(336	1	25	35	50	4)
v(336	2	17	85	34	4)
v(336	3	6	30	12	4)
v(336	4	30	84	60	4)
v(336	5	31	40	62	4)
v(337	1	8	39	16	0)
v(338	1	32	34	64	0)
v(339	1	4	68	8	4)
v(339	2	27	103	54	4)
v(339	3	7	39	14	4)
v(339	4	11	62	22	4)
v(339	5	4	93	8	4)
v(340	1	1	118	2	2)
v(340	2	20	172	40	2)
v(340	3	6	17	12	2)
v(341	1	21	86	42	2)
v(341	2	22	103	44	2)
v(341	3	21	159	42	2)
v(342	1	26	72	52	3)
v(342	2	32	136	64	2)
v(342	3	6	92	12	2)
v(342	4	28	102	56	3)
v(343	1	1	26	2	0)
v(344	1	31	64	62	3)
v(344	2	18	166	36	4)
v(344	3	8	86	16	3)
v(344	4	17	74	34	2)
v(344	5	1	146	2	4)
v(345	1	3	47	6	2)
v(345	2	5	96	10	2)
v(345	3	5	58	10	2)
v(346	1	28	64	56	3)
v(346	2	2	13	4	4)
v(346	3	30	96	60	3)
v(346	4	20	64	40	2)
v(346	5	29	58	58	4)
v(347	1	1	71	2	1)
v(347	2	1	63	2	1)
v(348	1	23	39	46	1)
v(348	2	26	113	52	1)
v(349	1	19	49	38	2)
v(349	2	25	34	50	2)
v(349	3	3	44	6	2)
v(350	1	14	27	28	2)
v(350	2	9	115	18	3)
v(350	3	6	163	12	2)
v(350	4	2	21	4	3)
v(351	1	9	117	18	2)
v(351	2	26	142	52	2)
v(351	3	10	85	20	2)
v(352	1	18	118	36	1)
v(352	2	10	27	20	2)
v(352	3	6	156	12	1)
v(353	1	32	98	64	2)
v(353	2	2	45	4	2)
v(353	3	11	105	22	2)
v(354	1	21	168	42	0)
v(355	1	14	125	28	0)
v(356	1	20	88	40	2)
v(356	2	14	92	28	2)
v(356	3	19	54	38	2)
v(357	1	29	156	58	0)
v(358	1	1	47	2	2)
v(358	2	7	58	14	2)
v(358	3	26	73	52	2)
v(359	1	13	139	26	3)
v(359	2	14	27	28	3)
v(359	3	19	92	38	3)
v(359	4	29	113	58	3)
v(360	1	23	165	46	2)
v(360	2	11	46	22	2)
v(360	3	10	138	20	3)
v(360	4	23	171	46	3)
v(361	1	23	151	46	3)
v(361	2	23	133	46	3)
v(361	3	31	118	62	3)
v(361	4	5	151	10	3)
v(362	1	8	34	16	3)
v(362	2	19	75	38	3)
v(362	3	10	131	20	3)
v(362	4	9	91	18	3)
v(363	1	5	121	10	1)
v(363	2	9	43	18	1)
v(364	1	18	54	36	4)
v(364	2	13	18	26	4)
v(364	3	24	68	48	4)
v(364	4	26	163	52	4)
v(364	5	25	106	50	4)
v(365	1	25	116	50	2)
v(365	2	20	109	40	2)
v(365	3	18	117	36	2)
v(366	1	20	131	40	4)
v(366	2	8	153	16	4)
v(366	3	27	76	54	4)
v(366	4	2	74	4	4)
v(366	5	5	158	10	4)
v(367	1	5	119	10	1)
v(367	2	26	156	52	1)
v(368	1	3	64	6	1)
v(368	2	9	92	18	1)
v(369	1	21	92	42	2)
v(369	2	16	27	32	3)
v(369	3	7	139	14	2)
v(369	4	10	55	20	3)
v(370	1	6	102	12	0)
v(371	1	12	168	24	2)
v(371	2	6	32	12	2)
v(371	3	29	68	58	2)
v(372	1	15	124	30	3)
v(372	2	30	75	60	4)
v(372	3	10	133	20	4)
v(372	4	29	70	58	3)
v(372	5	4	37	8	4)
v(373	1	4	54	8	3)
v(373	2	19	170	38	3)
v(373	3	32	40	64	3)
v(373	4	25	169	50	3)
v(374	1	18	146	36	2)
v(374	2	4	47	8	2)
v(374	3	18	129	36	2)
v(374	4	31	62	62	2)
v(375	1	20	174	40	1)
v(375	2	7	89	14	1)
v(376	1	25	137	50	0)
v(376	2	6	156	12	0)
v(377	1	5	30	10	3)
v(377	2	3	27	6	3)
v(377	3	14	41	28	3)
v(377	4	8	75	16	3)
v(378	1	4	160	8	2)
v(378	2	9	89	18	3)
v(378	3	17	135	34	2)
v(378	4	25	135	50	3)
v(379	1	31	45	62	4)
v(379	2	17	23	34	3)
v(379	3	7	32	14	4)
v(379	4	21	136	42	4)
v(379	5	22	39	44	3)
v(380	1	9	31	18	3)
v(380	2	28	43	56	3)
v(380	3	29	92	58	3)
v(380	4	28	36	56	3)
v(381	1	21	71	42	0)
v(382	1	5	100	10	4)
v(382	2	29	153	58	4)
v(382	3	23	38	46	4)
v(382	4	10	14	20	4)
v(382	5	14	28	28	4)
v(383	1	29	90	58	0)
v(384	1	6	39	12	4)
v(384	2	3	94	6	4)
v(384	3	14	97	28	4)
v(384	4	28	124	56	4)
v(384	5	13	117	26	4)
v(385	1	19	30	38	0)
v(386	1	9	152	18	1)
v(386	2	14	84	28	1)
v(387	1	25	38	50	0)
v(388	1	18	157	36	2)
v(388	2	24	63	48	2)
v(388	3	20	55	40	2)
v(389	1	11	152	22	3)
v(389	2	26	40	52	3)
v(389	3	28	142	56	3)
v(389	4	10	161	20	3)
v(390	1	23	124	46	3)
v(390	2	3	73	6	3)
v(390	3	16	20	32	3)
v(390	4	6	66	12	3)
v(391	1	18	171	36	1)
v(391	2	16	90	32	1)
v(392	1	3	125	6	4)
v(392	2	18	90	36	4)
v(392	3	14	166	28	4)
v(392	4	9	28	18	4)
v(392	5	27	132	54	4)
v(393	1	19	125	38	0)
v(394	1	12	136	24	4)
v(394	2	24	57	48	4)
v(394	3	18	158	36	4)
v(394	4	30	46	60	4)
v(394	5	21	82	42	4)
v(395	1	4	152	8	2)
v(395	2	15	114	30	2)
v(395	3	2	4	4	2)
v(396	1	12	82	24	2)
v(396	2	6	60	12	2)
v(396	3	15	171	30	2)
v(397	1	29	99	58	4)
v(397	2	3	68	6	4)
v(397	3	26	36	52	4)
v(397	4	25	113	50	4)
v(397	5	23	93	46	4)
v(398	1	9	20	18	4)
v(398	2	21	35	42	4)
v(398	3	4	19	8	3)
v(398	4	17	122	34	3)
v(398	5	11	95	22	4)
v(399	1	7	23	14	1)
v(399	2	16	111	32	1)
v(400	1	25	89	50	0)
v(401	1	24	52	48	0)
v(402	1	3	85	6	0)
v(403	1	20	141	40	2)
v(403	2	11	141	22	2)
v(403	3	24	111	48	2)
v(404	1	18	30	36	0)
v(405	1	14	86	28	1)
v(405	2	2	116	4	1)
v(405	3	16	65	32	2)
v(406	1	18	158	36	2)
v(406	2	31	48	62	2)
v(406	3	3	98	6	2)
v(407	1	23	76	46	3)
v(407	2	11	70	22	3)
v(407	3	2	116	4	3)
v(407	4	22	70	44	3)
v(408	1	4	138	8	3)
v(408	2	8	9	16	3)
v(408	3	24	113	48	3)
v(408	4	8	134	16	3)
v(409	1	31	54	62	3)
v(409	2	5	115	10	3)
v(409	3	24	51	48	3)
v(409	4	12	164	24	3)
v(410	1	19	89	38	2)
v(410	2	9	103	18	2)
v(410	3	7	97	14	2)
v(411	1	8	51	16	3)
v(411	2	30	31	60	3)
v(411	3	32	181	64	3)
v(411	4	13	39	26	3)
v(412	1	5	137	10	2)
v(412	2	32	167	64	2)
v(412	3	14	151	28	2)
v(413	1	5	140	10	4)
v(413	2	4	129	8	4)
v(413	3	32	170	64	4)
v(413	4	28	108	56	4)
v(413	5	19	23	38	4)
v(414	1	19	31	38	0)
v(415	1	2	100	4	2)
v(415	2	25	74	50	2)
v(415	3	24	181	48	2)
v(416	1	3	17	6	2)
v(416	2	8	148	16	2)
v(416	3	19	99	38	2)
v(417	1	19	139	38	0)
v(418	1	6	45	12	2)
v(418	2	24	124	48	2)
v(418	3	12	143	24	2)
v(419	1	11	24	22	3)
v(419	2	32	179	64	3)
v(419	3	22	89	44	3)
v(419	4	13	82	26	3)
v(420	1	26	60	52	4)
v(420	2	28	86	56	4)
v(420	3	30	45	60	4)
v(420	4	19	82	38	4)
v(420	5	14	83	28	4)
v(421	1	25	105	50	1)
v(421	2	12	119	24	1)
v(422	1	7	133	14	3)
v(422	2	7	100	14	3)
v(422	3	4	83	8	3)
v(422	4	18	112	36	3)
v(423	1	17	36	34	2)
v(423	2	19	27	38	2)
v(423	3	6	67	12	2)
v(424	1	23	163	46	1)
v(424	2	2	38	4	1)
v(425	1	31	181	62	1)
v(425	2	23	49	46	2)
v(425	3	20	173	40	3)
v(425	4	21	111	42	2)
v(426	1	18	117	36	3)
v(426	2	20	118	40	3)
v(426	3	2	161	4	3)
v(426	4	19	58	38	3)
v(427	1	13	44	26	2)
v(427	2	4	74	8	2)
v(427	3	23	141	46	2)
v(428	1	18	24	36	0)
v(428	2	5	151	10	0)
v(429	1	11	62	22	1)
v(429	2	6	141	12	1)
v(430	1	15	75	30	2)
v(430	2	11	70	22	2)
v(430	3	8	27	16	2)
v(431	1	17	40	34	3)
v(431	2	7	143	14	2)
v(431	3	30	35	60	3)
v(431	4	11	16	22	2)
v(432	1	3	160	6	2)
v(432	2	24	129	48	2)
v(432	3	31	144	62	3)
v(432	4	2	123	4	3)
v(433	1	13	172	26	2)
v(433	2	16	110	32	1)
v(433	3	19	121	38	1)
v(434	1	3	146	6	4)
v(434	2	27	127	54	3)
v(434	3	29	178	58	4)
v(434	4	19	163	38	3)
v(434	5	16	75	32	4)
v(435	1	30	147	60	4)
v(435	2	20	126	40	4)
v(435	3	30	61	60	4)
v(435	4	21	87	42	4)
v(435	5	28	49	56	4)
v(436	1	25	36	50	3)
v(436	2	6	151	12	3)
v(436	3	19	21	38	3)
v(436	4	1	113	2	3)
v(436	5	4	53	8	4)
v(437	1	16	86	32	0)
v(438	1	16	151	32	1)
v(438	2	10	103	20	2)
v(438	3	31	143	62	1)
v(439	1	29	152	58	0)
v(440	1	28	86	56	2)
v(440	2	30	143	60	2)
v(440	3	32	39	64	2)
v(441	1	24	160	48	4)
v(441	2	2	44	4	3)
v(441	3	22	113	44	4)
v(441	4	8	54	16	4)
v(441	5	5	25	10	3)
v(442	1	16	65	32	1)
v(442	2	12	83	24	1)
v(443	1	20	28	40	3)
v(443	2	2	116	4	3)
v(443	3	22	179	44	3)
v(443	4	29	109	58	3)
v(444	1	21	89	42	1)
v(444	2	27	44	54	1)
v(445	1	13	159	26	2)
v(445	2	32	93	64	2)
v(445	3	22	89	44	2)
v(446	1	5	164	10	4)
v(446	2	26	105	52	4)
v(446	3	8	79	16	4)
v(446	4	17	143	34	4)
v(446	5	28	45	56	4)
v(447	1	15	136	30	0)
v(448	1	28	140	56	0)
v(449	1	13	109	26	3)
v(449	2	12	16	24	3)
v(449	3	10	151	20	3)
v(449	4	15	161	30	3)
v(450	1	9	145	18	0)
v(451	1	21	110	42	4)
v(451	2	30	33	60	4)
v(451	3	16	158	32	4)
v(451	4	7	14	14	4)
v(451	5	6	128	12	4)
v(452	1	22	89	44	2)
v(452	2	29	40	58	3)
v(452	3	17	57	34	2)
v(452	4	14	165	28	3)
v(453	1	17	97	34	4)
v(453	2	31	118	62	4)
v(453	3	25	148	50	4)
v(453	4	23	30	46	4)
v(453	5	8	115	16	4)
v(454	1	10	24	20	1)
v(454	2	12	91	24	1)
v(455	1	24	147	48	1)
v(455	2	11	79	22	1)
v(456	1	28	145	56	3)
v(456	2	15	115	30	3)
v(456	3	27	171	54	3)
v(456	4	6	29	12	3)
v(457	1	28	67	56	0)
v(458	1	8	22	16	4)
v(458	2	3	24	6	4)
v(458	3	31	155	62	4)
v(458	4	5	18	10	4)
v(458	5	23	166	46	4)
v(459	1	29	52	58	4)
v(459	2	30	97	60	4)
v(459	3	19	87	38	4)
v(459	4	13	62	26	3)
v(459	5	17	109	34	3)
v(460	1	14	135	28	0)
v(461	1	25	178	50	1)
v(461	2	10	68	20	1)
v(462	1	8	51	16	3)
v(462	2	19	34	38	3)
v(462	3	6	133	12	3)
v(462	4	10	152	20	3)
v(463	1	9	51	18	3)
v(463	2	23	167	46	3)
v(463	3	19	38	38	3)
v(463	4	16	134	32	3)
v(464	1	8	46	16	1)
v(464	2	18	113	36	1)
v(465	1	11	71	22	0)
v(466	1	28	64	56	3)
v(466	2	11	120	22	3)
v(466	3	1	31	2	3)
v(466	4	23	173	46	3)
v(467	1	28	53	56	1)
v(467	2	23	102	46	1)
v(467	3	8	157	16	2)
v(468	1	28	45	56	3)
v(468	2	6	60	12	3)
v(468	3	20	162	40	3)
v(468	4	5	93	10	3)
v(469	1	26	37	52	2)
v(469	2	14	122	28	2)
v(469	3	6	19	12	2)
v(470	1	26	104	52	1)
v(470	2	3	36	6	2)
v(470	3	27	165	54	1)
v(471	1	20	143	40	3)
v(471	2	26	35	52	4)
v(471	3	13	107	26	3)
v(471	4	25	29	50	4)
v(471	5	4	122	8	4)
v(472	1	1	136	2	2)
v(472	2	17	104	34	3)
v(472	3	1	133	2	2)
v(472	4	8	151	16	1)
v(473	1	24	137	48	0)
v(474	1	25	127	50	0)
v(475	1	6	103	12	3)
v(475	2	21	104	42	3)
v(475	3	23	30	46	3)
v(475	4	19	74	38	3)
v(476	1	28	166	56	0)
v(477	1	20	122	40	2)
v(477	2	27	147	54	3)
v(477	3	16	106	32	3)
v(477	4	26	126	52	2)
v(478	1	18	94	36	1)
v(478	2	1	7	2	1)
v(479	1	21	69	42	0)
v(480	1	23	164	46	2)
v(480	2	9	128	18	2)
v(480	3	17	46	34	2)
v(481	1	21	93	42	3)
v(481	2	1	56	2	3)
v(481	3	29	109	58	3)
v(481	4	14	54	28	3)
v(482	1	19	30	38	0)
v(482	2	28	34	56	0)
v(483	1	7	122	14	0)
v(484	1	6	86	12	4)
v(484	2	8	150	16	4)
v(484	3	21	73	42	4)
v(484	4	23	137	46	4)
v(484	5	32	80	64	4)
v(485	1	4	26	8	0)
v(486	1	31	146	62	2)
v(486	2	4	93	8	2)
v(486	3	8	132	16	2)
v(487	1	13	105	26	0)
v(488	1	14	33	28	3)
v(488	2	16	21	32	3)
v(488	3	3	120	6	4)
v(488	4	25	77	50	4)
v(488	5	17	109	34	4)
v(489	1	11	125	22	1)
v(489	2	29	138	58	1)
v(489	3	18	59	36	2)
v(490	1	14	68	28	0)
v(491	1	5	128	10	4)
v(491	2	17	125	34	4)
v(491	3	24	166	48	4)
v(491	4	1	64	2	4)
v(491	5	24	88	48	4)
v(492	1	15	120	30	0)
v(492	2	16	28	32	0)
v(493	1	12	158	24	4)
v(493	2	11	35	22	4)
v(493	3	16	105	32	4)
v(493	4	25	46	50	4)
v(493	5	13	148	26	4)
v(494	1	12	124	24	4)
v(494	2	31	59	62	4)
v(494	3	30	130	60	4)
v(494	4	6	37	12	4)
v(494	5	14	39	28	4)
v(495	1	1	101	2	2)
v(495	2	23	32	46	3)
v(495	3	26	45	52	2)
v(495	4	29	166	58	3)
v(496	1	12	167	24	1)
v(496	2	19	152	38	1)
v(497	1	7	147	14	0)
v(498	1	1	78	2	2)
v(498	2	12	85	24	2)
v(498	3	14	76	28	2)
v(499	1	5	148	10	2)
v(499	2	23	50	46	2)
v(499	3	8	27	16	2)
v(500	1	5	81	10	3)
v(500	2	1	15	2	3)
v(500	3	23	154	46	3)
v(500	4	6	23	12	3)
v(501	1	4	130	8	1)
v(501	2	28	126	56	1)
v(502	1	9	154	18	0)
v(503	1	17	108	34	1)
v(503	2	4	93	8	1)
v(504	1	18	62	36	1)
v(504	2	7	54	14	1)
v(504	3	14	43	28	2)
v(505	1	8	20	16	2)
v(505	2	23	61	46	2)
v(505	3	27	80	54	2)
v(506	1	20	135	40	0)
v(507	1	10	152	20	1)
v(507	2	22	87	44	1)
v(508	1	15	133	30	2)
v(508	2	12	88	24	2)
v(508	3	6	126	12	2)
v(509	1	29	66	58	4)
v(509	2	11	98	22	4)
v(509	3	5	95	10	4)
v(509	4	25	31	50	4)
v(509	5	21	78	42	4)
v(510	1	24	168	48	0)
v(511	1	22	136	44	4)
v(511	2	1	14	2	4)
v(511	3	5	32	10	4)
v(511	4	27	184	54	4)
v(511	5	12	147	24	4)
v(512	1	20	51	40	3)
v(512	2	30	89	60	3)
v(512	3	3	145	6	3)
v(512	4	11	139	22	3)
v(513	1	10	125	20	3)
v(513	2	1	104	2	3)
v(513	3	27	57	54	4)
v(513	4	7	112	14	4)
v(513	5	27	31	54	4)
v(514	1	19	102	38	3)
v(514	2	15	113	30	3)
v(514	3	10	99	20	3)
v(514	4	2	33	4	3)
v(515	1	25	167	50	3)
v(515	2	29	30	58	3)
v(515	3	11	81	22	3)
v(515	4	12	41	24	3)
v(516	1	14	91	28	2)
v(516	2	19	48	38	2)
v(516	3	10	64	20	2)
v(517	1	10	25	20	4)
v(517	2	3	148	6	4)
v(517	3	25	169	50	4)
v(517	4	31	102	62	4)
v(517	5	3	56	6	4)
v(518	1	12	116	24	2)
v(518	2	4	146	8	1)
v(518	3	9	58	18	1)
v(519	1	28	160	56	1)
v(519	2	16	112	32	1)
v(520	1	32	111	64	1)
v(520	2	6	40	12	2)
v(520	3	2	92	4	1)
v(521	1	27	30	54	3)
v(521	2	26	104	52	3)
v(521	3	26	122	52	3)
v(521	4	6	43	12	3)
v(522	1	2	154	4	3)
v(522	2	25	176	50	1)
v(522	3	31	115	62	3)
v(522	4	32	105	64	2)
v(522	5	15	168	30	1)
v(523	1	2	71	4	4)
v(523	2	3	162	6	4)
v(523	3	17	43	34	4)
v(523	4	26	161	52	4)
v(523	5	2	94	4	4)
v(524	1	21	58	42	3)
v(524	2	12	131	24	3)
v(524	3	2	102	4	3)
v(524	4	7	86	14	3)
v(525	1	10	137	20	0)
v(525	2	14	61	28	0)
v(526	1	22	51	44	2)
v(526	2	8	34	16	2)
v(526	3	32	192	64	2)
v(527	1	25	173	50	2)
v(527	2	21	146	42	2)
v(527	3	5	154	10	2)
v(528	1	28	61	56	1)
v(528	2	12	164	24	1)
v(529	1	26	151	52	1)
v(529	2	3	136	6	1)
v(530	1	13	35	26	2)
v(530	2	9	78	18	2)
v(530	3	4	116	8	2)
v(531	1	22	181	44	2)
v(531	2	7	36	14	2)
v(531	3	6	125	12	2)
v(532	1	9	74	18	2)
v(532	2	20	175	40	2)
v(532	3	15	113	30	2)
v(533	1	14	53	28	1)
v(533	2	29	104	58	1)
v(534	1	19	109	38	4)
v(534	2	9	159	18	4)
v(534	3	15	72	30	4)
v(534	4	18	143	36	4)
v(534	5	7	153	14	4)
v(535	1	14	170	28	1)
v(535	2	31	84	62	1)
v(536	1	19	26	38	4)
v(536	2	26	56	52	3)
v(536	3	23	85	46	3)
v(536	4	15	65	30	4)
v(536	5	17	94	34	4)
v(537	1	14	160	28	3)
v(537	2	3	41	6	3)
v(537	3	27	185	54	3)
v(537	4	5	44	10	3)
v(538	1	30	62	60	0)
v(539	1	1	150	2	3)
v(539	2	6	23	12	3)
v(539	3	28	75	56	3)
v(539	4	26	62	52	3)
v(540	1	1	142	2	0)
v(541	1	11	163	22	1)
v(541	2	13	84	26	1)
v(542	1	26	179	52	0)
v(543	1	21	61	42	2)
v(543	2	25	44	50	2)
v(543	3	24	181	48	2)
v(544	1	30	137	60	4)
v(544	2	23	117	46	4)
v(544	3	18	72	36	4)
v(544	4	17	28	34	4)
v(544	5	23	79	46	4)
v(545	1	5	30	10	3)
v(545	2	3	103	6	3)
v(545	3	24	34	48	3)
v(545	4	27	96	54	3)
v(546	1	20	97	40	0)
v(547	1	25	180	50	4)
v(547	2	28	107	56	4)
v(547	3	3	86	6	4)
v(547	4	23	155	46	4)
v(547	5	16	47	32	4)
v(548	1	21	73	42	3)
v(548	2	11	26	22	3)
v(548	3	1	78	2	3)
v(548	4	15	65	30	3)
v(549	1	13	152	26	3)
v(549	2	23	146	46	3)
v(549	3	11	21	22	3)
v(549	4	7	16	14	3)
v(550	1	12	106	24	1)
v(550	2	31	116	62	1)
v(551	1	8	113	16	1)
v(551	2	21	106	42	1)
v(552	1	28	171	56	2)
v(552	2	8	142	16	2)
v(552	3	10	111	20	2)
v(553	1	19	71	38	2)
v(553	2	20	89	40	2)
v(553	3	31	127	62	2)
v(554	1	5	162	10	1)
v(554	2	15	121	30	1)
v(555	1	25	114	50	2)
v(555	2	25	92	50	2)
v(555	3	22	178	44	2)
v(556	1	26	109	52	0)
v(557	1	2	64	4	2)
v(557	2	27	104	54	2)
v(557	3	6	11	12	2)
v(558	1	8	45	16	1)
v(558	2	31	168	62	1)
v(558	3	8	71	16	2)
v(559	1	11	75	22	2)
v(559	2	14	151	28	2)
v(559	3	15	152	30	2)
v(560	1	26	65	52	2)
v(560	2	19	34	38	2)
v(560	3	28	181	56	2)
v(561	1	12	29	24	4)
v(561	2	7	43	14	4)
v(561	3	19	147	38	4)
v(561	4	4	8	8	4)
v(561	5	18	61	36	4)
v(562	1	30	33	60	4)
v(562	2	12	54	24	3)
v(562	3	5	146	10	3)
v(562	4	21	105	42	4)
v(562	5	29	117	58	4)
v(563	1	2	86	4	4)
v(563	2	29	45	58	4)
v(563	3	25	96	50	4)
v(563	4	23	101	46	4)
v(563	5	27	93	54	4)
v(564	1	19	174	38	2)
v(564	2	22	90	44	2)
v(564	3	10	38	20	2)
v(565	1	30	125	60	4)
v(565	2	3	46	6	4)
v(565	3	10	143	20	4)
v(565	4	19	120	38	4)
v(565	5	26	101	52	4)
v(566	1	32	75	64	3)
v(566	2	30	37	60	3)
v(566	3	8	158	16	3)
v(566	4	2	44	4	3)
v(567	1	14	139	28	0)
v(568	1	25	26	50	4)
v(568	2	4	162	8	4)
v(568	3	19	100	38	3)
v(568	4	31	151	62	3)
v(568	5	24	68	48	4)
v(569	1	13	43	26	4)
v(569	2	19	144	38	4)
v(569	3	18	151	36	4)
v(569	4	28	156	56	3)
v(569	5	25	155	50	3)
v(570	1	11	109	22	3)
v(570	2	17	106	34	3)
v(570	3	29	64	58	3)
v(570	4	19	65	38	3)
v(571	1	21	56	42	1)
v(571	2	2	31	4	1)
v(572	1	19	53	38	3)
v(572	2	17	110	34	3)
v(572	3	25	65	50	3)
v(572	4	22	135	44	3)
v(573	1	5	123	10	2)
v(573	2	9	141	18	2)
v(573	3	31	145	62	2)
v(574	1	19	118	38	0)
v(575	1	15	51	30	3)
v(575	2	6	67	12	3)
v(575	3	8	59	16	3)
v(575	4	5	11	10	3)
v(576	1	19	99	38	2)
v(576	2	23	100	46	2)
v(576	3	11	118	22	2)
v(577	1	29	180	58	3)
v(577	2	12	135	24	3)
v(577	3	3	81	6	3)
v(577	4	22	104	44	3)
v(578	1	6	42	12	3)
v(578	2	21	150	42	3)
v(578	3	2	59	4	3)
v(578	4	30	93	60	3)
v(579	1	13	40	26	2)
v(579	2	5	63	10	2)
v(579	3	25	183	50	2)
v(580	1	6	114	12	4)
v(580	2	31	53	62	4)
v(580	3	7	32	14	4)
v(580	4	16	123	32	4)
v(580	5	1	116	2	4)
v(581	1	1	121	2	1)
v(581	2	2	69	4	1)
v(582	1	15	102	30	2)
v(582	2	2	31	4	2)
v(582	3	5	81	10	2)
v(583	1	4	120	8	0)
v(584	1	4	101	8	0)
v(585	1	27	131	54	4)
v(585	2	12	134	24	4)
v(585	3	21	68	42	4)
v(585	4	23	166	46	4)
v(585	5	31	129	62	4)
v(586	1	27	130	54	1)
v(586	2	19	166	38	1)
v(587	1	11	33	22	1)
v(587	2	26	44	52	1)
v(588	1	5	97	10	0)
v(588	2	7	126	14	0)
v(589	1	15	74	30	0)
v(590	1	1	5	2	0)
v(591	1	24	61	48	2)
v(591	2	9	39	18	2)
v(591	3	8	51	16	2)
v(592	1	31	102	62	1)
v(592	2	14	118	28	1)
v(593	1	9	91	18	2)
v(593	2	16	95	32	2)
v(593	3	10	116	20	2)
v(594	1	21	124	42	1)
v(594	2	18	32	36	1)
v(595	1	29	123	58	4)
v(595	2	12	114	24	3)
v(595	3	13	131	26	2)
v(595	4	16	96	32	4)
v(595	5	29	180	58	3)
v(596	1	22	88	44	1)
v(596	2	6	87	12	1)
v(597	1	16	163	32	0)
v(598	1	18	150	36	4)
v(598	2	11	80	22	4)
v(598	3	31	83	62	4)
v(598	4	24	121	48	4)
v(598	5	32	101	64	4)
v(599	1	4	41	8	4)
v(599	2	20	58	40	4)
v(599	3	30	103	60	4)
v(599	4	21	71	42	4)
v(599	5	20	130	40	4)
v(600	1	1	159	2	0)
e(1	1	2	70)
e(1	1	3	60)
e(1	2	3	120)
e(2	1	2	90)
e(2	2	3	70)
e(3	1	2	70)
e(4	1	2	80)
e(4	1	3	140)
e(4	2	3	40)
e(7	1	2	100)
e(7	1	3	20)
e(7	2	3	90)
e(9	1	2	40)
e(9	1	3	50)
e(9	2	3	100)
e(9	1	4	20)
e(9	2	4	120)
e(10	1	2	40)
e(10	1	3	90)
e(10	2	3	10)
e(10	1	4	150)
e(10	2	4	50)
e(10	3	4	100)
e(10	1	5	20)
e(10	2	5	140)
e(10	3	5	140)
e(10	4	5	20)
e(11	1	2	80)
e(11	1	3	100)
e(11	2	3	160)
e(11	1	4	20)
e(11	2	4	10)
e(11	3	4	100)
e(12	1	2	10)
e(12	1	3	60)
e(12	2	3	10)
e(13	1	2	130)
e(13	1	3	160)
e(13	2	3	160)
e(13	1	4	10)
e(13	2	4	130)
e(13	3	4	10)
e(14	1	2	150)
e(14	1	3	80)
e(14	2	3	120)
e(15	1	3	80)
e(15	2	3	130)
e(15	1	4	140)
e(15	2	4	70)
e(15	1	5	80)
e(15	2	5	150)
e(15	3	5	30)
e(15	4	5	150)
e(16	1	2	70)
e(16	1	3	40)
e(16	2	3	10)
e(16	1	4	90)
e(16	2	4	140)
e(16	3	4	30)
e(17	1	2	160)
e(17	1	3	70)
e(17	2	3	120)
e(17	1	4	60)
e(17	2	4	70)
e(17	3	4	90)
e(18	1	2	60)
e(20	1	2	70)
e(20	1	3	100)
e(20	2	3	150)
e(20	1	4	20)
e(20	2	4	60)
e(20	3	4	150)
e(20	1	5	130)
e(20	3	5	40)
e(20	4	5	40)
e(21	1	2	30)
e(21	1	3	70)
e(21	2	3	100)
e(21	1	4	70)
e(21	2	4	60)
e(21	3	4	100)
e(21	1	5	30)
e(21	2	5	40)
e(21	4	5	10)
e(22	1	2	50)
e(23	1	2	10)
e(23	1	3	140)
e(23	2	3	50)
e(24	1	2	30)
e(24	1	3	40)
e(24	2	3	80)
e(24	1	4	130)
e(24	2	4	10)
e(24	3	4	80)
e(25	1	2	30)
e(25	1	3	10)
e(26	1	2	10)
e(28	1	2	150)
e(28	1	3	160)
e(28	2	3	140)
e(28	1	4	10)
e(28	2	4	100)
e(28	3	4	30)
e(29	1	2	110)
e(30	1	2	50)
e(30	1	3	40)
e(30	2	3	20)
e(30	1	4	50)
e(30	2	4	70)
e(30	3	4	50)
e(31	1	2	110)
e(31	1	3	10)
e(31	2	3	90)
e(32	1	2	140)
e(32	1	3	80)
e(32	2	3	60)
e(32	1	4	20)
e(32	2	4	20)
e(32	3	4	100)
e(34	1	2	10)
e(34	1	3	30)
e(35	1	2	120)
e(35	1	3	40)
e(35	2	3	30)
e(35	1	4	30)
e(35	2	4	160)
e(35	3	4	90)
e(36	1	2	70)
e(39	1	2	20)
e(39	1	3	50)
e(39	2	3	30)
e(39	1	4	20)
e(39	2	4	40)
e(39	3	4	160)
e(40	1	2	160)
e(40	1	3	60)
e(40	2	3	40)
e(41	1	2	130)
e(41	1	3	110)
e(41	1	4	160)
e(41	2	4	10)
e(41	3	4	120)
e(42	1	2	20)
e(42	1	3	110)
e(42	2	3	20)
e(42	1	4	30)
e(42	2	4	160)
e(42	3	4	130)
e(42	1	5	60)
e(42	2	5	100)
e(42	4	5	60)
e(43	1	2	50)
e(43	1	3	40)
e(43	2	3	90)
e(44	1	2	10)
e(44	1	3	140)
e(44	2	3	120)
e(44	1	4	110)
e(44	2	4	120)
e(44	3	4	30)
e(44	1	5	120)
e(44	2	5	80)
e(44	3	5	80)
e(44	4	5	160)
e(45	1	2	10)
e(45	1	3	50)
e(45	2	3	20)
e(45	1	4	20)
e(45	2	4	40)
e(45	1	5	10)
e(45	2	5	60)
e(45	3	5	40)
e(45	4	5	20)
e(47	1	2	70)
e(47	1	3	60)
e(47	2	3	10)
e(47	1	4	70)
e(47	2	4	110)
e(47	3	4	60)
e(49	1	2	40)
e(51	1	2	90)
e(51	1	3	140)
e(51	2	3	40)
e(51	1	4	90)
e(51	2	4	120)
e(51	3	4	150)
e(52	1	2	110)
e(52	1	3	10)
e(53	1	2	90)
e(54	1	2	60)
e(54	1	3	90)
e(54	2	3	10)
e(54	1	4	30)
e(54	2	4	30)
e(54	3	4	160)
e(54	1	5	160)
e(54	3	5	80)
e(54	4	5	70)
e(56	1	2	40)
e(56	1	3	30)
e(58	1	2	160)
e(58	1	3	60)
e(58	2	3	80)
e(58	2	4	90)
e(58	3	4	90)
e(58	1	5	20)
e(58	2	5	90)
e(58	3	5	70)
e(58	4	5	160)
e(61	1	2	120)
e(61	2	3	60)
e(61	1	4	160)
e(61	3	4	130)
e(61	1	5	160)
e(61	2	5	20)
e(61	3	5	90)
e(61	4	5	130)
e(62	1	2	130)
e(62	1	3	60)
e(62	2	3	20)
e(63	1	2	20)
e(63	1	3	160)
e(63	2	3	20)
e(63	1	4	110)
e(63	2	4	110)
e(63	3	4	90)
e(64	1	2	130)
e(65	1	2	60)
e(65	1	3	140)
e(65	2	3	140)
e(66	1	2	100)
e(66	1	3	120)
e(66	2	3	70)
e(66	1	4	70)
e(66	2	4	70)
e(67	1	3	100)
e(67	2	3	110)
e(67	1	4	80)
e(67	2	4	140)
e(67	3	4	120)
e(68	1	2	160)
e(68	1	3	120)
e(68	2	3	140)
e(68	1	4	160)
e(68	2	4	150)
e(68	3	4	70)
e(69	1	2	120)
e(69	1	3	150)
e(69	2	3	30)
e(70	1	2	10)
e(70	1	3	140)
e(70	2	3	100)
e(70	1	4	90)
e(70	2	4	120)
e(70	3	4	160)
e(70	1	5	80)
e(70	2	5	160)
e(70	3	5	40)
e(70	4	5	130)
e(72	1	2	90)
e(72	1	3	90)
e(74	1	2	140)
e(74	1	3	160)
e(74	2	3	140)
e(76	1	2	30)
e(77	1	2	30)
e(77	1	3	100)
e(77	2	3	90)
e(77	1	4	30)
e(77	2	4	60)
e(77	3	4	40)
e(77	1	5	120)
e(77	2	5	40)
e(77	3	5	90)
e(77	4	5	150)
e(78	1	2	10)
e(79	1	2	50)
e(79	1	3	150)
e(79	2	3	130)
e(79	1	4	90)
e(79	2	4	50)
e(79	3	4	40)
e(79	1	5	70)
e(79	2	5	80)
e(79	3	5	100)
e(79	4	5	90)
e(80	1	2	140)
e(80	1	3	10)
e(80	1	4	70)
e(80	2	4	100)
e(80	3	4	120)
e(81	1	2	50)
e(82	1	2	140)
e(82	1	3	60)
e(82	2	3	160)
e(82	1	4	160)
e(82	2	4	90)
e(82	3	4	20)
e(83	1	2	130)
e(83	1	3	60)
e(83	2	3	90)
e(84	1	2	90)
e(84	1	3	80)
e(84	2	3	90)
e(84	1	4	130)
e(84	2	4	150)
e(84	3	4	120)
e(84	1	5	70)
e(84	4	5	30)
e(85	1	2	10)
e(85	1	3	20)
e(85	2	3	60)
e(86	1	2	50)
e(88	1	2	70)
e(88	1	3	160)
e(88	2	3	160)
e(89	1	2	160)
e(89	1	3	130)
e(89	2	3	130)
e(89	1	4	20)
e(89	3	4	160)
e(89	1	5	40)
e(89	3	5	20)
e(89	4	5	130)
e(90	1	2	120)
e(91	1	2	40)
e(91	1	3	30)
e(91	2	3	70)
e(92	1	2	50)
e(92	1	3	120)
e(92	2	3	60)
e(93	1	2	90)
e(94	1	3	90)
e(94	2	3	40)
e(94	1	4	120)
e(94	2	4	160)
e(94	3	4	100)
e(95	1	2	140)
e(95	1	3	80)
e(95	2	3	100)
e(95	1	4	130)
e(95	2	4	120)
e(95	1	5	110)
e(95	2	5	150)
e(95	3	5	110)
e(95	4	5	100)
e(100	1	2	10)
e(100	2	3	140)
e(100	1	4	60)
e(100	2	4	130)
e(100	3	4	110)
e(102	1	2	70)
e(102	1	3	80)
e(102	2	3	80)
e(103	1	2	160)
e(103	2	3	140)
e(104	1	2	80)
e(104	1	3	150)
e(104	2	3	140)
e(104	1	4	150)
e(104	2	4	90)
e(104	3	4	30)
e(105	1	2	140)
e(105	2	3	140)
e(105	2	4	120)
e(105	3	4	100)
e(107	1	2	80)
e(107	1	3	140)
e(107	2	3	150)
e(108	1	3	80)
e(108	2	3	90)
e(109	1	2	120)
e(109	1	3	50)
e(109	2	3	70)
e(110	1	2	130)
e(110	1	3	40)
e(110	2	3	40)
e(110	1	4	130)
e(110	2	4	130)
e(110	3	4	80)
e(110	1	5	40)
e(110	2	5	20)
e(110	3	5	90)
e(110	4	5	90)
e(111	1	2	160)
e(111	1	3	60)
e(111	2	3	20)
e(111	1	4	70)
e(111	2	4	90)
e(111	3	4	100)
e(111	1	5	130)
e(111	2	5	70)
e(111	3	5	150)
e(111	4	5	130)
e(112	1	2	100)
e(112	1	3	20)
e(112	2	3	50)
e(113	1	2	80)
e(113	1	3	110)
e(113	2	3	140)
e(113	1	4	30)
e(113	2	4	30)
e(113	3	4	100)
e(114	1	2	20)
e(114	1	3	130)
e(114	2	3	80)
e(115	1	2	20)
e(115	1	3	20)
e(115	2	3	130)
e(116	1	2	160)
e(116	1	3	110)
e(116	2	3	80)
e(116	1	4	90)
e(116	2	4	100)
e(116	3	4	50)
e(116	1	5	50)
e(116	2	5	120)
e(116	3	5	130)
e(116	4	5	120)
e(117	1	2	60)
e(120	1	2	160)
e(120	1	3	40)
e(120	2	3	80)
e(120	1	4	30)
e(120	2	4	80)
e(120	3	4	20)
e(121	1	2	10)
e(121	1	3	120)
e(121	2	3	160)
e(121	1	4	150)
e(121	2	4	120)
e(121	3	4	50)
e(121	1	5	100)
e(121	2	5	120)
e(121	3	5	10)
e(122	1	2	120)
e(122	1	3	30)
e(122	2	3	40)
e(122	1	4	130)
e(122	2	4	100)
e(122	1	5	10)
e(122	2	5	120)
e(122	3	5	40)
e(122	4	5	130)
e(123	1	2	80)
e(123	1	3	100)
e(123	2	3	130)
e(123	1	4	80)
e(123	2	4	100)
e(124	1	2	110)
e(124	1	3	60)
e(124	2	3	10)
e(124	1	4	140)
e(124	2	4	30)
e(124	3	4	140)
e(125	1	2	110)
e(125	1	3	90)
e(125	2	3	110)
e(125	2	4	150)
e(125	3	4	40)
e(125	2	5	100)
e(125	3	5	130)
e(125	4	5	20)
e(126	1	2	60)
e(126	1	3	130)
e(126	2	3	110)
e(126	1	4	10)
e(126	2	4	90)
e(126	3	4	50)
e(126	1	5	40)
e(126	2	5	20)
e(126	3	5	40)
e(126	4	5	30)
e(127	1	2	70)
e(128	1	2	150)
e(132	1	2	110)
e(132	2	3	60)
e(132	1	4	10)
e(132	2	4	100)
e(132	3	4	90)
e(134	1	3	70)
e(134	2	3	110)
e(135	1	2	10)
e(135	1	3	120)
e(135	2	3	20)
e(135	1	4	110)
e(135	2	4	100)
e(135	3	4	60)
e(136	1	2	30)
e(137	1	2	90)
e(138	1	2	80)
e(138	1	3	110)
e(138	2	3	90)
e(138	2	4	120)
e(138	3	4	160)
e(138	2	5	160)
e(138	4	5	40)
e(139	1	2	30)
e(141	1	2	80)
e(141	1	3	140)
e(141	2	3	60)
e(143	1	2	140)
e(143	1	3	160)
e(143	2	3	30)
e(143	1	4	20)
e(143	2	4	70)
e(143	3	4	20)
e(143	1	5	80)
e(143	2	5	160)
e(143	3	5	150)
e(143	4	5	100)
e(144	1	2	40)
e(144	1	3	80)
e(144	2	3	140)
e(145	1	2	60)
e(145	1	3	130)
e(145	2	3	40)
e(149	1	2	140)
e(149	1	3	90)
e(149	2	3	150)
e(149	1	4	10)
e(149	2	4	150)
e(149	3	4	110)
e(149	1	5	150)
e(149	2	5	120)
e(149	3	5	30)
e(149	4	5	10)
e(150	1	2	160)
e(150	2	3	60)
e(151	1	2	30)
e(151	1	3	140)
e(151	2	3	50)
e(152	1	2	100)
e(152	1	3	110)
e(152	2	3	30)
e(152	1	4	20)
e(152	2	4	140)
e(152	3	4	90)
e(152	1	5	40)
e(152	2	5	160)
e(152	3	5	10)
e(156	1	2	100)
e(156	1	3	130)
e(156	2	3	130)
e(156	1	4	20)
e(156	2	4	160)
e(156	3	4	10)
e(157	1	2	20)
e(157	1	3	10)
e(157	2	3	120)
e(158	1	2	120)
e(158	1	3	120)
e(158	2	3	10)
e(158	1	4	140)
e(158	2	4	160)
e(158	3	4	10)
e(160	1	2	100)
e(160	2	3	150)
e(161	1	2	90)
e(161	1	3	10)
e(161	2	3	70)
e(161	1	4	10)
e(161	2	4	20)
e(161	3	4	110)
e(161	2	5	50)
e(161	3	5	60)
e(161	4	5	80)
e(162	1	2	110)
e(162	1	3	140)
e(162	2	3	160)
e(162	1	4	40)
e(162	2	4	30)
e(162	3	4	40)
e(163	1	2	150)
e(163	1	3	20)
e(163	2	3	30)
e(164	1	2	120)
e(164	1	3	90)
e(164	2	3	30)
e(164	1	4	110)
e(164	2	4	130)
e(164	3	4	120)
e(164	1	5	110)
e(164	2	5	150)
e(164	3	5	130)
e(164	4	5	150)
e(165	1	2	130)
e(165	1	3	60)
e(165	2	3	10)
e(165	1	4	90)
e(165	2	4	160)
e(165	3	4	20)
e(165	1	5	150)
e(165	2	5	130)
e(165	3	5	70)
e(165	4	5	60)
e(166	1	2	100)
e(166	1	3	120)
e(166	2	3	150)
e(166	1	4	10)
e(166	2	4	70)
e(166	3	4	140)
e(167	1	2	70)
e(167	1	3	10)
e(167	2	3	150)
e(167	1	4	90)
e(167	2	4	20)
e(167	3	4	140)
e(167	2	5	30)
e(167	3	5	140)
e(167	4	5	70)
e(168	1	2	20)
e(168	1	3	150)
e(169	1	2	80)
e(170	1	2	160)
e(170	1	3	40)
e(170	1	4	150)
e(170	2	4	80)
e(170	3	4	90)
e(170	1	5	90)
e(170	2	5	20)
e(170	3	5	120)
e(170	4	5	160)
e(171	1	2	60)
e(172	1	2	70)
e(172	1	3	30)
e(172	2	3	70)
e(172	2	4	110)
e(172	3	4	110)
e(173	1	2	20)
e(173	1	3	150)
e(173	2	3	60)
e(173	1	4	90)
e(173	2	4	150)
e(173	3	4	110)
e(173	1	5	50)
e(173	2	5	120)
e(173	3	5	60)
e(173	4	5	120)
e(176	1	2	60)
e(176	1	3	30)
e(176	2	3	160)
e(176	2	4	140)
e(176	3	4	30)
e(177	1	2	20)
e(177	1	3	80)
e(177	2	3	110)
e(177	1	4	20)
e(177	2	4	100)
e(177	3	4	80)
e(177	1	5	10)
e(177	2	5	140)
e(177	3	5	40)
e(177	4	5	40)
e(178	1	2	60)
e(178	1	3	160)
e(178	2	3	10)
e(179	1	2	10)
e(180	1	2	80)
e(180	1	3	160)
e(180	2	3	20)
e(180	1	4	70)
e(180	2	4	80)
e(180	3	4	160)
e(182	1	2	150)
e(182	1	3	110)
e(182	2	3	40)
e(182	2	4	160)
e(182	3	4	120)
e(182	1	5	10)
e(182	2	5	150)
e(182	3	5	60)
e(182	4	5	160)
e(183	1	2	100)
e(183	1	3	30)
e(183	2	3	160)
e(183	1	4	130)
e(183	2	4	90)
e(183	3	4	120)
e(185	1	2	20)
e(185	1	3	10)
e(185	2	3	140)
e(185	1	4	130)
e(185	2	4	10)
e(185	3	4	40)
e(186	1	2	150)
e(187	1	2	150)
e(187	2	3	120)
e(187	1	4	50)
e(187	2	4	50)
e(187	3	4	50)
e(187	2	5	150)
e(187	3	5	110)
e(187	4	5	120)
e(188	1	2	160)
e(188	1	3	70)
e(189	1	2	100)
e(189	1	3	100)
e(189	2	3	80)
e(190	1	2	130)
e(190	1	3	20)
e(190	2	3	90)
e(191	1	2	10)
e(191	1	3	140)
e(191	2	3	130)
e(192	1	2	150)
e(192	1	3	150)
e(192	2	3	160)
e(192	1	4	110)
e(192	2	4	120)
e(192	3	4	150)
e(193	1	2	80)
e(193	1	3	30)
e(193	2	3	90)
e(193	1	4	110)
e(193	2	4	150)
e(193	3	4	40)
e(195	1	2	160)
e(195	1	3	40)
e(195	2	3	30)
e(195	1	4	150)
e(195	2	4	90)
e(195	3	4	160)
e(195	1	5	80)
e(195	2	5	110)
e(195	3	5	70)
e(195	4	5	120)
e(197	1	2	140)
e(197	1	3	10)
e(197	2	3	100)
e(197	1	4	100)
e(197	2	4	90)
e(197	3	4	100)
e(197	1	5	10)
e(197	2	5	70)
e(197	3	5	110)
e(197	4	5	30)
e(198	1	2	10)
e(198	1	3	160)
e(198	2	3	160)
e(198	1	4	50)
e(198	2	4	140)
e(198	3	4	20)
e(199	1	2	50)
e(199	1	3	160)
e(199	2	3	30)
e(199	1	4	110)
e(199	2	4	20)
e(199	3	4	60)
e(200	1	2	40)
e(203	1	2	110)
e(203	1	3	10)
e(203	2	3	130)
e(203	1	4	100)
e(203	2	4	100)
e(203	3	4	120)
e(204	1	2	80)
e(204	1	3	100)
e(204	2	3	40)
e(204	1	4	80)
e(204	2	4	90)
e(204	3	4	130)
e(204	2	5	10)
e(204	3	5	160)
e(204	4	5	130)
e(205	1	2	140)
e(205	1	3	70)
e(205	2	3	120)
e(205	1	4	150)
e(205	2	4	90)
e(205	3	4	150)
e(206	1	2	20)
e(206	1	3	110)
e(206	2	3	120)
e(206	1	4	160)
e(206	2	4	150)
e(206	3	4	110)
e(206	2	5	130)
e(206	3	5	30)
e(206	4	5	90)
e(207	1	2	110)
e(207	1	3	20)
e(207	2	3	120)
e(207	1	4	140)
e(207	2	4	50)
e(207	3	4	10)
e(207	1	5	40)
e(207	2	5	90)
e(207	3	5	110)
e(207	4	5	60)
e(209	1	2	160)
e(209	1	3	30)
e(209	2	3	10)
e(209	1	4	100)
e(209	2	4	110)
e(209	3	4	70)
e(209	1	5	110)
e(209	2	5	160)
e(209	3	5	10)
e(209	4	5	150)
e(210	1	2	120)
e(210	1	3	100)
e(210	2	3	130)
e(210	2	4	160)
e(210	3	4	90)
e(210	1	5	100)
e(210	2	5	100)
e(210	3	5	10)
e(210	4	5	150)
e(212	1	2	130)
e(212	1	3	30)
e(212	2	3	50)
e(212	1	4	140)
e(212	3	4	140)
e(212	1	5	150)
e(212	2	5	50)
e(212	3	5	50)
e(212	4	5	30)
e(213	1	2	110)
e(213	1	3	20)
e(213	2	3	80)
e(213	1	4	70)
e(213	2	4	100)
e(213	3	4	60)
e(213	1	5	100)
e(213	2	5	10)
e(213	3	5	100)
e(213	4	5	60)
e(214	1	2	140)
e(214	1	3	130)
e(214	2	3	120)
e(214	1	4	150)
e(214	2	4	150)
e(214	3	4	140)
e(215	1	2	100)
e(215	1	3	100)
e(215	2	3	20)
e(216	1	2	80)
e(217	1	2	90)
e(217	1	3	10)
e(217	2	3	100)
e(217	1	4	110)
e(217	2	4	130)
e(217	3	4	150)
e(218	1	2	30)
e(218	1	3	100)
e(218	2	3	40)
e(219	1	2	150)
e(220	1	2	40)
e(222	1	2	70)
e(223	1	2	70)
e(223	1	3	60)
e(223	2	3	80)
e(224	1	2	80)
e(224	1	3	160)
e(224	2	3	120)
e(224	1	4	10)
e(224	2	4	90)
e(224	3	4	110)
e(224	1	5	140)
e(224	2	5	60)
e(224	3	5	160)
e(225	1	2	60)
e(225	1	3	100)
e(225	2	3	140)
e(225	1	4	110)
e(225	2	4	100)
e(225	3	4	120)
e(227	1	2	40)
e(227	2	3	130)
e(227	1	4	50)
e(227	2	4	140)
e(227	3	4	100)
e(228	1	2	70)
e(228	2	3	110)
e(228	1	4	40)
e(228	2	4	30)
e(228	3	4	30)
e(229	1	2	60)
e(229	1	3	10)
e(229	2	3	30)
e(229	1	4	160)
e(229	2	4	110)
e(229	3	4	160)
e(229	1	5	110)
e(229	2	5	140)
e(229	3	5	120)
e(229	4	5	20)
e(230	1	2	30)
e(230	1	3	140)
e(230	2	3	70)
e(230	1	4	120)
e(230	2	4	40)
e(230	3	4	10)
e(231	1	2	60)
e(231	1	3	20)
e(231	1	4	110)
e(231	2	4	40)
e(231	3	4	130)
e(232	1	2	40)
e(233	1	2	130)
e(233	1	3	160)
e(233	2	3	20)
e(234	1	3	20)
e(234	2	3	150)
e(234	1	4	80)
e(234	2	4	160)
e(234	3	4	20)
e(234	1	5	10)
e(234	2	5	50)
e(234	3	5	10)
e(234	4	5	20)
e(236	1	2	50)
e(236	1	3	110)
e(236	2	3	80)
e(236	1	4	40)
e(236	2	4	70)
e(236	3	4	30)
e(236	1	5	80)
e(236	2	5	80)
e(236	3	5	80)
e(236	4	5	90)
e(237	1	2	70)
e(237	1	3	10)
e(237	2	3	100)
e(238	1	2	120)
e(238	1	3	60)
e(238	2	3	70)
e(238	2	4	110)
e(238	3	4	110)
e(238	1	5	40)
e(238	2	5	90)
e(238	3	5	70)
e(238	4	5	120)
e(240	1	2	120)
e(240	1	3	50)
e(240	2	3	80)
e(240	1	4	160)
e(240	2	4	110)
e(240	3	4	60)
e(241	1	2	130)
e(241	2	3	60)
e(241	1	4	150)
e(241	2	4	30)
e(241	3	4	130)
e(242	1	2	80)
e(242	1	3	90)
e(242	2	3	80)
e(242	1	4	30)
e(242	2	4	150)
e(242	3	4	100)
e(243	1	2	140)
e(243	1	3	120)
e(243	2	3	90)
e(243	1	4	100)
e(243	3	4	20)
e(245	1	2	80)
e(246	1	2	40)
e(246	1	3	30)
e(246	2	3	90)
e(247	1	2	150)
e(250	1	2	40)
e(250	1	3	30)
e(250	2	3	90)
e(250	1	4	40)
e(250	2	4	110)
e(250	3	4	100)
e(251	1	2	30)
e(251	1	3	120)
e(251	2	3	10)
e(253	1	2	60)
e(253	1	3	130)
e(253	2	3	80)
e(253	1	4	20)
e(253	2	4	100)
e(253	3	4	120)
e(253	1	5	50)
e(253	2	5	160)
e(253	3	5	30)
e(253	4	5	90)
e(254	1	2	50)
e(254	1	3	160)
e(254	2	3	80)
e(254	1	4	10)
e(254	2	4	70)
e(254	3	4	80)
e(256	1	2	160)
e(257	1	2	20)
e(257	1	3	20)
e(257	2	3	70)
e(257	1	4	80)
e(257	2	4	160)
e(257	3	4	40)
e(258	1	2	110)
e(258	1	4	160)
e(258	2	4	30)
e(258	3	4	140)
e(259	1	2	140)
e(259	1	3	150)
e(259	2	3	160)
e(260	1	2	10)
e(260	1	3	40)
e(260	2	3	80)
e(260	1	4	150)
e(260	2	4	40)
e(260	3	4	150)
e(261	1	2	110)
e(261	1	3	40)
e(261	2	3	70)
e(262	1	2	30)
e(262	1	3	100)
e(262	2	3	30)
e(262	1	4	90)
e(262	2	4	40)
e(262	3	4	140)
e(263	1	2	50)
e(263	1	3	140)
e(263	2	3	30)
e(263	1	4	100)
e(263	2	4	40)
e(263	3	4	90)
e(263	1	5	160)
e(263	2	5	160)
e(263	3	5	70)
e(263	4	5	40)
e(265	1	2	90)
e(265	1	3	70)
e(265	1	4	60)
e(265	2	4	60)
e(265	3	4	80)
e(265	1	5	130)
e(265	2	5	110)
e(265	3	5	130)
e(266	1	2	50)
e(267	1	2	40)
e(267	1	3	160)
e(267	2	3	100)
e(269	1	2	120)
e(269	1	3	50)
e(269	2	3	100)
e(270	1	2	20)
e(271	1	2	70)
e(271	1	3	50)
e(271	2	3	70)
e(271	1	4	160)
e(271	3	4	50)
e(272	1	2	70)
e(272	1	3	20)
e(272	2	3	70)
e(273	1	2	40)
e(273	1	3	100)
e(273	2	3	60)
e(273	1	4	20)
e(273	2	4	70)
e(273	3	4	110)
e(273	1	5	120)
e(273	2	5	120)
e(273	3	5	90)
e(273	4	5	60)
e(274	1	2	50)
e(274	1	3	120)
e(274	2	3	70)
e(274	1	4	130)
e(274	2	4	40)
e(274	3	4	90)
e(274	1	5	20)
e(274	2	5	160)
e(274	3	5	140)
e(274	4	5	30)
e(275	1	2	130)
e(276	1	2	30)
e(276	1	3	100)
e(276	2	3	10)
e(278	1	2	140)
e(278	1	3	20)
e(278	2	3	90)
e(278	1	4	130)
e(278	2	4	60)
e(278	3	4	110)
e(278	1	5	50)
e(278	2	5	10)
e(278	3	5	80)
e(278	4	5	80)
e(280	1	2	120)
e(280	1	3	90)
e(280	2	3	20)
e(280	1	4	160)
e(280	2	4	10)
e(280	3	4	90)
e(280	1	5	60)
e(280	2	5	90)
e(280	3	5	150)
e(280	4	5	120)
e(281	1	2	90)
e(282	1	2	20)
e(282	2	3	40)
e(282	1	4	10)
e(282	2	4	160)
e(282	3	4	100)
e(283	1	3	10)
e(283	2	3	40)
e(283	1	4	40)
e(283	2	4	50)
e(283	3	4	20)
e(287	1	2	30)
e(287	1	3	140)
e(287	2	3	20)
e(287	2	4	10)
e(287	3	4	110)
e(287	1	5	150)
e(287	3	5	140)
e(287	4	5	160)
e(289	1	2	40)
e(289	2	3	150)
e(290	1	2	150)
e(290	1	3	30)
e(290	2	3	50)
e(291	1	2	130)
e(291	1	3	40)
e(291	1	4	110)
e(291	2	4	20)
e(291	3	4	140)
e(292	1	2	160)
e(292	1	3	160)
e(292	2	3	130)
e(292	1	4	40)
e(292	2	4	110)
e(292	3	4	60)
e(293	1	2	160)
e(293	1	3	160)
e(293	2	3	60)
e(293	1	4	40)
e(293	2	4	110)
e(293	3	4	160)
e(293	1	5	120)
e(293	2	5	110)
e(293	3	5	110)
e(294	1	2	10)
e(294	1	3	50)
e(294	2	3	130)
e(295	1	2	120)
e(296	1	2	50)
e(296	1	3	140)
e(296	2	3	30)
e(296	1	4	70)
e(296	2	4	10)
e(296	3	4	100)
e(296	1	5	150)
e(296	2	5	60)
e(296	3	5	140)
e(297	1	2	20)
e(298	1	2	40)
e(298	1	3	150)
e(298	2	3	140)
e(298	1	4	100)
e(298	2	4	20)
e(298	3	4	70)
e(298	1	5	20)
e(298	2	5	70)
e(298	3	5	50)
e(298	4	5	140)
e(299	1	2	40)
e(299	1	3	110)
e(299	2	3	120)
e(300	1	2	50)
e(300	1	3	120)
e(300	2	3	40)
e(302	1	2	150)
e(302	1	3	10)
e(302	1	4	160)
e(302	2	4	90)
e(302	3	4	60)
e(302	1	5	110)
e(302	2	5	60)
e(302	3	5	130)
e(302	4	5	70)
e(303	1	2	30)
e(303	2	3	90)
e(303	1	4	60)
e(303	2	4	150)
e(303	3	4	40)
e(303	1	5	160)
e(303	2	5	150)
e(303	3	5	160)
e(306	1	2	40)
e(306	2	3	110)
e(306	1	4	60)
e(306	2	4	60)
e(306	3	4	130)
e(306	1	5	150)
e(306	2	5	20)
e(306	4	5	40)
e(307	1	2	80)
e(307	1	3	30)
e(307	2	3	10)
e(307	1	4	160)
e(307	2	4	120)
e(307	3	4	120)
e(308	1	2	120)
e(308	1	3	160)
e(308	2	3	100)
e(308	1	4	50)
e(308	2	4	60)
e(308	3	4	120)
e(308	1	5	40)
e(308	4	5	90)
e(309	1	2	120)
e(309	1	3	150)
e(309	2	3	30)
e(309	1	4	10)
e(309	2	4	120)
e(309	3	4	140)
e(310	1	2	80)
e(310	1	3	20)
e(310	2	3	70)
e(311	1	2	150)
e(312	1	2	130)
e(312	1	3	80)
e(312	2	3	10)
e(312	1	4	90)
e(312	2	4	130)
e(312	3	4	100)
e(314	1	2	60)
e(314	1	3	70)
e(314	1	4	40)
e(314	2	4	100)
e(314	3	4	110)
e(314	1	5	150)
e(314	2	5	160)
e(314	3	5	90)
e(314	4	5	40)
e(315	1	2	80)
e(316	1	2	140)
e(316	1	3	60)
e(316	2	3	120)
e(316	1	4	60)
e(316	2	4	60)
e(316	3	4	110)
e(316	1	5	130)
e(316	2	5	30)
e(316	3	5	110)
e(316	4	5	80)
e(317	1	2	70)
e(317	1	3	20)
e(317	2	3	70)
e(318	1	2	20)
e(320	1	2	130)
e(320	1	3	30)
e(320	2	3	20)
e(320	1	4	120)
e(320	2	4	100)
e(320	3	4	70)
e(320	1	5	100)
e(320	2	5	70)
e(320	3	5	130)
e(320	4	5	150)
e(321	1	2	50)
e(321	1	3	30)
e(321	2	3	40)
e(322	1	2	90)
e(323	1	2	140)
e(323	1	3	110)
e(323	2	3	130)
e(324	1	2	160)
e(324	1	3	80)
e(324	2	3	150)
e(324	1	4	150)
e(324	2	4	150)
e(324	3	4	10)
e(326	1	2	130)
e(326	1	3	100)
e(326	2	3	100)
e(326	1	4	20)
e(326	2	4	110)
e(326	1	5	70)
e(326	2	5	20)
e(326	3	5	90)
e(326	4	5	100)
e(329	1	2	20)
e(330	1	2	150)
e(331	1	2	110)
e(332	1	2	40)
e(332	1	3	90)
e(332	2	3	90)
e(332	1	4	50)
e(332	2	4	20)
e(332	3	4	50)
e(332	1	5	50)
e(332	2	5	90)
e(332	4	5	110)
e(333	1	2	50)
e(333	1	3	10)
e(333	2	3	50)
e(333	1	4	160)
e(333	2	4	90)
e(333	3	4	30)
e(334	1	2	100)
e(334	1	3	100)
e(334	2	3	130)
e(334	1	4	130)
e(334	2	4	60)
e(334	1	5	50)
e(334	2	5	70)
e(334	3	5	70)
e(334	4	5	110)
e(335	1	2	10)
e(335	1	3	10)
e(335	2	3	140)
e(335	1	4	50)
e(335	2	4	40)
e(335	3	4	60)
e(336	1	2	30)
e(336	1	3	40)
e(336	2	3	110)
e(336	1	4	70)
e(336	2	4	100)
e(336	3	4	150)
e(336	1	5	150)
e(336	2	5	90)
e(336	3	5	150)
e(336	4	5	30)
e(339	1	2	110)
e(339	1	3	80)
e(339	2	3	100)
e(339	1	4	70)
e(339	2	4	60)
e(339	3	4	80)
e(339	1	5	110)
e(339	2	5	70)
e(339	3	5	120)
e(339	4	5	30)
e(340	1	2	90)
e(340	1	3	120)
e(340	2	3	110)
e(341	1	2	10)
e(341	1	3	110)
e(341	2	3	110)
e(342	1	2	120)
e(342	1	3	90)
e(342	1	4	10)
e(342	2	4	60)
e(342	3	4	50)
e(344	1	2	130)
e(344	1	3	70)
e(344	2	3	10)
e(344	2	4	60)
e(344	1	5	50)
e(344	2	5	130)
e(344	3	5	110)
e(344	4	5	10)
e(345	1	2	160)
e(345	1	3	50)
e(345	2	3	60)
e(346	1	2	70)
e(346	1	3	100)
e(346	2	3	100)
e(346	2	4	80)
e(346	1	5	80)
e(346	2	5	100)
e(346	3	5	130)
e(346	4	5	150)
e(347	1	2	30)
e(348	1	2	60)
e(349	1	2	50)
e(349	1	3	160)
e(349	2	3	40)
e(350	1	2	40)
e(350	2	3	30)
e(350	1	4	70)
e(350	2	4	60)
e(350	3	4	50)
e(351	1	2	140)
e(351	1	3	20)
e(351	2	3	40)
e(352	1	2	80)
e(352	2	3	100)
e(353	1	2	100)
e(353	1	3	150)
e(353	2	3	130)
e(356	1	2	40)
e(356	1	3	90)
e(356	2	3	120)
e(358	1	2	50)
e(358	1	3	150)
e(358	2	3	10)
e(359	1	2	10)
e(359	1	3	150)
e(359	2	3	90)
e(359	1	4	70)
e(359	2	4	80)
e(359	3	4	130)
e(360	1	3	40)
e(360	2	3	100)
e(360	1	4	40)
e(360	2	4	80)
e(360	3	4	80)
e(361	1	2	40)
e(361	1	3	130)
e(361	2	3	80)
e(361	1	4	10)
e(361	2	4	140)
e(361	3	4	30)
e(362	1	2	100)
e(362	1	3	40)
e(362	2	3	160)
e(362	1	4	30)
e(362	2	4	60)
e(362	3	4	130)
e(363	1	2	130)
e(364	1	2	140)
e(364	1	3	110)
e(364	2	3	80)
e(364	1	4	80)
e(364	2	4	80)
e(364	3	4	90)
e(364	1	5	100)
e(364	2	5	100)
e(364	3	5	100)
e(364	4	5	70)
e(365	1	2	150)
e(365	1	3	140)
e(365	2	3	40)
e(366	1	2	20)
e(366	1	3	120)
e(366	2	3	20)
e(366	1	4	40)
e(366	2	4	130)
e(366	3	4	10)
e(366	1	5	60)
e(366	2	5	90)
e(366	3	5	160)
e(366	4	5	140)
e(367	1	2	40)
e(368	1	2	130)
e(369	1	2	40)
e(369	2	3	110)
e(369	1	4	150)
e(369	2	4	20)
e(369	3	4	70)
e(371	1	2	40)
e(371	1	3	110)
e(371	2	3	80)
e(372	1	2	60)
e(372	1	3	60)
e(372	2	3	90)
e(372	2	4	140)
e(372	3	4	100)
e(372	1	5	20)
e(372	2	5	90)
e(372	3	5	80)
e(372	4	5	80)
e(373	1	2	20)
e(373	1	3	150)
e(373	2	3	90)
e(373	1	4	20)
e(373	2	4	90)
e(373	3	4	20)
e(374	1	2	160)
e(374	1	3	110)
e(374	2	4	90)
e(374	3	4	10)
e(375	1	2	20)
e(377	1	2	70)
e(377	1	3	120)
e(377	2	3	90)
e(377	1	4	30)
e(377	2	4	130)
e(377	3	4	90)
e(378	1	2	130)
e(378	2	3	110)
e(378	1	4	50)
e(378	2	4	70)
e(378	3	4	30)
e(379	1	2	60)
e(379	1	3	20)
e(379	2	3	120)
e(379	1	4	120)
e(379	2	4	150)
e(379	3	4	130)
e(379	1	5	50)
e(379	3	5	10)
e(379	4	5	120)
e(380	1	2	160)
e(380	1	3	60)
e(380	2	3	10)
e(380	1	4	90)
e(380	2	4	60)
e(380	3	4	110)
e(382	1	2	110)
e(382	1	3	90)
e(382	2	3	70)
e(382	1	4	140)
e(382	2	4	130)
e(382	3	4	30)
e(382	1	5	140)
e(382	2	5	10)
e(382	3	5	30)
e(382	4	5	20)
e(384	1	2	150)
e(384	1	3	100)
e(384	2	3	60)
e(384	1	4	140)
e(384	2	4	160)
e(384	3	4	160)
e(384	1	5	90)
e(384	2	5	50)
e(384	3	5	60)
e(384	4	5	160)
e(386	1	2	100)
e(388	1	2	10)
e(388	1	3	160)
e(388	2	3	10)
e(389	1	2	100)
e(389	1	3	150)
e(389	2	3	60)
e(389	1	4	50)
e(389	2	4	130)
e(389	3	4	10)
e(390	1	2	100)
e(390	1	3	50)
e(390	2	3	20)
e(390	1	4	20)
e(390	2	4	110)
e(390	3	4	110)
e(391	1	2	90)
e(392	1	2	90)
e(392	1	3	80)
e(392	2	3	120)
e(392	1	4	120)
e(392	2	4	40)
e(392	3	4	50)
e(392	1	5	90)
e(392	2	5	80)
e(392	3	5	90)
e(392	4	5	10)
e(394	1	2	110)
e(394	1	3	50)
e(394	2	3	100)
e(394	1	4	160)
e(394	2	4	30)
e(394	3	4	80)
e(394	1	5	120)
e(394	2	5	30)
e(394	3	5	70)
e(394	4	5	20)
e(395	1	2	130)
e(395	1	3	150)
e(395	2	3	150)
e(396	1	2	30)
e(396	1	3	10)
e(396	2	3	80)
e(397	1	2	100)
e(397	1	3	130)
e(397	2	3	160)
e(397	1	4	20)
e(397	2	4	100)
e(397	3	4	70)
e(397	1	5	120)
e(397	2	5	160)
e(397	3	5	10)
e(397	4	5	110)
e(398	1	2	80)
e(398	1	3	80)
e(398	2	3	130)
e(398	1	4	60)
e(398	2	4	30)
e(398	1	5	10)
e(398	2	5	160)
e(398	3	5	120)
e(398	4	5	60)
e(399	1	2	110)
e(403	1	2	80)
e(403	1	3	90)
e(403	2	3	10)
e(405	1	3	40)
e(405	2	3	40)
e(406	1	2	80)
e(406	1	3	40)
e(406	2	3	80)
e(407	1	2	70)
e(407	1	3	20)
e(407	2	3	90)
e(407	1	4	80)
e(407	2	4	130)
e(407	3	4	160)
e(408	1	2	150)
e(408	1	3	20)
e(408	2	3	130)
e(408	1	4	40)
e(408	2	4	30)
e(408	3	4	120)
e(409	1	2	120)
e(409	1	3	30)
e(409	2	3	80)
e(409	1	4	10)
e(409	2	4	140)
e(409	3	4	100)
e(410	1	2	100)
e(410	1	3	60)
e(410	2	3	120)
e(411	1	2	120)
e(411	1	3	70)
e(411	2	3	80)
e(411	1	4	110)
e(411	2	4	40)
e(411	3	4	120)
e(412	1	2	130)
e(412	1	3	50)
e(412	2	3	130)
e(413	1	2	10)
e(413	1	3	50)
e(413	2	3	70)
e(413	1	4	160)
e(413	2	4	10)
e(413	3	4	130)
e(413	1	5	110)
e(413	2	5	100)
e(413	3	5	60)
e(413	4	5	110)
e(415	1	2	40)
e(415	1	3	120)
e(415	2	3	10)
e(416	1	2	70)
e(416	1	3	160)
e(416	2	3	20)
e(418	1	2	60)
e(418	1	3	60)
e(418	2	3	10)
e(419	1	2	40)
e(419	1	3	90)
e(419	2	3	130)
e(419	1	4	90)
e(419	2	4	20)
e(419	3	4	160)
e(420	1	2	10)
e(420	1	3	30)
e(420	2	3	120)
e(420	1	4	90)
e(420	2	4	110)
e(420	3	4	60)
e(420	1	5	110)
e(420	2	5	150)
e(420	3	5	40)
e(420	4	5	60)
e(421	1	2	100)
e(422	1	2	30)
e(422	1	3	140)
e(422	2	3	120)
e(422	1	4	110)
e(422	2	4	20)
e(422	3	4	60)
e(423	1	2	100)
e(423	1	3	130)
e(423	2	3	50)
e(424	1	2	10)
e(425	1	3	100)
e(425	2	3	20)
e(425	2	4	40)
e(425	3	4	30)
e(426	1	2	70)
e(426	1	3	120)
e(426	2	3	130)
e(426	1	4	140)
e(426	2	4	80)
e(426	3	4	70)
e(427	1	2	50)
e(427	1	3	40)
e(427	2	3	10)
e(429	1	2	80)
e(430	1	2	130)
e(430	1	3	40)
e(430	2	3	140)
e(431	1	2	40)
e(431	1	3	90)
e(431	2	3	10)
e(431	1	4	130)
e(431	3	4	110)
e(432	1	3	30)
e(432	2	3	140)
e(432	1	4	130)
e(432	2	4	100)
e(432	3	4	60)
e(433	1	2	60)
e(433	1	3	50)
e(434	1	2	10)
e(434	1	3	30)
e(434	2	3	60)
e(434	1	4	80)
e(434	3	4	150)
e(434	1	5	90)
e(434	2	5	140)
e(434	3	5	90)
e(434	4	5	10)
e(435	1	2	140)
e(435	1	3	80)
e(435	2	3	90)
e(435	1	4	70)
e(435	2	4	90)
e(435	3	4	30)
e(435	1	5	140)
e(435	2	5	100)
e(435	3	5	90)
e(435	4	5	110)
e(436	1	2	10)
e(436	1	3	110)
e(436	2	4	80)
e(436	3	4	110)
e(436	1	5	30)
e(436	2	5	60)
e(436	3	5	30)
e(436	4	5	60)
e(438	1	2	50)
e(438	2	3	160)
e(440	1	2	150)
e(440	1	3	100)
e(440	2	3	160)
e(441	1	2	30)
e(441	1	3	120)
e(441	2	3	110)
e(441	1	4	70)
e(441	2	4	60)
e(441	3	4	10)
e(441	1	5	20)
e(441	3	5	60)
e(441	4	5	20)
e(442	1	2	40)
e(443	1	2	140)
e(443	1	3	130)
e(443	2	3	70)
e(443	1	4	160)
e(443	2	4	100)
e(443	3	4	50)
e(444	1	2	150)
e(445	1	2	150)
e(445	1	3	40)
e(445	2	3	130)
e(446	1	2	110)
e(446	1	3	40)
e(446	2	3	50)
e(446	1	4	80)
e(446	2	4	130)
e(446	3	4	40)
e(446	1	5	60)
e(446	2	5	40)
e(446	3	5	100)
e(446	4	5	70)
e(449	1	2	130)
e(449	1	3	100)
e(449	2	3	20)
e(449	1	4	70)
e(449	2	4	40)
e(449	3	4	70)
e(451	1	2	110)
e(451	1	3	60)
e(451	2	3	30)
e(451	1	4	140)
e(451	2	4	140)
e(451	3	4	70)
e(451	1	5	160)
e(451	2	5	90)
e(451	3	5	60)
e(451	4	5	110)
e(452	1	2	130)
e(452	2	3	150)
e(452	1	4	30)
e(452	2	4	90)
e(452	3	4	110)
e(453	1	2	20)
e(453	1	3	80)
e(453	2	3	70)
e(453	1	4	100)
e(453	2	4	30)
e(453	3	4	100)
e(453	1	5	50)
e(453	2	5	140)
e(453	3	5	160)
e(453	4	5	110)
e(454	1	2	10)
e(455	1	2	60)
e(456	1	2	120)
e(456	1	3	130)
e(456	2	3	160)
e(456	1	4	50)
e(456	2	4	10)
e(456	3	4	160)
e(458	1	2	160)
e(458	1	3	60)
e(458	2	3	50)
e(458	1	4	120)
e(458	2	4	50)
e(458	3	4	70)
e(458	1	5	160)
e(458	2	5	150)
e(458	3	5	110)
e(458	4	5	120)
e(459	1	2	110)
e(459	1	3	10)
e(459	2	3	100)
e(459	1	4	20)
e(459	2	4	110)
e(459	3	4	80)
e(459	1	5	140)
e(459	2	5	80)
e(459	3	5	140)
e(461	1	2	20)
e(462	1	2	120)
e(462	1	3	70)
e(462	2	3	120)
e(462	1	4	80)
e(462	2	4	30)
e(462	3	4	160)
e(463	1	2	30)
e(463	1	3	90)
e(463	2	3	40)
e(463	1	4	150)
e(463	2	4	20)
e(463	3	4	110)
e(464	1	2	130)
e(466	1	2	160)
e(466	1	3	110)
e(466	2	3	30)
e(466	1	4	160)
e(466	2	4	100)
e(466	3	4	70)
e(467	1	3	120)
e(467	2	3	150)
e(468	1	2	30)
e(468	1	3	60)
e(468	2	3	130)
e(468	1	4	80)
e(468	2	4	20)
e(468	3	4	120)
e(469	1	2	100)
e(469	1	3	150)
e(469	2	3	20)
e(470	1	2	160)
e(470	2	3	110)
e(471	1	2	90)
e(471	2	3	150)
e(471	1	4	30)
e(471	2	4	70)
e(471	3	4	110)
e(471	1	5	20)
e(471	2	5	140)
e(471	3	5	20)
e(471	4	5	100)
e(472	1	2	40)
e(472	1	3	100)
e(472	2	3	120)
e(472	2	4	10)
e(475	1	2	140)
e(475	1	3	110)
e(475	2	3	70)
e(475	1	4	130)
e(475	2	4	130)
e(475	3	4	100)
e(477	1	2	160)
e(477	1	3	30)
e(477	2	3	130)
e(477	2	4	10)
e(477	3	4	90)
e(478	1	2	100)
e(480	1	2	90)
e(480	1	3	60)
e(480	2	3	110)
e(481	1	2	110)
e(481	1	3	60)
e(481	2	3	100)
e(481	1	4	160)
e(481	2	4	150)
e(481	3	4	120)
e(484	1	2	30)
e(484	1	3	60)
e(484	2	3	20)
e(484	1	4	160)
e(484	2	4	100)
e(484	3	4	60)
e(484	1	5	120)
e(484	2	5	80)
e(484	3	5	130)
e(484	4	5	120)
e(486	1	2	10)
e(486	1	3	50)
e(486	2	3	40)
e(488	1	3	160)
e(488	2	3	30)
e(488	1	4	10)
e(488	2	4	120)
e(488	3	4	110)
e(488	1	5	50)
e(488	2	5	30)
e(488	3	5	30)
e(488	4	5	110)
e(489	1	3	100)
e(489	2	3	60)
e(491	1	2	90)
e(491	1	3	10)
e(491	2	3	140)
e(491	1	4	90)
e(491	2	4	130)
e(491	3	4	140)
e(491	1	5	20)
e(491	2	5	90)
e(491	3	5	110)
e(491	4	5	10)
e(493	1	2	10)
e(493	1	3	130)
e(493	2	3	30)
e(493	1	4	90)
e(493	2	4	140)
e(493	3	4	160)
e(493	1	5	140)
e(493	2	5	40)
e(493	3	5	70)
e(493	4	5	120)
e(494	1	2	10)
e(494	1	3	130)
e(494	2	3	100)
e(494	1	4	60)
e(494	2	4	10)
e(494	3	4	50)
e(494	1	5	60)
e(494	2	5	10)
e(494	3	5	50)
e(494	4	5	70)
e(495	1	2	130)
e(495	2	3	120)
e(495	1	4	30)
e(495	2	4	80)
e(495	3	4	80)
e(496	1	2	160)
e(498	1	2	90)
e(498	1	3	90)
e(498	2	3	150)
e(499	1	2	110)
e(499	1	3	50)
e(499	2	3	70)
e(500	1	2	10)
e(500	1	3	60)
e(500	2	3	140)
e(500	1	4	30)
e(500	2	4	150)
e(500	3	4	60)
e(501	1	2	100)
e(503	1	2	110)
e(504	1	3	110)
e(504	2	3	120)
e(505	1	2	100)
e(505	1	3	140)
e(505	2	3	10)
e(507	1	2	160)
e(508	1	2	70)
e(508	1	3	10)
e(508	2	3	130)
e(509	1	2	10)
e(509	1	3	70)
e(509	2	3	70)
e(509	1	4	160)
e(509	2	4	140)
e(509	3	4	150)
e(509	1	5	90)
e(509	2	5	40)
e(509	3	5	50)
e(509	4	5	40)
e(511	1	2	120)
e(511	1	3	50)
e(511	2	3	150)
e(511	1	4	160)
e(511	2	4	80)
e(511	3	4	80)
e(511	1	5	50)
e(511	2	5	60)
e(511	3	5	80)
e(511	4	5	110)
e(512	1	2	140)
e(512	1	3	130)
e(512	2	3	130)
e(512	1	4	60)
e(512	2	4	110)
e(512	3	4	130)
e(513	1	3	60)
e(513	2	3	20)
e(513	1	4	40)
e(513	2	4	10)
e(513	3	4	130)
e(513	1	5	10)
e(513	2	5	10)
e(513	3	5	20)
e(513	4	5	100)
e(514	1	2	40)
e(514	1	3	20)
e(514	2	3	160)
e(514	1	4	100)
e(514	2	4	120)
e(514	3	4	140)
e(515	1	2	150)
e(515	1	3	120)
e(515	2	3	110)
e(515	1	4	40)
e(515	2	4	10)
e(515	3	4	10)
e(516	1	2	40)
e(516	1	3	140)
e(516	2	3	50)
e(517	1	2	130)
e(517	1	3	90)
e(517	2	3	10)
e(517	1	4	20)
e(517	2	4	160)
e(517	3	4	130)
e(517	1	5	40)
e(517	2	5	20)
e(517	3	5	40)
e(517	4	5	60)
e(518	1	2	110)
e(518	1	3	120)
e(519	1	2	90)
e(520	1	2	40)
e(520	2	3	80)
e(521	1	2	120)
e(521	1	3	140)
e(521	2	3	150)
e(521	1	4	160)
e(521	2	4	150)
e(521	3	4	120)
e(522	1	3	80)
e(522	2	3	60)
e(522	1	4	160)
e(522	3	4	70)
e(522	1	5	70)
e(523	1	2	50)
e(523	1	3	160)
e(523	2	3	120)
e(523	1	4	100)
e(523	2	4	150)
e(523	3	4	140)
e(523	1	5	130)
e(523	2	5	110)
e(523	3	5	70)
e(523	4	5	100)
e(524	1	2	10)
e(524	1	3	100)
e(524	2	3	150)
e(524	1	4	60)
e(524	2	4	30)
e(524	3	4	90)
e(526	1	2	30)
e(526	1	3	140)
e(526	2	3	120)
e(527	1	2	160)
e(527	1	3	10)
e(527	2	3	150)
e(528	1	2	150)
e(529	1	2	10)
e(530	1	2	90)
e(530	1	3	40)
e(530	2	3	110)
e(531	1	2	70)
e(531	1	3	80)
e(531	2	3	50)
e(532	1	2	30)
e(532	1	3	80)
e(532	2	3	30)
e(533	1	2	20)
e(534	1	2	160)
e(534	1	3	150)
e(534	2	3	160)
e(534	1	4	90)
e(534	2	4	140)
e(534	3	4	30)
e(534	1	5	120)
e(534	2	5	150)
e(534	3	5	90)
e(534	4	5	30)
e(535	1	2	80)
e(536	1	2	70)
e(536	1	3	160)
e(536	1	4	110)
e(536	2	4	130)
e(536	3	4	70)
e(536	1	5	30)
e(536	2	5	60)
e(536	3	5	80)
e(536	4	5	60)
e(537	1	2	50)
e(537	1	3	20)
e(537	2	3	120)
e(537	1	4	20)
e(537	2	4	120)
e(537	3	4	90)
e(539	1	2	50)
e(539	1	3	130)
e(539	2	3	10)
e(539	1	4	30)
e(539	2	4	20)
e(539	3	4	60)
e(541	1	2	100)
e(543	1	2	130)
e(543	1	3	140)
e(543	2	3	40)
e(544	1	2	100)
e(544	1	3	50)
e(544	2	3	90)
e(544	1	4	90)
e(544	2	4	100)
e(544	3	4	110)
e(544	1	5	90)
e(544	2	5	10)
e(544	3	5	90)
e(544	4	5	160)
e(545	1	2	20)
e(545	1	3	70)
e(545	2	3	130)
e(545	1	4	110)
e(545	2	4	150)
e(545	3	4	50)
e(547	1	2	130)
e(547	1	3	40)
e(547	2	3	90)
e(547	1	4	90)
e(547	2	4	150)
e(547	3	4	130)
e(547	1	5	50)
e(547	2	5	30)
e(547	3	5	20)
e(547	4	5	10)
e(548	1	2	80)
e(548	1	3	80)
e(548	2	3	150)
e(548	1	4	90)
e(548	2	4	10)
e(548	3	4	10)
e(549	1	2	130)
e(549	1	3	110)
e(549	2	3	100)
e(549	1	4	60)
e(549	2	4	80)
e(549	3	4	60)
e(550	1	2	60)
e(551	1	2	60)
e(552	1	2	50)
e(552	1	3	90)
e(552	2	3	50)
e(553	1	2	40)
e(553	1	3	80)
e(553	2	3	80)
e(554	1	2	130)
e(555	1	2	160)
e(555	1	3	10)
e(555	2	3	30)
e(557	1	2	130)
e(557	1	3	60)
e(557	2	3	30)
e(558	1	3	70)
e(558	2	3	10)
e(559	1	2	130)
e(559	1	3	150)
e(559	2	3	110)
e(560	1	2	160)
e(560	1	3	110)
e(560	2	3	130)
e(561	1	2	60)
e(561	1	3	80)
e(561	2	3	60)
e(561	1	4	10)
e(561	2	4	20)
e(561	3	4	90)
e(561	1	5	10)
e(561	2	5	160)
e(561	3	5	70)
e(561	4	5	150)
e(562	1	2	30)
e(562	1	3	40)
e(562	1	4	160)
e(562	2	4	120)
e(562	3	4	60)
e(562	1	5	80)
e(562	2	5	60)
e(562	3	5	120)
e(562	4	5	130)
e(563	1	2	10)
e(563	1	3	10)
e(563	2	3	160)
e(563	1	4	20)
e(563	2	4	110)
e(563	3	4	110)
e(563	1	5	30)
e(563	2	5	30)
e(563	3	5	40)
e(563	4	5	140)
e(564	1	2	20)
e(564	1	3	140)
e(564	2	3	140)
e(565	1	2	50)
e(565	1	3	40)
e(565	2	3	10)
e(565	1	4	10)
e(565	2	4	150)
e(565	3	4	40)
e(565	1	5	60)
e(565	2	5	60)
e(565	3	5	120)
e(565	4	5	10)
e(566	1	2	80)
e(566	1	3	150)
e(566	2	3	90)
e(566	1	4	130)
e(566	2	4	160)
e(566	3	4	130)
e(568	1	2	60)
e(568	1	3	90)
e(568	2	3	100)
e(568	1	4	160)
e(568	2	4	70)
e(568	1	5	40)
e(568	2	5	20)
e(568	3	5	50)
e(568	4	5	30)
e(569	1	2	150)
e(569	1	3	50)
e(569	2	3	150)
e(569	1	4	160)
e(569	2	4	130)
e(569	3	4	30)
e(569	1	5	150)
e(569	2	5	100)
e(569	3	5	160)
e(570	1	2	60)
e(570	1	3	90)
e(570	2	3	160)
e(570	1	4	20)
e(570	2	4	50)
e(570	3	4	130)
e(571	1	2	70)
e(572	1	2	100)
e(572	1	3	50)
e(572	2	3	40)
e(572	1	4	160)
e(572	2	4	40)
e(572	3	4	80)
e(573	1	2	70)
e(573	1	3	10)
e(573	2	3	150)
e(575	1	2	40)
e(575	1	3	50)
e(575	2	3	100)
e(575	1	4	50)
e(575	2	4	50)
e(575	3	4	130)
e(576	1	2	70)
e(576	1	3	40)
e(576	2	3	140)
e(577	1	2	30)
e(577	1	3	130)
e(577	2	3	10)
e(577	1	4	120)
e(577	2	4	130)
e(577	3	4	60)
e(578	1	2	10)
e(578	1	3	50)
e(578	2	3	20)
e(578	1	4	30)
e(578	2	4	120)
e(578	3	4	70)
e(579	1	2	40)
e(579	1	3	80)
e(579	2	3	50)
e(580	1	2	50)
e(580	1	3	110)
e(580	2	3	30)
e(580	1	4	140)
e(580	2	4	110)
e(580	3	4	160)
e(580	1	5	100)
e(580	2	5	100)
e(580	3	5	50)
e(580	4	5	100)
e(581	1	2	130)
e(582	1	2	130)
e(582	1	3	150)
e(582	2	3	10)
e(585	1	2	20)
e(585	1	3	10)
e(585	2	3	140)
e(585	1	4	80)
e(585	2	4	40)
e(585	3	4	70)
e(585	1	5	160)
e(585	2	5	30)
e(585	3	5	50)
e(585	4	5	20)
e(586	1	2	80)
e(587	1	2	60)
e(591	1	2	40)
e(591	1	3	50)
e(591	2	3	100)
e(592	1	2	110)
e(593	1	2	140)
e(593	1	3	160)
e(593	2	3	40)
e(594	1	2	30)
e(595	1	2	50)
e(595	1	3	70)
e(595	1	4	130)
e(595	2	4	20)
e(595	3	4	70)
e(595	1	5	20)
e(595	2	5	150)
e(595	4	5	150)
e(596	1	2	60)
e(598	1	2	80)
e(598	1	3	10)
e(598	2	3	50)
e(598	1	4	40)
e(598	2	4	150)
e(598	3	4	120)
e(598	1	5	10)
e(598	2	5	30)
e(598	3	5	60)
e(598	4	5	20)
e(599	1	2	100)
e(599	1	3	150)
e(599	2	3	90)
e(599	1	4	100)
e(599	2	4	70)
e(599	3	4	20)
e(599	1	5	90)
e(599	2	5	40)
e(599	3	5	30)
e(599	4	5	100)
