600

d(1	21	24	4	200000.0)
d(2	15	20	4	200000.0)
d(3	10	18	2	200000.0)
d(4	9	16	3	200000.0)
d(5	8	19	4	200000.0)
d(6	2	7	3	200000.0)
d(7	8	22	5	200000.0)
d(8	22	22	1	200000.0)
d(9	20	21	4	200000.0)
d(10	3	7	1	200000.0)
d(11	21	24	1	200000.0)
d(12	24	24	3	200000.0)
d(13	14	20	5	200000.0)
d(14	11	24	4	200000.0)
d(15	21	22	3	200000.0)
d(16	15	21	1	200000.0)
d(17	20	22	2	200000.0)
d(18	24	24	5	200000.0)
d(19	4	6	2	200000.0)
d(20	19	22	2	200000.0)
d(21	10	24	3	200000.0)
d(22	16	16	2	200000.0)
d(23	23	23	3	200000.0)
d(24	1	8	4	200000.0)
d(25	23	23	1	200000.0)
d(26	6	7	5	200000.0)
d(27	12	22	5	200000.0)
d(28	17	18	1	200000.0)
d(29	10	10	3	200000.0)
d(30	14	15	4	200000.0)
d(31	5	19	4	200000.0)
d(32	11	17	4	200000.0)
d(33	7	24	2	200000.0)
d(34	23	24	5	200000.0)
d(35	18	22	2	200000.0)
d(36	16	19	1	200000.0)
d(37	6	15	2	200000.0)
d(38	14	15	3	200000.0)
d(39	13	14	3	200000.0)
d(40	4	12	2	200000.0)
d(41	1	13	1	200000.0)
d(42	13	17	3	200000.0)
d(43	15	18	3	200000.0)
d(44	21	22	3	200000.0)
d(45	22	23	4	200000.0)
d(46	12	16	5	200000.0)
d(47	17	23	4	200000.0)
d(48	10	19	3	200000.0)
d(49	8	20	2	200000.0)
d(50	23	23	3	200000.0)
d(51	20	21	4	200000.0)
d(52	18	20	5	200000.0)
d(53	14	15	4	200000.0)
d(54	7	19	2	200000.0)
d(55	6	20	3	200000.0)
d(56	24	24	4	200000.0)
d(57	4	11	4	200000.0)
d(58	9	20	4	200000.0)
d(59	10	13	3	200000.0)
d(60	14	21	5	200000.0)
d(61	22	24	4	200000.0)
d(62	11	11	1	200000.0)
d(63	1	15	1	200000.0)
d(64	20	24	3	200000.0)
d(65	21	23	5	200000.0)
d(66	7	9	3	200000.0)
d(67	20	23	5	200000.0)
d(68	16	24	2	200000.0)
d(69	16	24	5	200000.0)
d(70	7	9	5	200000.0)
d(71	15	22	2	200000.0)
d(72	13	18	3	200000.0)
d(73	13	21	3	200000.0)
d(74	1	16	3	200000.0)
d(75	15	23	3	200000.0)
d(76	23	24	5	200000.0)
d(77	20	20	5	200000.0)
d(78	7	21	3	200000.0)
d(79	6	11	1	200000.0)
d(80	9	14	4	200000.0)
d(81	24	24	1	200000.0)
d(82	1	14	3	200000.0)
d(83	8	15	2	200000.0)
d(84	17	21	2	200000.0)
d(85	2	9	5	200000.0)
d(86	7	14	3	200000.0)
d(87	15	20	5	200000.0)
d(88	9	16	1	200000.0)
d(89	15	18	4	200000.0)
d(90	14	16	4	200000.0)
d(91	22	22	3	200000.0)
d(92	22	24	1	200000.0)
d(93	3	14	5	200000.0)
d(94	10	10	1	200000.0)
d(95	17	17	5	200000.0)
d(96	17	22	2	200000.0)
d(97	14	18	2	200000.0)
d(98	4	22	5	200000.0)
d(99	6	24	5	200000.0)
d(100	22	22	3	200000.0)
d(101	21	21	5	200000.0)
d(102	18	23	2	200000.0)
d(103	13	21	2	200000.0)
d(104	5	18	3	200000.0)
d(105	9	14	3	200000.0)
d(106	20	20	3	200000.0)
d(107	6	13	2	200000.0)
d(108	21	22	4	200000.0)
d(109	21	24	4	200000.0)
d(110	12	12	1	200000.0)
d(111	3	18	2	200000.0)
d(112	24	24	1	200000.0)
d(113	8	17	1	200000.0)
d(114	21	23	4	200000.0)
d(115	7	10	3	200000.0)
d(116	10	10	4	200000.0)
d(117	22	23	1	200000.0)
d(118	9	19	1	200000.0)
d(119	17	21	2	200000.0)
d(120	8	10	3	200000.0)
d(121	21	21	2	200000.0)
d(122	17	22	1	200000.0)
d(123	4	19	5	200000.0)
d(124	11	23	2	200000.0)
d(125	4	15	2	200000.0)
d(126	4	10	1	200000.0)
d(127	7	12	4	200000.0)
d(128	23	24	5	200000.0)
d(129	11	21	1	200000.0)
d(130	23	24	5	200000.0)
d(131	9	22	1	200000.0)
d(132	18	22	1	200000.0)
d(133	22	22	2	200000.0)
d(134	2	3	3	200000.0)
d(135	10	11	5	200000.0)
d(136	18	23	1	200000.0)
d(137	14	20	4	200000.0)
d(138	23	24	5	200000.0)
d(139	23	24	4	200000.0)
d(140	23	24	2	200000.0)
d(141	12	18	1	200000.0)
d(142	2	2	1	200000.0)
d(143	16	20	2	200000.0)
d(144	1	1	2	200000.0)
d(145	2	8	5	200000.0)
d(146	6	14	3	200000.0)
d(147	9	22	5	200000.0)
d(148	15	24	5	200000.0)
d(149	21	24	3	200000.0)
d(150	3	6	4	200000.0)
d(151	3	21	1	200000.0)
d(152	14	19	4	200000.0)
d(153	20	20	2	200000.0)
d(154	14	23	1	200000.0)
d(155	11	17	5	200000.0)
d(156	15	23	2	200000.0)
d(157	11	18	1	200000.0)
d(158	22	24	3	200000.0)
d(159	19	24	4	200000.0)
d(160	21	22	4	200000.0)
d(161	16	17	2	200000.0)
d(162	19	21	5	200000.0)
d(163	15	18	3	200000.0)
d(164	16	19	5	200000.0)
d(165	1	22	4	200000.0)
d(166	11	23	4	200000.0)
d(167	17	24	4	200000.0)
d(168	3	22	2	200000.0)
d(169	23	24	5	200000.0)
d(170	20	23	2	200000.0)
d(171	13	14	1	200000.0)
d(172	17	18	2	200000.0)
d(173	14	24	5	200000.0)
d(174	9	9	1	200000.0)
d(175	15	17	3	200000.0)
d(176	3	9	5	200000.0)
d(177	3	11	2	200000.0)
d(178	18	18	4	200000.0)
d(179	18	24	3	200000.0)
d(180	10	10	1	200000.0)
d(181	5	15	5	200000.0)
d(182	8	11	2	200000.0)
d(183	6	17	1	200000.0)
d(184	18	23	3	200000.0)
d(185	16	23	3	200000.0)
d(186	21	21	2	200000.0)
d(187	16	16	1	200000.0)
d(188	11	20	2	200000.0)
d(189	17	19	2	200000.0)
d(190	15	18	1	200000.0)
d(191	3	19	3	200000.0)
d(192	23	24	5	200000.0)
d(193	18	18	2	200000.0)
d(194	5	23	2	200000.0)
d(195	14	22	5	200000.0)
d(196	5	13	2	200000.0)
d(197	15	24	1	200000.0)
d(198	22	22	4	200000.0)
d(199	24	24	4	200000.0)
d(200	11	19	2	200000.0)
d(201	24	24	1	200000.0)
d(202	4	20	2	200000.0)
d(203	17	18	1	200000.0)
d(204	7	17	2	200000.0)
d(205	16	20	2	200000.0)
d(206	15	21	4	200000.0)
d(207	9	10	4	200000.0)
d(208	24	24	5	200000.0)
d(209	21	22	3	200000.0)
d(210	18	20	3	200000.0)
d(211	2	16	5	200000.0)
d(212	19	20	4	200000.0)
d(213	12	24	3	200000.0)
d(214	23	24	2	200000.0)
d(215	24	24	5	200000.0)
d(216	2	6	1	200000.0)
d(217	3	22	1	200000.0)
d(218	19	24	5	200000.0)
d(219	15	16	4	200000.0)
d(220	8	9	1	200000.0)
d(221	10	15	1	200000.0)
d(222	5	11	1	200000.0)
d(223	12	22	2	200000.0)
d(224	9	13	2	200000.0)
d(225	13	19	1	200000.0)
d(226	1	24	4	200000.0)
d(227	6	20	5	200000.0)
d(228	11	15	5	200000.0)
d(229	6	10	5	200000.0)
d(230	21	22	1	200000.0)
d(231	18	21	5	200000.0)
d(232	12	24	3	200000.0)
d(233	7	14	1	200000.0)
d(234	10	21	2	200000.0)
d(235	7	22	2	200000.0)
d(236	13	23	1	200000.0)
d(237	19	22	1	200000.0)
d(238	18	23	5	200000.0)
d(239	18	24	2	200000.0)
d(240	2	21	2	200000.0)
d(241	12	15	5	200000.0)
d(242	23	23	5	200000.0)
d(243	5	8	3	200000.0)
d(244	23	23	2	200000.0)
d(245	17	20	5	200000.0)
d(246	7	21	3	200000.0)
d(247	17	17	3	200000.0)
d(248	21	22	4	200000.0)
d(249	23	24	1	200000.0)
d(250	12	15	5	200000.0)
d(251	4	19	2	200000.0)
d(252	21	21	4	200000.0)
d(253	15	17	5	200000.0)
d(254	21	23	2	200000.0)
d(255	18	19	3	200000.0)
d(256	9	13	1	200000.0)
d(257	10	12	5	200000.0)
d(258	4	14	1	200000.0)
d(259	4	14	3	200000.0)
d(260	10	13	3	200000.0)
d(261	2	24	3	200000.0)
d(262	24	24	5	200000.0)
d(263	2	8	3	200000.0)
d(264	9	23	4	200000.0)
d(265	5	23	5	200000.0)
d(266	14	20	2	200000.0)
d(267	12	17	5	200000.0)
d(268	13	18	3	200000.0)
d(269	17	20	1	200000.0)
d(270	14	17	3	200000.0)
d(271	4	4	4	200000.0)
d(272	6	16	1	200000.0)
d(273	23	23	3	200000.0)
d(274	1	16	1	200000.0)
d(275	7	14	1	200000.0)
d(276	24	24	1	200000.0)
d(277	1	14	1	200000.0)
d(278	13	14	2	200000.0)
d(279	1	12	4	200000.0)
d(280	2	3	3	200000.0)
d(281	12	24	1	200000.0)
d(282	15	24	5	200000.0)
d(283	13	22	4	200000.0)
d(284	18	18	3	200000.0)
d(285	2	2	5	200000.0)
d(286	20	23	5	200000.0)
d(287	9	11	2	200000.0)
d(288	5	13	5	200000.0)
d(289	16	16	1	200000.0)
d(290	2	9	5	200000.0)
d(291	12	19	4	200000.0)
d(292	9	22	1	200000.0)
d(293	6	17	4	200000.0)
d(294	21	24	4	200000.0)
d(295	12	21	5	200000.0)
d(296	13	19	2	200000.0)
d(297	6	14	3	200000.0)
d(298	15	15	1	200000.0)
d(299	2	5	3	200000.0)
d(300	8	17	4	200000.0)
d(301	8	19	2	200000.0)
d(302	4	12	2	200000.0)
d(303	7	10	3	200000.0)
d(304	21	21	4	200000.0)
d(305	16	19	4	200000.0)
d(306	18	18	3	200000.0)
d(307	5	11	2	200000.0)
d(308	6	10	1	200000.0)
d(309	6	13	4	200000.0)
d(310	12	14	5	200000.0)
d(311	19	24	2	200000.0)
d(312	4	6	4	200000.0)
d(313	7	17	1	200000.0)
d(314	19	23	4	200000.0)
d(315	3	17	1	200000.0)
d(316	3	4	5	200000.0)
d(317	19	21	2	200000.0)
d(318	14	20	4	200000.0)
d(319	19	20	3	200000.0)
d(320	1	16	3	200000.0)
d(321	10	15	1	200000.0)
d(322	7	13	2	200000.0)
d(323	7	24	3	200000.0)
d(324	1	1	1	200000.0)
d(325	6	14	5	200000.0)
d(326	7	22	1	200000.0)
d(327	5	18	4	200000.0)
d(328	16	22	5	200000.0)
d(329	2	11	4	200000.0)
d(330	10	21	5	200000.0)
d(331	9	12	1	200000.0)
d(332	21	22	3	200000.0)
d(333	9	17	5	200000.0)
d(334	17	22	1	200000.0)
d(335	6	22	1	200000.0)
d(336	2	9	5	200000.0)
d(337	4	12	3	200000.0)
d(338	15	24	1	200000.0)
d(339	8	13	2	200000.0)
d(340	14	15	1	200000.0)
d(341	4	9	4	200000.0)
d(342	10	23	1	200000.0)
d(343	3	9	3	200000.0)
d(344	21	21	5	200000.0)
d(345	6	10	1	200000.0)
d(346	23	23	2	200000.0)
d(347	17	24	5	200000.0)
d(348	6	8	2	200000.0)
d(349	3	15	4	200000.0)
d(350	15	15	4	200000.0)
d(351	20	22	4	200000.0)
d(352	16	24	3	200000.0)
d(353	8	20	3	200000.0)
d(354	1	8	2	200000.0)
d(355	5	24	4	200000.0)
d(356	7	21	4	200000.0)
d(357	20	20	4	200000.0)
d(358	14	20	1	200000.0)
d(359	1	15	3	200000.0)
d(360	5	7	1	200000.0)
d(361	10	17	4	200000.0)
d(362	20	21	5	200000.0)
d(363	14	15	3	200000.0)
d(364	19	24	5	200000.0)
d(365	22	24	2	200000.0)
d(366	19	19	2	200000.0)
d(367	16	17	1	200000.0)
d(368	11	12	4	200000.0)
d(369	9	19	2	200000.0)
d(370	6	6	3	200000.0)
d(371	7	20	2	200000.0)
d(372	10	17	5	200000.0)
d(373	18	23	2	200000.0)
d(374	11	15	3	200000.0)
d(375	1	24	1	200000.0)
d(376	9	17	3	200000.0)
d(377	13	17	1	200000.0)
d(378	13	24	4	200000.0)
d(379	20	22	4	200000.0)
d(380	12	20	4	200000.0)
d(381	18	18	4	200000.0)
d(382	14	23	1	200000.0)
d(383	24	24	3	200000.0)
d(384	7	24	5	200000.0)
d(385	6	21	5	200000.0)
d(386	24	24	4	200000.0)
d(387	4	18	2	200000.0)
d(388	24	24	2	200000.0)
d(389	7	8	3	200000.0)
d(390	23	24	1	200000.0)
d(391	14	20	5	200000.0)
d(392	21	24	2	200000.0)
d(393	16	19	2	200000.0)
d(394	20	23	2	200000.0)
d(395	13	24	4	200000.0)
d(396	10	21	4	200000.0)
d(397	14	20	2	200000.0)
d(398	18	21	2	200000.0)
d(399	10	12	1	200000.0)
d(400	18	22	2	200000.0)
d(401	16	16	5	200000.0)
d(402	4	15	3	200000.0)
d(403	24	24	5	200000.0)
d(404	6	14	4	200000.0)
d(405	5	14	3	200000.0)
d(406	17	23	5	200000.0)
d(407	4	17	5	200000.0)
d(408	10	23	4	200000.0)
d(409	14	19	2	200000.0)
d(410	22	24	4	200000.0)
d(411	10	23	1	200000.0)
d(412	13	14	3	200000.0)
d(413	7	24	2	200000.0)
d(414	21	21	5	200000.0)
d(415	6	22	4	200000.0)
d(416	5	16	1	200000.0)
d(417	6	18	1	200000.0)
d(418	16	24	3	200000.0)
d(419	24	24	1	200000.0)
d(420	4	5	3	200000.0)
d(421	23	24	5	200000.0)
d(422	14	23	1	200000.0)
d(423	15	17	5	200000.0)
d(424	1	12	3	200000.0)
d(425	7	7	2	200000.0)
d(426	10	21	3	200000.0)
d(427	15	20	4	200000.0)
d(428	5	16	4	200000.0)
d(429	4	19	4	200000.0)
d(430	24	24	4	200000.0)
d(431	24	24	1	200000.0)
d(432	8	12	2	200000.0)
d(433	2	20	1	200000.0)
d(434	21	23	4	200000.0)
d(435	4	10	3	200000.0)
d(436	20	24	5	200000.0)
d(437	19	23	3	200000.0)
d(438	10	21	1	200000.0)
d(439	4	7	5	200000.0)
d(440	17	19	5	200000.0)
d(441	17	24	2	200000.0)
d(442	23	23	2	200000.0)
d(443	22	24	2	200000.0)
d(444	10	19	4	200000.0)
d(445	9	23	1	200000.0)
d(446	5	16	4	200000.0)
d(447	11	11	2	200000.0)
d(448	13	14	2	200000.0)
d(449	17	24	3	200000.0)
d(450	14	22	2	200000.0)
d(451	12	12	4	200000.0)
d(452	17	17	4	200000.0)
d(453	16	19	2	200000.0)
d(454	9	23	5	200000.0)
d(455	22	23	3	200000.0)
d(456	23	24	5	200000.0)
d(457	6	9	1	200000.0)
d(458	9	23	5	200000.0)
d(459	6	19	5	200000.0)
d(460	14	21	2	200000.0)
d(461	9	13	1	200000.0)
d(462	11	19	4	200000.0)
d(463	6	23	3	200000.0)
d(464	13	14	5	200000.0)
d(465	5	20	3	200000.0)
d(466	21	22	2	200000.0)
d(467	24	24	5	200000.0)
d(468	7	16	2	200000.0)
d(469	6	19	1	200000.0)
d(470	19	22	3	200000.0)
d(471	15	19	1	200000.0)
d(472	8	22	4	200000.0)
d(473	13	15	1	200000.0)
d(474	13	24	2	200000.0)
d(475	15	17	5	200000.0)
d(476	18	24	1	200000.0)
d(477	18	24	2	200000.0)
d(478	23	23	2	200000.0)
d(479	13	16	4	200000.0)
d(480	10	10	5	200000.0)
d(481	5	14	3	200000.0)
d(482	5	12	1	200000.0)
d(483	13	21	4	200000.0)
d(484	4	8	5	200000.0)
d(485	9	23	3	200000.0)
d(486	14	24	4	200000.0)
d(487	15	16	2	200000.0)
d(488	16	22	2	200000.0)
d(489	20	23	1	200000.0)
d(490	8	18	1	200000.0)
d(491	3	9	2	200000.0)
d(492	18	19	3	200000.0)
d(493	17	17	2	200000.0)
d(494	1	23	3	200000.0)
d(495	8	19	4	200000.0)
d(496	4	11	5	200000.0)
d(497	1	24	4	200000.0)
d(498	14	16	2	200000.0)
d(499	21	21	2	200000.0)
d(500	24	24	3	200000.0)
d(501	3	5	1	200000.0)
d(502	9	24	1	200000.0)
d(503	15	23	5	200000.0)
d(504	21	24	5	200000.0)
d(505	17	21	1	200000.0)
d(506	13	15	2	200000.0)
d(507	16	23	3	200000.0)
d(508	23	24	3	200000.0)
d(509	24	24	4	200000.0)
d(510	8	17	2	200000.0)
d(511	1	11	1	200000.0)
d(512	22	23	1	200000.0)
d(513	14	23	3	200000.0)
d(514	10	21	3	200000.0)
d(515	9	20	3	200000.0)
d(516	6	15	1	200000.0)
d(517	1	17	2	200000.0)
d(518	16	17	1	200000.0)
d(519	19	20	3	200000.0)
d(520	1	23	3	200000.0)
d(521	17	21	5	200000.0)
d(522	4	20	4	200000.0)
d(523	22	24	4	200000.0)
d(524	15	24	5	200000.0)
d(525	12	17	4	200000.0)
d(526	1	15	5	200000.0)
d(527	18	18	3	200000.0)
d(528	8	14	1	200000.0)
d(529	24	24	1	200000.0)
d(530	7	22	4	200000.0)
d(531	2	15	5	200000.0)
d(532	12	16	5	200000.0)
d(533	20	20	2	200000.0)
d(534	13	17	2	200000.0)
d(535	4	23	2	200000.0)
d(536	23	23	2	200000.0)
d(537	20	23	1	200000.0)
d(538	21	21	4	200000.0)
d(539	10	22	1	200000.0)
d(540	21	21	1	200000.0)
d(541	18	19	1	200000.0)
d(542	7	14	3	200000.0)
d(543	10	18	4	200000.0)
d(544	21	22	5	200000.0)
d(545	20	21	3	200000.0)
d(546	24	24	4	200000.0)
d(547	20	24	4	200000.0)
d(548	8	21	5	200000.0)
d(549	3	22	4	200000.0)
d(550	13	21	2	200000.0)
d(551	5	22	4	200000.0)
d(552	22	23	1	200000.0)
d(553	5	16	4	200000.0)
d(554	19	23	3	200000.0)
d(555	11	21	1	200000.0)
d(556	4	11	3	200000.0)
d(557	12	23	3	200000.0)
d(558	21	24	3	200000.0)
d(559	4	5	5	200000.0)
d(560	17	18	3	200000.0)
d(561	1	16	4	200000.0)
d(562	8	24	4	200000.0)
d(563	5	15	3	200000.0)
d(564	24	24	5	200000.0)
d(565	5	20	4	200000.0)
d(566	8	14	2	200000.0)
d(567	4	11	1	200000.0)
d(568	11	22	5	200000.0)
d(569	13	23	3	200000.0)
d(570	20	24	2	200000.0)
d(571	21	23	3	200000.0)
d(572	23	23	5	200000.0)
d(573	12	20	3	200000.0)
d(574	12	16	3	200000.0)
d(575	21	21	2	200000.0)
d(576	5	16	3	200000.0)
d(577	2	4	5	200000.0)
d(578	19	22	2	200000.0)
d(579	11	15	2	200000.0)
d(580	1	20	4	200000.0)
d(581	23	24	1	200000.0)
d(582	4	13	1	200000.0)
d(583	6	17	1	200000.0)
d(584	10	21	3	200000.0)
d(585	6	12	1	200000.0)
d(586	3	5	3	200000.0)
d(587	6	21	2	200000.0)
d(588	11	13	5	200000.0)
d(589	23	23	2	200000.0)
d(590	16	22	3	200000.0)
d(591	21	22	5	200000.0)
d(592	3	9	5	200000.0)
d(593	1	12	4	200000.0)
d(594	3	17	3	200000.0)
d(595	6	12	5	200000.0)
d(596	5	15	2	200000.0)
d(597	12	24	1	200000.0)
d(598	1	17	2	200000.0)
d(599	9	9	3	200000.0)
d(600	17	20	1	200000.0)
v(1	1	30	169	60	3)
v(1	2	3	56	6	3)
v(1	3	17	154	34	3)
v(1	4	27	92	54	3)
v(2	1	26	82	52	2)
v(2	2	5	140	10	2)
v(2	3	9	62	18	3)
v(2	4	13	14	26	3)
v(3	1	16	101	32	1)
v(3	2	29	51	58	1)
v(4	1	16	111	32	2)
v(4	2	29	115	58	2)
v(4	3	22	108	44	2)
v(5	1	30	138	60	3)
v(5	2	3	23	6	3)
v(5	3	17	80	34	3)
v(5	4	2	98	4	3)
v(6	1	29	55	58	2)
v(6	2	20	117	40	2)
v(6	3	19	92	38	2)
v(7	1	14	85	28	3)
v(7	2	11	133	22	4)
v(7	3	15	38	30	4)
v(7	4	12	139	24	3)
v(7	5	29	63	58	4)
v(8	1	21	31	42	0)
v(9	1	28	174	56	3)
v(9	2	4	77	8	3)
v(9	3	26	132	52	3)
v(9	4	17	73	34	3)
v(10	1	25	109	50	0)
v(11	1	5	74	10	0)
v(12	1	27	87	54	2)
v(12	2	2	83	4	2)
v(12	3	23	120	46	2)
v(13	1	4	157	8	4)
v(13	2	19	111	38	3)
v(13	3	4	36	8	3)
v(13	4	29	96	58	4)
v(13	5	14	56	28	4)
v(14	1	6	32	12	2)
v(14	2	29	100	58	2)
v(14	3	23	65	46	3)
v(14	4	15	49	30	3)
v(15	1	10	25	20	2)
v(15	2	11	113	22	2)
v(15	3	25	121	50	2)
v(16	1	2	148	4	0)
v(17	1	14	101	28	1)
v(17	2	3	46	6	1)
v(18	1	4	64	8	3)
v(18	2	5	153	10	3)
v(18	3	28	159	56	4)
v(18	4	8	48	16	4)
v(18	5	20	91	40	4)
v(19	1	3	74	6	1)
v(19	2	21	101	42	1)
v(20	1	15	116	30	1)
v(20	2	11	41	22	1)
v(21	1	16	112	32	2)
v(21	2	17	106	34	2)
v(21	3	6	148	12	2)
v(22	1	9	22	18	0)
v(22	2	19	72	38	0)
v(23	1	29	49	58	2)
v(23	2	14	124	28	2)
v(23	3	17	77	34	2)
v(24	1	30	83	60	3)
v(24	2	29	117	58	3)
v(24	3	27	82	54	3)
v(24	4	22	23	44	3)
v(25	1	27	154	54	0)
v(26	1	21	100	42	4)
v(26	2	27	41	54	4)
v(26	3	4	107	8	4)
v(26	4	29	72	58	4)
v(26	5	7	9	14	4)
v(27	1	2	109	4	4)
v(27	2	29	132	58	4)
v(27	3	11	141	22	4)
v(27	4	8	155	16	4)
v(27	5	5	125	10	4)
v(28	1	11	132	22	0)
v(29	1	11	27	22	2)
v(29	2	6	114	12	2)
v(29	3	32	46	64	2)
v(30	1	21	105	42	3)
v(30	2	28	84	56	3)
v(30	3	1	14	2	3)
v(30	4	25	57	50	3)
v(31	1	22	116	44	3)
v(31	2	9	109	18	3)
v(31	3	24	87	48	3)
v(31	4	16	86	32	3)
v(32	1	20	63	40	3)
v(32	2	32	61	64	3)
v(32	3	15	121	30	3)
v(32	4	18	49	36	3)
v(33	1	8	135	16	1)
v(33	2	24	177	48	1)
v(34	1	22	97	44	4)
v(34	2	7	77	14	4)
v(34	3	16	131	32	4)
v(34	4	31	40	62	4)
v(34	5	12	135	24	4)
v(35	1	10	101	20	1)
v(35	2	27	75	54	1)
v(36	1	26	155	52	0)
v(37	1	32	75	64	1)
v(37	2	16	84	32	1)
v(38	1	30	167	60	2)
v(38	2	12	157	24	2)
v(38	3	26	177	52	2)
v(39	1	8	153	16	2)
v(39	2	13	18	26	2)
v(39	3	15	69	30	2)
v(40	1	28	61	56	1)
v(40	2	32	134	64	1)
v(41	1	30	177	60	0)
v(42	1	13	40	26	2)
v(42	2	12	104	24	2)
v(42	3	9	140	18	2)
v(43	1	28	157	56	2)
v(43	2	18	43	36	2)
v(43	3	29	94	58	2)
v(44	1	13	70	26	1)
v(44	2	5	143	10	1)
v(44	3	14	152	28	2)
v(45	1	23	54	46	3)
v(45	2	16	175	32	3)
v(45	3	27	107	54	3)
v(45	4	20	36	40	3)
v(46	1	21	79	42	4)
v(46	2	11	76	22	3)
v(46	3	4	121	8	3)
v(46	4	7	86	14	4)
v(46	5	27	156	54	4)
v(47	1	2	152	4	3)
v(47	2	4	5	8	3)
v(47	3	27	37	54	3)
v(47	4	19	144	38	3)
v(48	1	29	180	58	2)
v(48	2	1	123	2	2)
v(48	3	18	28	36	2)
v(49	1	20	80	40	0)
v(49	2	11	115	22	0)
v(50	1	32	70	64	2)
v(50	2	28	110	56	2)
v(50	3	19	103	38	2)
v(51	1	28	52	56	3)
v(51	2	9	105	18	3)
v(51	3	6	47	12	3)
v(51	4	24	54	48	3)
v(52	1	28	115	56	4)
v(52	2	7	92	14	4)
v(52	3	19	26	38	4)
v(52	4	2	28	4	4)
v(52	5	1	87	2	4)
v(53	1	27	179	54	3)
v(53	2	6	63	12	3)
v(53	3	21	27	42	3)
v(53	4	6	89	12	3)
v(54	1	21	152	42	1)
v(54	2	19	126	38	1)
v(55	1	15	19	30	2)
v(55	2	23	96	46	2)
v(55	3	20	172	40	2)
v(56	1	12	41	24	3)
v(56	2	22	64	44	3)
v(56	3	28	59	56	3)
v(56	4	19	108	38	3)
v(57	1	15	119	30	3)
v(57	2	2	123	4	3)
v(57	3	15	131	30	3)
v(57	4	16	130	32	3)
v(58	1	27	128	54	3)
v(58	2	6	57	12	3)
v(58	3	16	170	32	3)
v(58	4	13	54	26	3)
v(59	1	16	25	32	2)
v(59	2	25	28	50	2)
v(59	3	13	147	26	2)
v(60	1	3	91	6	3)
v(60	2	27	45	54	4)
v(60	3	13	56	26	4)
v(60	4	12	41	24	3)
v(60	5	16	154	32	4)
v(61	1	24	145	48	3)
v(61	2	28	119	56	3)
v(61	3	23	94	46	3)
v(61	4	6	33	12	3)
v(62	1	24	90	48	0)
v(63	1	18	122	36	0)
v(64	1	25	159	50	2)
v(64	2	25	119	50	2)
v(64	3	15	153	30	2)
v(65	1	8	38	16	4)
v(65	2	14	135	28	4)
v(65	3	13	112	26	4)
v(65	4	2	107	4	4)
v(65	5	17	92	34	4)
v(66	1	4	45	8	2)
v(66	2	1	59	2	2)
v(66	3	6	158	12	2)
v(67	1	18	103	36	4)
v(67	2	24	93	48	4)
v(67	3	23	57	46	4)
v(67	4	7	98	14	4)
v(67	5	16	57	32	4)
v(68	1	32	114	64	1)
v(68	2	23	137	46	1)
v(69	1	20	154	40	1)
v(69	2	24	27	48	3)
v(69	3	32	180	64	3)
v(69	4	27	103	54	4)
v(69	5	10	48	20	3)
v(70	1	7	57	14	3)
v(70	2	5	158	10	3)
v(70	3	29	137	58	2)
v(70	4	28	43	56	4)
v(70	5	27	60	54	4)
v(71	1	20	135	40	1)
v(71	2	14	102	28	1)
v(72	1	3	109	6	2)
v(72	2	24	64	48	2)
v(72	3	16	158	32	2)
v(73	1	16	29	32	2)
v(73	2	6	89	12	1)
v(73	3	12	158	24	1)
v(74	1	28	173	56	1)
v(74	2	32	70	64	2)
v(74	3	16	69	32	1)
v(75	1	7	40	14	2)
v(75	2	2	134	4	2)
v(75	3	22	110	44	2)
v(76	1	26	156	52	4)
v(76	2	18	21	36	3)
v(76	3	29	149	58	4)
v(76	4	13	117	26	3)
v(76	5	32	119	64	4)
v(77	1	25	113	50	4)
v(77	2	11	67	22	3)
v(77	3	5	111	10	2)
v(77	4	29	125	58	3)
v(77	5	8	90	16	4)
v(78	1	19	48	38	2)
v(78	2	7	67	14	2)
v(78	3	6	46	12	2)
v(79	1	17	84	34	0)
v(80	1	14	73	28	3)
v(80	2	32	186	64	3)
v(80	3	8	154	16	3)
v(80	4	28	40	56	3)
v(81	1	7	9	14	0)
v(82	1	16	154	32	2)
v(82	2	1	94	2	2)
v(82	3	31	191	62	2)
v(83	1	28	68	56	1)
v(83	2	9	153	18	1)
v(84	1	6	144	12	1)
v(84	2	17	40	34	1)
v(85	1	2	56	4	3)
v(85	2	25	74	50	4)
v(85	3	22	32	44	3)
v(85	4	9	34	18	4)
v(85	5	28	67	56	4)
v(86	1	17	24	34	1)
v(86	2	16	59	32	2)
v(86	3	9	113	18	1)
v(87	1	10	108	20	4)
v(87	2	23	108	46	4)
v(87	3	8	57	16	4)
v(87	4	28	183	56	4)
v(87	5	19	35	38	4)
v(88	1	13	31	26	0)
v(89	1	24	117	48	3)
v(89	2	10	145	20	3)
v(89	3	8	89	16	3)
v(89	4	30	85	60	3)
v(90	1	20	31	40	3)
v(90	2	26	50	52	3)
v(90	3	16	142	32	3)
v(90	4	32	118	64	3)
v(91	1	24	183	48	2)
v(91	2	21	47	42	2)
v(91	3	23	124	46	2)
v(92	1	30	83	60	0)
v(93	1	3	70	6	3)
v(93	2	7	148	14	4)
v(93	3	12	52	24	1)
v(93	4	29	163	58	3)
v(93	5	3	70	6	3)
v(94	1	9	26	18	0)
v(95	1	30	66	60	3)
v(95	2	12	116	24	4)
v(95	3	11	47	22	4)
v(95	4	21	109	42	3)
v(95	5	26	165	52	4)
v(96	1	17	88	34	1)
v(96	2	21	160	42	1)
v(97	1	21	135	42	1)
v(97	2	5	19	10	1)
v(98	1	6	111	12	4)
v(98	2	23	56	46	4)
v(98	3	17	75	34	4)
v(98	4	2	149	4	4)
v(98	5	26	123	52	4)
v(99	1	28	153	56	4)
v(99	2	22	40	44	4)
v(99	3	25	88	50	4)
v(99	4	11	95	22	4)
v(99	5	1	155	2	4)
v(100	1	19	117	38	2)
v(100	2	7	18	14	2)
v(100	3	3	106	6	2)
v(101	1	27	159	54	4)
v(101	2	15	73	30	4)
v(101	3	8	87	16	4)
v(101	4	10	121	20	4)
v(101	5	32	188	64	4)
v(102	1	23	166	46	1)
v(102	2	29	123	58	1)
v(103	1	2	16	4	1)
v(103	2	22	166	44	1)
v(104	1	10	105	20	1)
v(104	2	18	132	36	1)
v(104	3	27	104	54	2)
v(105	1	27	129	54	2)
v(105	2	10	133	20	2)
v(105	3	2	78	4	2)
v(106	1	9	56	18	2)
v(106	2	5	120	10	2)
v(106	3	11	165	22	2)
v(107	1	2	111	4	1)
v(107	2	14	150	28	1)
v(108	1	21	134	42	3)
v(108	2	32	70	64	3)
v(108	3	9	100	18	3)
v(108	4	20	150	40	3)
v(109	1	18	115	36	3)
v(109	2	1	116	2	3)
v(109	3	24	25	48	2)
v(109	4	19	40	38	2)
v(110	1	30	38	60	0)
v(111	1	9	84	18	1)
v(111	2	10	130	20	1)
v(112	1	25	154	50	0)
v(113	1	25	151	50	0)
v(114	1	21	78	42	3)
v(114	2	24	155	48	3)
v(114	3	26	85	52	2)
v(114	4	9	124	18	2)
v(115	1	12	17	24	2)
v(115	2	20	87	40	2)
v(115	3	10	101	20	2)
v(116	1	2	143	4	3)
v(116	2	31	151	62	3)
v(116	3	8	63	16	3)
v(116	4	8	166	16	3)
v(117	1	10	87	20	0)
v(118	1	11	66	22	0)
v(119	1	20	65	40	1)
v(119	2	13	44	26	1)
v(120	1	19	86	38	2)
v(120	2	30	149	60	2)
v(120	3	1	118	2	2)
v(121	1	24	95	48	1)
v(121	2	2	91	4	1)
v(122	1	20	149	40	0)
v(123	1	4	67	8	4)
v(123	2	31	90	62	4)
v(123	3	14	122	28	4)
v(123	4	23	133	46	4)
v(123	5	10	94	20	4)
v(124	1	4	90	8	1)
v(124	2	3	39	6	1)
v(125	1	10	105	20	1)
v(125	2	31	184	62	1)
v(126	1	8	26	16	0)
v(127	1	6	32	12	3)
v(127	2	8	127	16	3)
v(127	3	24	165	48	3)
v(127	4	25	145	50	3)
v(128	1	31	68	62	3)
v(128	2	24	116	48	4)
v(128	3	28	187	56	3)
v(128	4	1	132	2	2)
v(128	5	26	115	52	4)
v(129	1	23	146	46	0)
v(130	1	30	34	60	4)
v(130	2	32	114	64	4)
v(130	3	27	88	54	4)
v(130	4	4	43	8	4)
v(130	5	23	73	46	4)
v(131	1	3	51	6	0)
v(132	1	6	50	12	0)
v(133	1	17	26	34	1)
v(133	2	7	58	14	1)
v(134	1	9	24	18	1)
v(134	2	19	104	38	2)
v(134	3	24	52	48	1)
v(135	1	28	172	56	4)
v(135	2	19	47	38	4)
v(135	3	10	33	20	3)
v(135	4	19	110	38	3)
v(135	5	9	61	18	4)
v(136	1	32	56	64	0)
v(137	1	19	163	38	3)
v(137	2	28	55	56	3)
v(137	3	13	18	26	3)
v(137	4	21	71	42	3)
v(138	1	16	142	32	4)
v(138	2	20	26	40	4)
v(138	3	12	118	24	4)
v(138	4	18	160	36	4)
v(138	5	8	158	16	4)
v(139	1	28	153	56	3)
v(139	2	31	34	62	3)
v(139	3	31	72	62	3)
v(139	4	10	132	20	3)
v(140	1	9	85	18	1)
v(140	2	2	111	4	1)
v(141	1	8	63	16	0)
v(142	1	2	20	4	0)
v(143	1	23	119	46	1)
v(143	2	24	159	48	1)
v(144	1	22	33	44	1)
v(144	2	11	84	22	1)
v(145	1	16	76	32	4)
v(145	2	4	40	8	3)
v(145	3	25	105	50	3)
v(145	4	8	87	16	4)
v(145	5	12	54	24	4)
v(146	1	11	96	22	1)
v(146	2	8	60	16	1)
v(146	3	31	114	62	2)
v(147	1	6	78	12	4)
v(147	2	30	181	60	4)
v(147	3	14	114	28	4)
v(147	4	2	100	4	3)
v(147	5	1	81	2	3)
v(148	1	20	76	40	4)
v(148	2	18	164	36	4)
v(148	3	22	68	44	4)
v(148	4	29	72	58	4)
v(148	5	10	146	20	4)
v(149	1	26	45	52	2)
v(149	2	19	119	38	2)
v(149	3	7	102	14	2)
v(150	1	6	120	12	3)
v(150	2	16	82	32	2)
v(150	3	8	132	16	2)
v(150	4	27	154	54	3)
v(151	1	28	104	56	0)
v(152	1	7	147	14	3)
v(152	2	9	29	18	2)
v(152	3	3	47	6	3)
v(152	4	5	92	10	2)
v(153	1	4	84	8	1)
v(153	2	6	34	12	1)
v(154	1	20	122	40	0)
v(155	1	22	45	44	4)
v(155	2	2	99	4	4)
v(155	3	4	131	8	4)
v(155	4	31	68	62	4)
v(155	5	26	155	52	4)
v(156	1	26	55	52	1)
v(156	2	13	134	26	1)
v(157	1	4	101	8	0)
v(158	1	19	38	38	2)
v(158	2	24	164	48	2)
v(158	3	2	132	4	2)
v(159	1	12	89	24	3)
v(159	2	4	138	8	3)
v(159	3	23	164	46	3)
v(159	4	25	84	50	3)
v(160	1	19	67	38	3)
v(160	2	12	137	24	3)
v(160	3	30	38	60	3)
v(160	4	22	37	44	3)
v(161	1	16	152	32	1)
v(161	2	3	90	6	1)
v(162	1	14	133	28	3)
v(162	2	18	80	36	3)
v(162	3	10	79	20	2)
v(162	4	2	140	4	4)
v(162	5	28	105	56	4)
v(163	1	18	54	36	2)
v(163	2	16	90	32	2)
v(163	3	30	42	60	2)
v(164	1	8	52	16	4)
v(164	2	6	114	12	4)
v(164	3	32	134	64	4)
v(164	4	32	86	64	4)
v(164	5	28	97	56	4)
v(165	1	7	116	14	3)
v(165	2	31	154	62	3)
v(165	3	23	65	46	2)
v(165	4	4	107	8	2)
v(166	1	21	126	42	3)
v(166	2	22	144	44	3)
v(166	3	11	25	22	3)
v(166	4	7	72	14	3)
v(167	1	2	18	4	3)
v(167	2	17	105	34	3)
v(167	3	1	15	2	3)
v(167	4	20	161	40	3)
v(168	1	31	189	62	1)
v(168	2	3	20	6	1)
v(169	1	22	85	44	4)
v(169	2	9	121	18	4)
v(169	3	8	9	16	4)
v(169	4	14	24	28	4)
v(169	5	7	133	14	4)
v(170	1	10	108	20	1)
v(170	2	29	42	58	1)
v(171	1	13	27	26	0)
v(172	1	21	70	42	1)
v(172	2	23	158	46	1)
v(173	1	30	44	60	4)
v(173	2	5	89	10	4)
v(173	3	7	136	14	4)
v(173	4	32	146	64	4)
v(173	5	22	40	44	4)
v(174	1	12	105	24	0)
v(175	1	20	45	40	2)
v(175	2	10	118	20	2)
v(175	3	12	138	24	2)
v(176	1	2	132	4	4)
v(176	2	9	49	18	4)
v(176	3	20	84	40	4)
v(176	4	23	164	46	4)
v(176	5	29	165	58	4)
v(177	1	19	148	38	0)
v(177	2	31	34	62	0)
v(178	1	20	112	40	3)
v(178	2	8	111	16	3)
v(178	3	1	94	2	3)
v(178	4	28	110	56	3)
v(179	1	7	85	14	2)
v(179	2	15	20	30	2)
v(179	3	11	161	22	2)
v(180	1	7	8	14	0)
v(181	1	22	82	44	4)
v(181	2	7	33	14	4)
v(181	3	24	127	48	4)
v(181	4	7	9	14	4)
v(181	5	28	31	56	4)
v(182	1	29	80	58	1)
v(182	2	20	53	40	1)
v(183	1	24	179	48	0)
v(184	1	12	91	24	2)
v(184	2	24	138	48	2)
v(184	3	27	52	54	2)
v(185	1	8	19	16	1)
v(185	2	18	155	36	2)
v(185	3	16	79	32	1)
v(186	1	21	74	42	1)
v(186	2	18	19	36	1)
v(187	1	13	115	26	0)
v(188	1	16	30	32	1)
v(188	2	17	48	34	1)
v(189	1	32	64	64	0)
v(189	2	17	160	34	0)
v(190	1	10	33	20	0)
v(191	1	29	52	58	2)
v(191	2	17	74	34	2)
v(191	3	13	41	26	2)
v(192	1	7	152	14	3)
v(192	2	1	34	2	4)
v(192	3	23	90	46	2)
v(192	4	16	153	32	4)
v(192	5	25	177	50	3)
v(193	1	27	108	54	1)
v(193	2	23	78	46	1)
v(194	1	13	54	26	1)
v(194	2	22	73	44	1)
v(195	1	31	36	62	3)
v(195	2	17	168	34	4)
v(195	3	15	150	30	3)
v(195	4	6	10	12	3)
v(195	5	30	144	60	3)
v(196	1	2	109	4	1)
v(196	2	4	123	8	1)
v(197	1	19	48	38	0)
v(198	1	24	67	48	3)
v(198	2	24	120	48	3)
v(198	3	23	47	46	3)
v(198	4	13	49	26	3)
v(199	1	5	84	10	2)
v(199	2	31	64	62	2)
v(199	3	19	87	38	3)
v(199	4	9	65	18	3)
v(200	1	5	123	10	1)
v(200	2	31	152	62	1)
v(201	1	22	79	44	0)
v(202	1	16	32	32	1)
v(202	2	18	25	36	1)
v(203	1	23	26	46	0)
v(204	1	26	83	52	1)
v(204	2	26	41	52	1)
v(205	1	29	111	58	1)
v(205	2	25	95	50	1)
v(206	1	7	24	14	2)
v(206	2	23	121	46	2)
v(206	3	25	129	50	3)
v(206	4	31	99	62	3)
v(207	1	18	27	36	2)
v(207	2	13	155	26	2)
v(207	3	24	65	48	3)
v(207	4	5	111	10	3)
v(208	1	28	173	56	4)
v(208	2	21	72	42	4)
v(208	3	17	67	34	4)
v(208	4	9	111	18	4)
v(208	5	25	140	50	4)
v(209	1	28	102	56	1)
v(209	2	20	167	40	2)
v(209	3	8	68	16	1)
v(210	1	11	122	22	2)
v(210	2	22	56	44	2)
v(210	3	25	127	50	2)
v(211	1	30	34	60	4)
v(211	2	7	67	14	3)
v(211	3	17	43	34	2)
v(211	4	3	88	6	4)
v(211	5	4	133	8	3)
v(212	1	3	17	6	3)
v(212	2	32	180	64	3)
v(212	3	26	83	52	2)
v(212	4	15	43	30	2)
v(213	1	31	54	62	2)
v(213	2	17	143	34	2)
v(213	3	6	105	12	2)
v(214	1	19	156	38	1)
v(214	2	2	58	4	1)
v(215	1	7	119	14	4)
v(215	2	16	55	32	4)
v(215	3	21	97	42	4)
v(215	4	12	80	24	4)
v(215	5	15	39	30	4)
v(216	1	2	59	4	0)
v(217	1	8	98	16	0)
v(218	1	7	33	14	4)
v(218	2	27	168	54	4)
v(218	3	1	106	2	4)
v(218	4	23	119	46	4)
v(218	5	32	46	64	4)
v(219	1	7	162	14	3)
v(219	2	30	85	60	3)
v(219	3	14	143	28	3)
v(219	4	29	167	58	3)
v(220	1	27	81	54	0)
v(221	1	31	156	62	0)
v(222	1	20	79	40	0)
v(223	1	23	100	46	0)
v(223	2	11	90	22	0)
v(224	1	10	67	20	1)
v(224	2	30	98	60	1)
v(225	1	23	85	46	0)
v(226	1	22	159	44	3)
v(226	2	26	181	52	3)
v(226	3	3	4	6	3)
v(226	4	2	95	4	3)
v(227	1	9	130	18	4)
v(227	2	21	176	42	3)
v(227	3	23	60	46	2)
v(227	4	11	89	22	4)
v(227	5	13	78	26	3)
v(228	1	7	158	14	4)
v(228	2	15	31	30	4)
v(228	3	13	170	26	4)
v(228	4	2	89	4	4)
v(228	5	3	155	6	4)
v(229	1	18	80	36	4)
v(229	2	16	104	32	4)
v(229	3	22	102	44	3)
v(229	4	25	58	50	3)
v(229	5	20	108	40	2)
v(230	1	18	164	36	0)
v(231	1	23	151	46	4)
v(231	2	19	30	38	4)
v(231	3	26	68	52	4)
v(231	4	16	107	32	4)
v(231	5	24	80	48	4)
v(232	1	20	178	40	2)
v(232	2	29	35	58	2)
v(232	3	21	45	42	2)
v(233	1	23	72	46	0)
v(234	1	26	164	52	1)
v(234	2	29	84	58	1)
v(235	1	1	42	2	1)
v(235	2	8	19	16	1)
v(236	1	1	47	2	0)
v(237	1	5	127	10	0)
v(238	1	9	71	18	4)
v(238	2	12	118	24	4)
v(238	3	32	41	64	3)
v(238	4	4	35	8	3)
v(238	5	19	162	38	4)
v(239	1	13	110	26	1)
v(239	2	18	43	36	1)
v(240	1	24	82	48	1)
v(240	2	15	28	30	1)
v(241	1	15	175	30	4)
v(241	2	8	82	16	4)
v(241	3	25	53	50	4)
v(241	4	30	106	60	4)
v(241	5	24	165	48	4)
v(242	1	32	158	64	4)
v(242	2	17	31	34	3)
v(242	3	28	83	56	4)
v(242	4	14	30	28	3)
v(242	5	20	141	40	4)
v(243	1	30	89	60	2)
v(243	2	1	39	2	2)
v(243	3	28	133	56	2)
v(244	1	13	33	26	1)
v(244	2	18	111	36	1)
v(245	1	19	111	38	4)
v(245	2	13	68	26	3)
v(245	3	19	71	38	4)
v(245	4	26	163	52	4)
v(245	5	13	18	26	3)
v(246	1	15	155	30	2)
v(246	2	20	116	40	2)
v(246	3	13	37	26	2)
v(247	1	30	160	60	2)
v(247	2	31	161	62	2)
v(247	3	6	110	12	2)
v(248	1	14	33	28	3)
v(248	2	31	191	62	3)
v(248	3	20	168	40	3)
v(248	4	13	81	26	3)
v(249	1	28	109	56	0)
v(250	1	9	98	18	3)
v(250	2	31	47	62	4)
v(250	3	24	38	48	3)
v(250	4	12	96	24	4)
v(250	5	20	60	40	4)
v(251	1	5	124	10	1)
v(251	2	2	150	4	1)
v(252	1	5	58	10	2)
v(252	2	28	56	56	2)
v(252	3	25	28	50	3)
v(252	4	3	102	6	3)
v(253	1	28	78	56	4)
v(253	2	5	142	10	4)
v(253	3	7	54	14	4)
v(253	4	23	67	46	4)
v(253	5	9	91	18	4)
v(254	1	10	118	20	1)
v(254	2	23	62	46	1)
v(255	1	16	148	32	2)
v(255	2	27	164	54	2)
v(255	3	27	172	54	2)
v(256	1	5	153	10	0)
v(257	1	18	72	36	3)
v(257	2	2	40	4	4)
v(257	3	7	136	14	3)
v(257	4	20	69	40	2)
v(257	5	7	98	14	4)
v(258	1	27	39	54	0)
v(259	1	26	44	52	2)
v(259	2	21	153	42	2)
v(259	3	2	26	4	2)
v(260	1	29	97	58	2)
v(260	2	22	127	44	2)
v(260	3	3	92	6	2)
v(261	1	9	111	18	1)
v(261	2	3	28	6	2)
v(261	3	12	130	24	1)
v(262	1	20	118	40	4)
v(262	2	18	83	36	4)
v(262	3	3	63	6	4)
v(262	4	3	154	6	4)
v(262	5	17	46	34	4)
v(263	1	8	144	16	2)
v(263	2	17	152	34	2)
v(263	3	29	60	58	2)
v(264	1	13	25	26	3)
v(264	2	19	83	38	3)
v(264	3	31	141	62	3)
v(264	4	30	163	60	3)
v(265	1	19	40	38	3)
v(265	2	29	153	58	1)
v(265	3	28	32	56	3)
v(265	4	27	165	54	3)
v(265	5	15	111	30	4)
v(266	1	22	106	44	1)
v(266	2	5	140	10	1)
v(267	1	1	72	2	4)
v(267	2	3	72	6	4)
v(267	3	3	64	6	4)
v(267	4	30	92	60	4)
v(267	5	2	78	4	4)
v(268	1	30	135	60	2)
v(268	2	27	65	54	2)
v(268	3	25	77	50	2)
v(269	1	17	60	34	0)
v(270	1	10	46	20	2)
v(270	2	6	113	12	2)
v(270	3	1	20	2	2)
v(271	1	15	156	30	3)
v(271	2	13	62	26	3)
v(271	3	23	51	46	3)
v(271	4	30	86	60	3)
v(272	1	9	105	18	0)
v(273	1	21	175	42	2)
v(273	2	8	67	16	2)
v(273	3	1	135	2	2)
v(274	1	30	174	60	0)
v(275	1	25	96	50	0)
v(276	1	27	138	54	0)
v(277	1	15	145	30	0)
v(278	1	9	60	18	1)
v(278	2	21	139	42	1)
v(279	1	11	79	22	3)
v(279	2	14	143	28	2)
v(279	3	13	104	26	2)
v(279	4	1	80	2	3)
v(280	1	12	83	24	2)
v(280	2	7	156	14	2)
v(280	3	6	86	12	2)
v(281	1	4	23	8	0)
v(282	1	16	26	32	4)
v(282	2	5	33	10	4)
v(282	3	4	51	8	4)
v(282	4	5	110	10	4)
v(282	5	17	159	34	4)
v(283	1	4	78	8	3)
v(283	2	17	83	34	3)
v(283	3	1	66	2	3)
v(283	4	18	60	36	3)
v(284	1	19	170	38	2)
v(284	2	4	7	8	2)
v(284	3	15	51	30	2)
v(285	1	7	66	14	4)
v(285	2	4	137	8	3)
v(285	3	7	130	14	4)
v(285	4	14	95	28	4)
v(285	5	7	120	14	3)
v(286	1	8	36	16	4)
v(286	2	7	159	14	4)
v(286	3	30	78	60	4)
v(286	4	12	127	24	4)
v(286	5	11	38	22	4)
v(287	1	17	67	34	1)
v(287	2	10	164	20	1)
v(288	1	18	116	36	4)
v(288	2	1	42	2	4)
v(288	3	11	92	22	4)
v(288	4	4	14	8	4)
v(288	5	8	130	16	4)
v(289	1	24	66	48	0)
v(290	1	13	163	26	3)
v(290	2	14	18	28	4)
v(290	3	12	76	24	3)
v(290	4	31	53	62	4)
v(290	5	13	29	26	4)
v(291	1	7	127	14	3)
v(291	2	25	72	50	3)
v(291	3	2	65	4	3)
v(291	4	20	152	40	3)
v(292	1	19	146	38	0)
v(293	1	7	146	14	3)
v(293	2	3	50	6	3)
v(293	3	31	55	62	3)
v(293	4	5	76	10	3)
v(294	1	17	116	34	3)
v(294	2	7	112	14	3)
v(294	3	8	22	16	3)
v(294	4	12	170	24	3)
v(295	1	2	88	4	4)
v(295	2	18	87	36	4)
v(295	3	30	130	60	4)
v(295	4	28	92	56	4)
v(295	5	32	127	64	4)
v(296	1	19	90	38	1)
v(296	2	32	75	64	1)
v(297	1	10	128	20	2)
v(297	2	16	160	32	2)
v(297	3	14	106	28	2)
v(298	1	6	106	12	0)
v(299	1	13	73	26	2)
v(299	2	30	119	60	2)
v(299	3	10	61	20	2)
v(300	1	16	65	32	3)
v(300	2	9	11	18	3)
v(300	3	28	42	56	3)
v(300	4	26	91	52	3)
v(301	1	6	94	12	0)
v(301	2	18	95	36	0)
v(302	1	12	89	24	1)
v(302	2	32	75	64	1)
v(303	1	22	109	44	1)
v(303	2	3	35	6	1)
v(303	3	7	133	14	2)
v(304	1	29	121	58	3)
v(304	2	14	132	28	3)
v(304	3	19	26	38	3)
v(304	4	3	9	6	3)
v(305	1	29	163	58	3)
v(305	2	6	17	12	3)
v(305	3	31	133	62	3)
v(305	4	6	127	12	3)
v(306	1	6	165	12	1)
v(306	2	31	145	62	2)
v(306	3	4	109	8	1)
v(307	1	23	99	46	1)
v(307	2	27	75	54	1)
v(308	1	13	65	26	0)
v(309	1	19	147	38	2)
v(309	2	27	161	54	3)
v(309	3	18	145	36	3)
v(309	4	31	174	62	2)
v(310	1	25	45	50	4)
v(310	2	32	155	64	4)
v(310	3	6	57	12	4)
v(310	4	18	138	36	4)
v(310	5	29	99	58	4)
v(311	1	23	46	46	1)
v(311	2	22	39	44	1)
v(312	1	27	56	54	3)
v(312	2	30	84	60	3)
v(312	3	14	43	28	3)
v(312	4	22	70	44	3)
v(313	1	24	76	48	0)
v(314	1	3	103	6	3)
v(314	2	1	116	2	3)
v(314	3	24	111	48	2)
v(314	4	26	51	52	2)
v(315	1	3	7	6	0)
v(316	1	4	19	8	4)
v(316	2	10	166	20	4)
v(316	3	32	97	64	4)
v(316	4	11	124	22	4)
v(316	5	9	166	18	4)
v(317	1	5	163	10	1)
v(317	2	15	64	30	1)
v(318	1	18	98	36	2)
v(318	2	10	106	20	2)
v(318	3	14	109	28	3)
v(318	4	30	80	60	3)
v(319	1	2	139	4	2)
v(319	2	13	64	26	2)
v(319	3	16	52	32	2)
v(320	1	26	180	52	1)
v(320	2	3	117	6	1)
v(320	3	32	81	64	2)
v(321	1	28	101	56	0)
v(322	1	30	87	60	1)
v(322	2	4	103	8	1)
v(323	1	32	158	64	1)
v(323	2	23	42	46	1)
v(323	3	22	181	44	2)
v(324	1	25	93	50	0)
v(325	1	17	165	34	4)
v(325	2	27	107	54	4)
v(325	3	3	101	6	4)
v(325	4	6	123	12	4)
v(325	5	17	37	34	4)
v(326	1	9	104	18	0)
v(327	1	14	163	28	2)
v(327	2	31	183	62	3)
v(327	3	19	139	38	3)
v(327	4	1	116	2	2)
v(328	1	27	133	54	3)
v(328	2	1	77	2	3)
v(328	3	10	114	20	3)
v(328	4	2	49	4	4)
v(328	5	17	120	34	3)
v(329	1	6	64	12	3)
v(329	2	17	64	34	3)
v(329	3	7	23	14	3)
v(329	4	26	65	52	3)
v(330	1	21	108	42	4)
v(330	2	16	131	32	3)
v(330	3	16	61	32	4)
v(330	4	2	111	4	3)
v(330	5	25	48	50	4)
v(331	1	8	83	16	0)
v(332	1	1	97	2	2)
v(332	2	16	141	32	2)
v(332	3	14	49	28	2)
v(333	1	21	153	42	4)
v(333	2	21	69	42	4)
v(333	3	11	26	22	4)
v(333	4	27	82	54	4)
v(333	5	3	55	6	4)
v(334	1	30	140	60	0)
v(335	1	28	98	56	0)
v(336	1	32	127	64	3)
v(336	2	21	24	42	3)
v(336	3	31	98	62	3)
v(336	4	5	69	10	3)
v(336	5	3	38	6	2)
v(337	1	7	163	14	1)
v(337	2	24	88	48	2)
v(337	3	12	71	24	1)
v(338	1	17	80	34	0)
v(339	1	2	43	4	1)
v(339	2	5	123	10	1)
v(340	1	32	179	64	0)
v(341	1	15	124	30	2)
v(341	2	25	52	50	3)
v(341	3	2	85	4	3)
v(341	4	20	62	40	2)
v(342	1	28	62	56	0)
v(343	1	16	39	32	2)
v(343	2	5	76	10	2)
v(343	3	30	119	60	2)
v(344	1	27	78	54	4)
v(344	2	16	72	32	4)
v(344	3	4	111	8	4)
v(344	4	11	119	22	4)
v(344	5	19	79	38	4)
v(345	1	25	146	50	0)
v(346	1	10	20	20	1)
v(346	2	19	161	38	1)
v(347	1	3	55	6	4)
v(347	2	12	91	24	4)
v(347	3	19	89	38	4)
v(347	4	24	80	48	4)
v(347	5	15	115	30	4)
v(348	1	32	84	64	1)
v(348	2	5	144	10	1)
v(349	1	23	114	46	3)
v(349	2	24	109	48	2)
v(349	3	17	78	34	2)
v(349	4	28	184	56	3)
v(350	1	5	76	10	3)
v(350	2	18	95	36	2)
v(350	3	14	24	28	2)
v(350	4	27	97	54	1)
v(351	1	24	68	48	3)
v(351	2	31	66	62	3)
v(351	3	15	66	30	3)
v(351	4	20	139	40	3)
v(352	1	23	107	46	2)
v(352	2	22	77	44	2)
v(352	3	22	182	44	2)
v(353	1	24	182	48	2)
v(353	2	2	67	4	2)
v(353	3	10	25	20	2)
v(354	1	23	154	46	1)
v(354	2	15	101	30	1)
v(355	1	22	110	44	3)
v(355	2	8	132	16	3)
v(355	3	20	94	40	3)
v(355	4	31	188	62	3)
v(356	1	8	64	16	3)
v(356	2	24	163	48	3)
v(356	3	3	35	6	3)
v(356	4	12	55	24	3)
v(357	1	2	64	4	3)
v(357	2	19	56	38	3)
v(357	3	17	160	34	3)
v(357	4	30	129	60	3)
v(358	1	19	116	38	0)
v(359	1	23	182	46	2)
v(359	2	6	26	12	2)
v(359	3	7	20	14	2)
v(360	1	13	77	26	0)
v(361	1	3	17	6	3)
v(361	2	10	45	20	3)
v(361	3	23	62	46	3)
v(361	4	25	149	50	3)
v(362	1	17	73	34	4)
v(362	2	29	178	58	3)
v(362	3	21	26	42	3)
v(362	4	25	39	50	2)
v(362	5	22	129	44	4)
v(363	1	11	158	22	2)
v(363	2	13	48	26	1)
v(363	3	17	58	34	1)
v(364	1	29	142	58	4)
v(364	2	24	94	48	4)
v(364	3	25	97	50	4)
v(364	4	31	79	62	4)
v(364	5	26	78	52	4)
v(365	1	32	61	64	0)
v(365	2	16	115	32	0)
v(366	1	28	163	56	1)
v(366	2	6	89	12	1)
v(367	1	15	89	30	0)
v(368	1	7	69	14	3)
v(368	2	11	153	22	3)
v(368	3	31	128	62	2)
v(368	4	28	100	56	2)
v(369	1	1	133	2	1)
v(369	2	26	41	52	1)
v(370	1	19	166	38	2)
v(370	2	30	56	60	2)
v(370	3	31	162	62	2)
v(371	1	5	47	10	1)
v(371	2	23	149	46	1)
v(372	1	14	65	28	3)
v(372	2	8	146	16	4)
v(372	3	8	77	16	4)
v(372	4	24	83	48	3)
v(372	5	26	128	52	4)
v(373	1	18	78	36	1)
v(373	2	25	94	50	1)
v(374	1	2	63	4	2)
v(374	2	14	23	28	2)
v(374	3	12	48	24	2)
v(375	1	12	80	24	0)
v(376	1	8	134	16	2)
v(376	2	8	19	16	2)
v(376	3	17	91	34	2)
v(377	1	18	138	36	0)
v(378	1	1	151	2	3)
v(378	2	20	96	40	3)
v(378	3	25	56	50	3)
v(378	4	15	113	30	3)
v(379	1	10	93	20	3)
v(379	2	4	29	8	3)
v(379	3	16	121	32	3)
v(379	4	3	64	6	3)
v(380	1	6	143	12	3)
v(380	2	23	183	46	2)
v(380	3	15	98	30	3)
v(380	4	1	11	2	2)
v(381	1	22	58	44	3)
v(381	2	10	37	20	3)
v(381	3	23	123	46	3)
v(381	4	30	43	60	3)
v(382	1	21	74	42	0)
v(383	1	9	161	18	2)
v(383	2	4	135	8	2)
v(383	3	10	79	20	2)
v(384	1	8	128	16	4)
v(384	2	12	165	24	4)
v(384	3	16	70	32	3)
v(384	4	25	173	50	3)
v(384	5	6	18	12	4)
v(385	1	23	98	46	4)
v(385	2	2	63	4	4)
v(385	3	30	185	60	4)
v(385	4	10	79	20	4)
v(385	5	18	152	36	4)
v(386	1	20	108	40	3)
v(386	2	32	43	64	3)
v(386	3	10	17	20	3)
v(386	4	7	37	14	3)
v(387	1	1	98	2	1)
v(387	2	26	52	52	1)
v(388	1	10	91	20	1)
v(388	2	15	110	30	1)
v(389	1	10	78	20	2)
v(389	2	28	148	56	2)
v(389	3	20	82	40	2)
v(390	1	23	161	46	0)
v(391	1	16	152	32	4)
v(391	2	21	94	42	4)
v(391	3	17	124	34	4)
v(391	4	6	155	12	4)
v(391	5	11	74	22	4)
v(392	1	28	60	56	1)
v(392	2	7	144	14	1)
v(393	1	1	123	2	1)
v(393	2	1	65	2	1)
v(394	1	28	36	56	1)
v(394	2	27	36	54	1)
v(395	1	3	60	6	3)
v(395	2	11	88	22	3)
v(395	3	20	165	40	3)
v(395	4	14	53	28	3)
v(396	1	4	82	8	3)
v(396	2	31	73	62	3)
v(396	3	4	120	8	3)
v(396	4	11	63	22	3)
v(397	1	27	162	54	1)
v(397	2	12	122	24	1)
v(398	1	7	142	14	1)
v(398	2	30	121	60	1)
v(399	1	28	90	56	0)
v(400	1	22	142	44	1)
v(400	2	15	152	30	1)
v(401	1	16	157	32	4)
v(401	2	6	160	12	4)
v(401	3	16	135	32	3)
v(401	4	13	126	26	4)
v(401	5	5	141	10	3)
v(402	1	5	17	10	2)
v(402	2	14	160	28	2)
v(402	3	28	122	56	2)
v(403	1	29	39	58	3)
v(403	2	10	114	20	3)
v(403	3	5	76	10	2)
v(403	4	24	87	48	4)
v(403	5	8	49	16	4)
v(404	1	3	135	6	3)
v(404	2	30	166	60	3)
v(404	3	26	177	52	3)
v(404	4	11	45	22	3)
v(405	1	14	98	28	2)
v(405	2	18	47	36	2)
v(405	3	25	46	50	2)
v(406	1	26	55	52	3)
v(406	2	7	165	14	3)
v(406	3	20	82	40	2)
v(406	4	12	145	24	4)
v(406	5	32	95	64	4)
v(407	1	25	130	50	4)
v(407	2	30	180	60	4)
v(407	3	9	66	18	3)
v(407	4	20	144	40	4)
v(407	5	23	165	46	3)
v(408	1	30	114	60	2)
v(408	2	24	47	48	3)
v(408	3	8	19	16	3)
v(408	4	14	43	28	2)
v(409	1	6	92	12	1)
v(409	2	20	32	40	1)
v(410	1	14	34	28	3)
v(410	2	5	153	10	3)
v(410	3	15	53	30	3)
v(410	4	22	134	44	3)
v(411	1	2	20	4	0)
v(412	1	2	19	4	2)
v(412	2	5	47	10	2)
v(412	3	14	33	28	2)
v(413	1	1	90	2	1)
v(413	2	23	181	46	1)
v(414	1	2	22	4	4)
v(414	2	30	182	60	4)
v(414	3	5	124	10	4)
v(414	4	23	44	46	4)
v(414	5	31	134	62	4)
v(415	1	5	139	10	3)
v(415	2	29	142	58	3)
v(415	3	13	80	26	3)
v(415	4	29	189	58	3)
v(416	1	31	152	62	0)
v(417	1	32	33	64	0)
v(418	1	17	127	34	2)
v(418	2	11	110	22	1)
v(418	3	2	126	4	1)
v(419	1	18	94	36	0)
v(420	1	19	50	38	2)
v(420	2	16	154	32	2)
v(420	3	13	127	26	2)
v(421	1	22	123	44	4)
v(421	2	10	100	20	3)
v(421	3	1	101	2	4)
v(421	4	1	62	2	3)
v(421	5	26	143	52	4)
v(422	1	16	64	32	0)
v(423	1	31	63	62	4)
v(423	2	19	81	38	3)
v(423	3	10	23	20	3)
v(423	4	3	87	6	4)
v(423	5	9	91	18	4)
v(424	1	27	118	54	2)
v(424	2	31	170	62	2)
v(424	3	24	126	48	2)
v(425	1	18	31	36	1)
v(425	2	22	148	44	1)
v(426	1	31	140	62	2)
v(426	2	12	16	24	2)
v(426	3	13	18	26	2)
v(427	1	15	53	30	3)
v(427	2	30	154	60	3)
v(427	3	11	144	22	2)
v(427	4	20	130	40	2)
v(428	1	24	183	48	3)
v(428	2	22	84	44	3)
v(428	3	3	81	6	3)
v(428	4	7	22	14	3)
v(429	1	11	39	22	3)
v(429	2	21	29	42	3)
v(429	3	31	176	62	3)
v(429	4	27	54	54	3)
v(430	1	25	171	50	3)
v(430	2	30	116	60	3)
v(430	3	5	50	10	3)
v(430	4	26	133	52	3)
v(431	1	30	87	60	0)
v(432	1	26	139	52	1)
v(432	2	14	23	28	1)
v(433	1	19	127	38	0)
v(434	1	5	127	10	3)
v(434	2	6	165	12	3)
v(434	3	31	32	62	3)
v(434	4	26	83	52	3)
v(435	1	18	76	36	2)
v(435	2	20	80	40	2)
v(435	3	7	75	14	2)
v(436	1	14	28	28	4)
v(436	2	7	164	14	4)
v(436	3	11	86	22	4)
v(436	4	3	28	6	4)
v(436	5	4	74	8	4)
v(437	1	16	164	32	2)
v(437	2	25	176	50	2)
v(437	3	21	64	42	2)
v(438	1	31	157	62	0)
v(439	1	16	52	32	2)
v(439	2	18	135	36	3)
v(439	3	3	41	6	4)
v(439	4	9	137	18	3)
v(439	5	25	70	50	4)
v(440	1	9	10	18	4)
v(440	2	6	89	12	4)
v(440	3	28	62	56	4)
v(440	4	1	25	2	4)
v(440	5	14	86	28	4)
v(441	1	27	149	54	1)
v(441	2	17	122	34	1)
v(442	1	28	187	56	1)
v(442	2	21	86	42	1)
v(443	1	14	174	28	1)
v(443	2	31	183	62	1)
v(444	1	29	171	58	3)
v(444	2	24	142	48	3)
v(444	3	29	77	58	3)
v(444	4	28	57	56	3)
v(445	1	28	63	56	0)
v(446	1	8	141	16	3)
v(446	2	9	75	18	3)
v(446	3	30	178	60	2)
v(446	4	18	103	36	2)
v(447	1	2	123	4	1)
v(447	2	26	107	52	1)
v(448	1	6	22	12	1)
v(448	2	14	109	28	1)
v(449	1	19	60	38	2)
v(449	2	32	161	64	2)
v(449	3	28	43	56	2)
v(450	1	6	137	12	1)
v(450	2	14	50	28	1)
v(451	1	30	163	60	3)
v(451	2	26	55	52	3)
v(451	3	13	74	26	3)
v(451	4	4	130	8	3)
v(452	1	22	45	44	3)
v(452	2	32	175	64	3)
v(452	3	22	163	44	3)
v(452	4	30	74	60	3)
v(453	1	7	83	14	1)
v(453	2	17	174	34	1)
v(454	1	4	112	8	4)
v(454	2	12	68	24	4)
v(454	3	30	179	60	4)
v(454	4	18	136	36	4)
v(454	5	21	168	42	4)
v(455	1	6	62	12	2)
v(455	2	21	85	42	2)
v(455	3	25	59	50	2)
v(456	1	31	80	62	4)
v(456	2	26	184	52	3)
v(456	3	26	39	52	4)
v(456	4	29	118	58	4)
v(456	5	23	176	46	3)
v(457	1	26	125	52	0)
v(458	1	22	128	44	4)
v(458	2	26	50	52	4)
v(458	3	26	108	52	4)
v(458	4	9	29	18	4)
v(458	5	11	103	22	4)
v(459	1	15	37	30	4)
v(459	2	30	99	60	3)
v(459	3	9	20	18	3)
v(459	4	7	83	14	4)
v(459	5	21	104	42	4)
v(460	1	32	63	64	1)
v(460	2	15	151	30	1)
v(461	1	13	22	26	0)
v(462	1	29	181	58	2)
v(462	2	4	65	8	3)
v(462	3	3	56	6	1)
v(462	4	29	179	58	2)
v(463	1	1	143	2	1)
v(463	2	32	143	64	1)
v(463	3	25	116	50	2)
v(464	1	6	67	12	4)
v(464	2	11	66	22	4)
v(464	3	5	78	10	4)
v(464	4	12	168	24	3)
v(464	5	7	24	14	3)
v(465	1	7	120	14	2)
v(465	2	19	168	38	2)
v(465	3	14	65	28	2)
v(466	1	9	82	18	1)
v(466	2	22	48	44	1)
v(467	1	11	36	22	4)
v(467	2	28	96	56	3)
v(467	3	31	117	62	4)
v(467	4	26	32	52	3)
v(467	5	25	35	50	4)
v(468	1	2	62	4	1)
v(468	2	24	52	48	1)
v(469	1	24	113	48	0)
v(470	1	28	154	56	2)
v(470	2	6	61	12	2)
v(470	3	15	160	30	2)
v(471	1	12	24	24	0)
v(472	1	32	69	64	3)
v(472	2	2	24	4	3)
v(472	3	11	64	22	3)
v(472	4	23	60	46	3)
v(473	1	25	130	50	0)
v(474	1	11	149	22	1)
v(474	2	28	133	56	1)
v(475	1	13	66	26	4)
v(475	2	28	89	56	4)
v(475	3	21	87	42	4)
v(475	4	18	164	36	4)
v(475	5	23	67	46	4)
v(476	1	1	96	2	0)
v(477	1	8	51	16	1)
v(477	2	32	166	64	1)
v(478	1	32	41	64	1)
v(478	2	8	161	16	1)
v(479	1	22	53	44	3)
v(479	2	24	77	48	3)
v(479	3	5	99	10	3)
v(479	4	11	84	22	3)
v(480	1	24	156	48	4)
v(480	2	7	10	14	4)
v(480	3	12	150	24	4)
v(480	4	3	134	6	4)
v(480	5	11	51	22	4)
v(481	1	32	71	64	2)
v(481	2	13	64	26	2)
v(481	3	19	50	38	2)
v(482	1	15	171	30	0)
v(483	1	29	94	58	3)
v(483	2	19	150	38	2)
v(483	3	22	69	44	2)
v(483	4	11	166	22	3)
v(484	1	24	71	48	4)
v(484	2	22	66	44	4)
v(484	3	23	152	46	4)
v(484	4	17	49	34	4)
v(484	5	30	110	60	4)
v(485	1	1	7	2	2)
v(485	2	16	91	32	1)
v(485	3	24	149	48	1)
v(486	1	8	158	16	3)
v(486	2	4	14	8	3)
v(486	3	23	136	46	3)
v(486	4	26	183	52	3)
v(487	1	16	66	32	1)
v(487	2	32	147	64	1)
v(488	1	14	120	28	1)
v(488	2	11	87	22	1)
v(489	1	25	178	50	0)
v(490	1	5	163	10	0)
v(491	1	32	87	64	0)
v(491	2	7	36	14	0)
v(492	1	14	94	28	2)
v(492	2	14	109	28	2)
v(492	3	9	31	18	2)
v(493	1	21	103	42	1)
v(493	2	10	53	20	1)
v(494	1	17	141	34	2)
v(494	2	2	84	4	2)
v(494	3	31	134	62	2)
v(495	1	3	117	6	1)
v(495	2	17	145	34	2)
v(495	3	9	85	18	3)
v(495	4	24	87	48	2)
v(496	1	25	78	50	4)
v(496	2	10	117	20	4)
v(496	3	24	102	48	3)
v(496	4	3	68	6	3)
v(496	5	5	48	10	4)
v(497	1	6	123	12	3)
v(497	2	16	89	32	2)
v(497	3	25	97	50	2)
v(497	4	22	151	44	3)
v(498	1	14	44	28	1)
v(498	2	3	94	6	1)
v(499	1	30	67	60	1)
v(499	2	3	56	6	1)
v(500	1	2	31	4	2)
v(500	2	22	74	44	2)
v(500	3	15	52	30	2)
v(501	1	16	29	32	0)
v(502	1	1	86	2	0)
v(503	1	10	26	20	4)
v(503	2	9	119	18	4)
v(503	3	3	108	6	4)
v(503	4	5	21	10	4)
v(503	5	17	89	34	4)
v(504	1	26	28	52	4)
v(504	2	8	122	16	4)
v(504	3	12	104	24	4)
v(504	4	32	181	64	4)
v(504	5	10	146	20	4)
v(505	1	16	128	32	0)
v(506	1	11	117	22	1)
v(506	2	24	79	48	1)
v(507	1	27	101	54	2)
v(507	2	4	131	8	2)
v(507	3	10	95	20	2)
v(508	1	14	115	28	2)
v(508	2	29	99	58	2)
v(508	3	14	37	28	2)
v(509	1	15	64	30	3)
v(509	2	21	101	42	3)
v(509	3	2	32	4	3)
v(509	4	11	149	22	3)
v(510	1	28	117	56	1)
v(510	2	17	105	34	1)
v(511	1	23	46	46	0)
v(512	1	13	51	26	0)
v(513	1	7	11	14	2)
v(513	2	32	38	64	1)
v(513	3	6	159	12	1)
v(514	1	24	155	48	2)
v(514	2	11	147	22	2)
v(514	3	9	164	18	2)
v(515	1	30	103	60	2)
v(515	2	32	183	64	2)
v(515	3	28	71	56	2)
v(516	1	21	129	42	0)
v(517	1	14	113	28	1)
v(517	2	5	17	10	1)
v(518	1	30	83	60	0)
v(519	1	15	68	30	2)
v(519	2	30	149	60	2)
v(519	3	5	18	10	2)
v(520	1	23	42	46	2)
v(520	2	30	184	60	2)
v(520	3	10	72	20	2)
v(521	1	23	126	46	2)
v(521	2	20	142	40	3)
v(521	3	30	183	60	4)
v(521	4	26	143	52	3)
v(521	5	19	76	38	4)
v(522	1	32	57	64	3)
v(522	2	15	144	30	3)
v(522	3	21	74	42	3)
v(522	4	7	151	14	3)
v(523	1	32	71	64	2)
v(523	2	28	41	56	2)
v(523	3	4	78	8	3)
v(523	4	32	85	64	1)
v(524	1	29	56	58	4)
v(524	2	1	159	2	4)
v(524	3	8	123	16	3)
v(524	4	16	83	32	4)
v(524	5	32	81	64	3)
v(525	1	27	62	54	3)
v(525	2	20	69	40	2)
v(525	3	9	73	18	3)
v(525	4	28	81	56	2)
v(526	1	20	75	40	3)
v(526	2	2	158	4	4)
v(526	3	25	119	50	4)
v(526	4	8	30	16	3)
v(526	5	16	41	32	4)
v(527	1	16	128	32	2)
v(527	2	5	11	10	2)
v(527	3	6	33	12	2)
v(528	1	10	36	20	0)
v(529	1	18	85	36	0)
v(530	1	21	147	42	3)
v(530	2	18	111	36	3)
v(530	3	4	87	8	3)
v(530	4	10	61	20	3)
v(531	1	16	58	32	4)
v(531	2	4	134	8	4)
v(531	3	13	117	26	4)
v(531	4	20	36	40	4)
v(531	5	4	153	8	4)
v(532	1	23	131	46	4)
v(532	2	23	104	46	4)
v(532	3	12	43	24	4)
v(532	4	25	139	50	4)
v(532	5	11	30	22	4)
v(533	1	26	81	52	1)
v(533	2	27	83	54	1)
v(534	1	15	34	30	1)
v(534	2	17	139	34	1)
v(535	1	31	185	62	1)
v(535	2	1	22	2	1)
v(536	1	31	149	62	1)
v(536	2	21	151	42	1)
v(537	1	1	94	2	0)
v(538	1	16	112	32	3)
v(538	2	2	80	4	3)
v(538	3	32	126	64	3)
v(538	4	13	93	26	3)
v(539	1	3	151	6	0)
v(540	1	7	20	14	0)
v(541	1	29	103	58	0)
v(542	1	20	123	40	2)
v(542	2	28	184	56	2)
v(542	3	12	66	24	2)
v(543	1	25	46	50	3)
v(543	2	18	24	36	3)
v(543	3	32	125	64	3)
v(543	4	10	37	20	3)
v(544	1	23	59	46	4)
v(544	2	4	120	8	4)
v(544	3	1	87	2	4)
v(544	4	9	159	18	4)
v(544	5	5	114	10	4)
v(545	1	27	132	54	2)
v(545	2	30	118	60	2)
v(545	3	31	102	62	2)
v(546	1	14	32	28	2)
v(546	2	27	127	54	2)
v(546	3	28	59	56	3)
v(546	4	6	72	12	3)
v(547	1	11	149	22	2)
v(547	2	14	58	28	2)
v(547	3	28	105	56	3)
v(547	4	5	24	10	3)
v(548	1	3	152	6	4)
v(548	2	3	152	6	4)
v(548	3	13	130	26	4)
v(548	4	28	128	56	4)
v(548	5	6	141	12	4)
v(549	1	20	115	40	3)
v(549	2	12	112	24	3)
v(549	3	26	67	52	3)
v(549	4	14	106	28	3)
v(550	1	22	148	44	1)
v(550	2	21	79	42	1)
v(551	1	31	126	62	3)
v(551	2	22	159	44	2)
v(551	3	21	120	42	3)
v(551	4	1	160	2	2)
v(552	1	1	42	2	0)
v(553	1	24	91	48	3)
v(553	2	12	19	24	3)
v(553	3	25	131	50	3)
v(553	4	32	173	64	3)
v(554	1	26	132	52	1)
v(554	2	28	66	56	2)
v(554	3	30	107	60	1)
v(555	1	9	14	18	0)
v(556	1	26	127	52	2)
v(556	2	1	105	2	2)
v(556	3	13	43	26	2)
v(557	1	8	152	16	2)
v(557	2	8	43	16	2)
v(557	3	23	52	46	2)
v(558	1	7	68	14	2)
v(558	2	8	55	16	2)
v(558	3	3	40	6	2)
v(559	1	30	161	60	4)
v(559	2	21	154	42	4)
v(559	3	13	56	26	4)
v(559	4	3	98	6	4)
v(559	5	28	78	56	4)
v(560	1	4	79	8	2)
v(560	2	20	104	40	2)
v(560	3	22	115	44	2)
v(561	1	5	33	10	3)
v(561	2	14	114	28	3)
v(561	3	27	81	54	3)
v(561	4	17	25	34	3)
v(562	1	7	54	14	2)
v(562	2	17	86	34	3)
v(562	3	12	47	24	2)
v(562	4	23	33	46	3)
v(563	1	22	119	44	2)
v(563	2	17	51	34	2)
v(563	3	11	76	22	2)
v(564	1	27	175	54	4)
v(564	2	13	42	26	3)
v(564	3	27	105	54	4)
v(564	4	9	54	18	3)
v(564	5	31	120	62	4)
v(565	1	11	25	22	3)
v(565	2	18	171	36	3)
v(565	3	14	154	28	3)
v(565	4	1	113	2	3)
v(566	1	26	79	52	1)
v(566	2	24	86	48	1)
v(567	1	13	169	26	0)
v(568	1	13	82	26	4)
v(568	2	20	30	40	3)
v(568	3	25	34	50	4)
v(568	4	28	164	56	3)
v(568	5	31	102	62	4)
v(569	1	18	59	36	2)
v(569	2	14	166	28	2)
v(569	3	11	92	22	2)
v(570	1	11	155	22	1)
v(570	2	26	179	52	1)
v(571	1	5	155	10	2)
v(571	2	8	102	16	2)
v(571	3	18	40	36	2)
v(572	1	25	89	50	4)
v(572	2	25	87	50	4)
v(572	3	14	109	28	4)
v(572	4	4	89	8	4)
v(572	5	24	103	48	4)
v(573	1	9	104	18	2)
v(573	2	21	76	42	2)
v(573	3	15	37	30	2)
v(574	1	12	79	24	2)
v(574	2	13	132	26	2)
v(574	3	14	154	28	2)
v(575	1	3	27	6	1)
v(575	2	27	72	54	1)
v(576	1	32	104	64	2)
v(576	2	12	47	24	2)
v(576	3	17	129	34	2)
v(577	1	4	35	8	4)
v(577	2	14	152	28	4)
v(577	3	29	132	58	3)
v(577	4	2	102	4	4)
v(577	5	14	68	28	3)
v(578	1	4	104	8	1)
v(578	2	16	66	32	1)
v(579	1	15	157	30	1)
v(579	2	31	57	62	1)
v(580	1	4	159	8	3)
v(580	2	22	46	44	3)
v(580	3	14	52	28	3)
v(580	4	3	155	6	3)
v(581	1	2	114	4	0)
v(582	1	28	159	56	0)
v(583	1	1	21	2	0)
v(584	1	7	136	14	2)
v(584	2	19	35	38	2)
v(584	3	10	156	20	2)
v(585	1	12	15	24	0)
v(586	1	9	45	18	2)
v(586	2	2	66	4	2)
v(586	3	30	80	60	2)
v(587	1	8	90	16	1)
v(587	2	22	176	44	1)
v(588	1	3	154	6	4)
v(588	2	24	139	48	4)
v(588	3	23	45	46	4)
v(588	4	22	148	44	4)
v(588	5	14	72	28	4)
v(589	1	28	67	56	1)
v(589	2	19	31	38	1)
v(590	1	9	138	18	2)
v(590	2	25	120	50	2)
v(590	3	21	122	42	2)
v(591	1	7	96	14	4)
v(591	2	21	76	42	4)
v(591	3	17	109	34	4)
v(591	4	12	89	24	4)
v(591	5	3	45	6	4)
v(592	1	27	178	54	4)
v(592	2	28	125	56	4)
v(592	3	5	11	10	3)
v(592	4	1	58	2	4)
v(592	5	20	119	40	3)
v(593	1	11	135	22	3)
v(593	2	32	87	64	3)
v(593	3	17	26	34	3)
v(593	4	12	88	24	3)
v(594	1	29	80	58	2)
v(594	2	7	23	14	2)
v(594	3	22	47	44	2)
v(595	1	8	106	16	3)
v(595	2	29	125	58	4)
v(595	3	24	26	48	4)
v(595	4	13	86	26	2)
v(595	5	22	23	44	3)
v(596	1	6	52	12	0)
v(596	2	4	6	8	0)
v(597	1	14	166	28	0)
v(598	1	1	157	2	1)
v(598	2	6	59	12	1)
v(599	1	17	136	34	2)
v(599	2	2	125	4	2)
v(599	3	1	35	2	2)
v(600	1	1	124	2	0)
e(1	1	2	80)
e(1	1	3	70)
e(1	2	3	150)
e(1	1	4	120)
e(1	2	4	100)
e(1	3	4	50)
e(2	1	3	20)
e(2	2	3	140)
e(2	1	4	80)
e(2	2	4	160)
e(2	3	4	80)
e(3	1	2	20)
e(4	1	2	20)
e(4	1	3	50)
e(4	2	3	50)
e(5	1	2	40)
e(5	1	3	90)
e(5	2	3	80)
e(5	1	4	120)
e(5	2	4	130)
e(5	3	4	70)
e(6	1	2	120)
e(6	1	3	160)
e(6	2	3	50)
e(7	1	2	70)
e(7	1	3	110)
e(7	2	3	130)
e(7	2	4	70)
e(7	3	4	100)
e(7	1	5	160)
e(7	2	5	60)
e(7	3	5	60)
e(7	4	5	160)
e(9	1	2	40)
e(9	1	3	110)
e(9	2	3	150)
e(9	1	4	40)
e(9	2	4	150)
e(9	3	4	110)
e(12	1	2	10)
e(12	1	3	140)
e(12	2	3	80)
e(13	1	2	130)
e(13	1	3	40)
e(13	1	4	110)
e(13	2	4	70)
e(13	3	4	40)
e(13	1	5	90)
e(13	2	5	40)
e(13	3	5	130)
e(13	4	5	160)
e(14	1	3	90)
e(14	2	3	150)
e(14	1	4	50)
e(14	2	4	120)
e(14	3	4	80)
e(15	1	2	160)
e(15	1	3	130)
e(15	2	3	30)
e(17	1	2	20)
e(18	1	3	130)
e(18	2	3	30)
e(18	1	4	130)
e(18	2	4	40)
e(18	3	4	10)
e(18	1	5	140)
e(18	2	5	150)
e(18	3	5	50)
e(18	4	5	150)
e(19	1	2	90)
e(20	1	2	70)
e(21	1	2	30)
e(21	1	3	110)
e(21	2	3	90)
e(23	1	2	30)
e(23	1	3	120)
e(23	2	3	140)
e(24	1	2	150)
e(24	1	3	140)
e(24	2	3	120)
e(24	1	4	70)
e(24	2	4	10)
e(24	3	4	20)
e(26	1	2	110)
e(26	1	3	80)
e(26	2	3	60)
e(26	1	4	10)
e(26	2	4	90)
e(26	3	4	140)
e(26	1	5	80)
e(26	2	5	60)
e(26	3	5	80)
e(26	4	5	50)
e(27	1	2	30)
e(27	1	3	100)
e(27	2	3	50)
e(27	1	4	100)
e(27	2	4	30)
e(27	3	4	80)
e(27	1	5	60)
e(27	2	5	50)
e(27	3	5	40)
e(27	4	5	50)
e(29	1	2	160)
e(29	1	3	40)
e(29	2	3	130)
e(30	1	2	130)
e(30	1	3	20)
e(30	2	3	40)
e(30	1	4	80)
e(30	2	4	120)
e(30	3	4	50)
e(31	1	2	70)
e(31	1	3	110)
e(31	2	3	130)
e(31	1	4	150)
e(31	2	4	90)
e(31	3	4	150)
e(32	1	2	140)
e(32	1	3	110)
e(32	2	3	110)
e(32	1	4	120)
e(32	2	4	80)
e(32	3	4	160)
e(33	1	2	110)
e(34	1	2	20)
e(34	1	3	130)
e(34	2	3	10)
e(34	1	4	160)
e(34	2	4	90)
e(34	3	4	90)
e(34	1	5	80)
e(34	2	5	60)
e(34	3	5	90)
e(34	4	5	40)
e(35	1	2	140)
e(37	1	2	150)
e(38	1	2	40)
e(38	1	3	140)
e(38	2	3	90)
e(39	1	2	160)
e(39	1	3	110)
e(39	2	3	120)
e(40	1	2	150)
e(42	1	2	80)
e(42	1	3	90)
e(42	2	3	30)
e(43	1	2	40)
e(43	1	3	160)
e(43	2	3	80)
e(44	1	3	150)
e(44	2	3	80)
e(45	1	2	160)
e(45	1	3	60)
e(45	2	3	20)
e(45	1	4	120)
e(45	2	4	20)
e(45	3	4	80)
e(46	1	2	100)
e(46	1	3	60)
e(46	1	4	120)
e(46	2	4	30)
e(46	3	4	60)
e(46	1	5	160)
e(46	2	5	20)
e(46	3	5	120)
e(46	4	5	50)
e(47	1	2	40)
e(47	1	3	130)
e(47	2	3	90)
e(47	1	4	130)
e(47	2	4	120)
e(47	3	4	30)
e(48	1	2	80)
e(48	1	3	130)
e(48	2	3	50)
e(50	1	2	20)
e(50	1	3	110)
e(50	2	3	120)
e(51	1	2	60)
e(51	1	3	140)
e(51	2	3	90)
e(51	1	4	10)
e(51	2	4	150)
e(51	3	4	20)
e(52	1	2	140)
e(52	1	3	50)
e(52	2	3	90)
e(52	1	4	50)
e(52	2	4	30)
e(52	3	4	20)
e(52	1	5	70)
e(52	2	5	100)
e(52	3	5	80)
e(52	4	5	90)
e(53	1	2	80)
e(53	1	3	160)
e(53	2	3	60)
e(53	1	4	90)
e(53	2	4	120)
e(53	3	4	40)
e(54	1	2	140)
e(55	1	2	20)
e(55	1	3	30)
e(55	2	3	30)
e(56	1	2	90)
e(56	1	3	160)
e(56	2	3	90)
e(56	1	4	90)
e(56	2	4	150)
e(56	3	4	10)
e(57	1	2	110)
e(57	1	3	80)
e(57	2	3	100)
e(57	1	4	120)
e(57	2	4	40)
e(57	3	4	160)
e(58	1	2	60)
e(58	1	3	160)
e(58	2	3	60)
e(58	1	4	30)
e(58	2	4	20)
e(58	3	4	70)
e(59	1	2	80)
e(59	1	3	90)
e(59	2	3	160)
e(60	1	2	40)
e(60	1	3	20)
e(60	2	3	140)
e(60	2	4	70)
e(60	3	4	160)
e(60	1	5	80)
e(60	2	5	30)
e(60	3	5	50)
e(60	4	5	60)
e(61	1	2	80)
e(61	1	3	60)
e(61	2	3	50)
e(61	1	4	140)
e(61	2	4	70)
e(61	3	4	110)
e(64	1	2	10)
e(64	1	3	80)
e(64	2	3	160)
e(65	1	2	10)
e(65	1	3	100)
e(65	2	3	150)
e(65	1	4	120)
e(65	2	4	80)
e(65	3	4	50)
e(65	1	5	60)
e(65	2	5	90)
e(65	3	5	90)
e(65	4	5	60)
e(66	1	2	120)
e(66	1	3	60)
e(66	2	3	80)
e(67	1	2	30)
e(67	1	3	40)
e(67	2	3	150)
e(67	1	4	40)
e(67	2	4	80)
e(67	3	4	160)
e(67	1	5	10)
e(67	2	5	40)
e(67	3	5	10)
e(67	4	5	150)
e(68	1	2	30)
e(69	2	3	130)
e(69	1	4	120)
e(69	2	4	110)
e(69	3	4	140)
e(69	2	5	40)
e(69	3	5	150)
e(69	4	5	50)
e(70	1	2	150)
e(70	1	4	130)
e(70	2	4	110)
e(70	3	4	160)
e(70	1	5	70)
e(70	2	5	20)
e(70	3	5	150)
e(70	4	5	160)
e(71	1	2	40)
e(72	1	2	40)
e(72	1	3	10)
e(72	2	3	110)
e(73	1	2	20)
e(73	1	3	60)
e(74	1	2	130)
e(74	2	3	10)
e(75	1	2	120)
e(75	1	3	110)
e(75	2	3	70)
e(76	1	2	120)
e(76	1	3	130)
e(76	2	3	110)
e(76	1	4	90)
e(76	3	4	110)
e(76	1	5	50)
e(76	2	5	20)
e(76	3	5	100)
e(76	4	5	10)
e(77	1	2	130)
e(77	1	3	130)
e(77	1	4	160)
e(77	2	4	100)
e(77	1	5	90)
e(77	2	5	80)
e(77	3	5	30)
e(77	4	5	40)
e(78	1	2	120)
e(78	1	3	110)
e(78	2	3	80)
e(80	1	2	150)
e(80	1	3	140)
e(80	2	3	120)
e(80	1	4	70)
e(80	2	4	90)
e(80	3	4	120)
e(82	1	2	160)
e(82	1	3	20)
e(82	2	3	110)
e(83	1	2	110)
e(84	1	2	90)
e(85	1	2	50)
e(85	2	3	80)
e(85	1	4	30)
e(85	2	4	20)
e(85	3	4	60)
e(85	1	5	130)
e(85	2	5	50)
e(85	3	5	30)
e(85	4	5	10)
e(86	1	2	130)
e(86	2	3	10)
e(87	1	2	110)
e(87	1	3	130)
e(87	2	3	40)
e(87	1	4	110)
e(87	2	4	100)
e(87	3	4	30)
e(87	1	5	40)
e(87	2	5	10)
e(87	3	5	70)
e(87	4	5	160)
e(89	1	2	30)
e(89	1	3	140)
e(89	2	3	150)
e(89	1	4	70)
e(89	2	4	70)
e(89	3	4	80)
e(90	1	2	70)
e(90	1	3	90)
e(90	2	3	20)
e(90	1	4	150)
e(90	2	4	50)
e(90	3	4	110)
e(91	1	2	50)
e(91	1	3	50)
e(91	2	3	10)
e(93	1	2	160)
e(93	2	3	80)
e(93	1	4	100)
e(93	2	4	80)
e(93	1	5	60)
e(93	2	5	130)
e(93	4	5	160)
e(95	1	2	90)
e(95	1	3	10)
e(95	2	3	160)
e(95	2	4	120)
e(95	3	4	80)
e(95	1	5	110)
e(95	2	5	60)
e(95	3	5	70)
e(95	4	5	10)
e(96	1	2	50)
e(97	1	2	20)
e(98	1	2	10)
e(98	1	3	20)
e(98	2	3	160)
e(98	1	4	160)
e(98	2	4	140)
e(98	3	4	20)
e(98	1	5	70)
e(98	2	5	20)
e(98	3	5	110)
e(98	4	5	30)
e(99	1	2	140)
e(99	1	3	20)
e(99	2	3	20)
e(99	1	4	100)
e(99	2	4	130)
e(99	3	4	90)
e(99	1	5	110)
e(99	2	5	110)
e(99	3	5	160)
e(99	4	5	10)
e(100	1	2	90)
e(100	1	3	80)
e(100	2	3	130)
e(101	1	2	120)
e(101	1	3	40)
e(101	2	3	90)
e(101	1	4	120)
e(101	2	4	120)
e(101	3	4	110)
e(101	1	5	90)
e(101	2	5	100)
e(101	3	5	50)
e(101	4	5	100)
e(102	1	2	40)
e(103	1	2	140)
e(104	1	3	160)
e(104	2	3	80)
e(105	1	2	90)
e(105	1	3	90)
e(105	2	3	150)
e(106	1	2	90)
e(106	1	3	140)
e(106	2	3	90)
e(107	1	2	120)
e(108	1	2	100)
e(108	1	3	40)
e(108	2	3	20)
e(108	1	4	10)
e(108	2	4	90)
e(108	3	4	140)
e(109	1	2	160)
e(109	1	3	150)
e(109	2	3	70)
e(109	1	4	160)
e(109	2	4	100)
e(111	1	2	10)
e(114	1	2	60)
e(114	1	3	110)
e(114	2	3	130)
e(114	1	4	40)
e(114	2	4	50)
e(115	1	2	120)
e(115	1	3	80)
e(115	2	3	130)
e(116	1	2	130)
e(116	1	3	80)
e(116	2	3	120)
e(116	1	4	100)
e(116	2	4	100)
e(116	3	4	130)
e(119	1	2	60)
e(120	1	2	60)
e(120	1	3	10)
e(120	2	3	70)
e(121	1	2	160)
e(123	1	2	40)
e(123	1	3	110)
e(123	2	3	60)
e(123	1	4	30)
e(123	2	4	20)
e(123	3	4	40)
e(123	1	5	20)
e(123	2	5	80)
e(123	3	5	40)
e(123	4	5	10)
e(124	1	2	80)
e(125	1	2	150)
e(127	1	2	60)
e(127	1	3	10)
e(127	2	3	60)
e(127	1	4	80)
e(127	2	4	30)
e(127	3	4	40)
e(128	1	2	60)
e(128	1	3	10)
e(128	2	3	120)
e(128	2	4	160)
e(128	1	5	110)
e(128	2	5	90)
e(128	3	5	110)
e(128	4	5	80)
e(130	1	2	140)
e(130	1	3	70)
e(130	2	3	60)
e(130	1	4	70)
e(130	2	4	70)
e(130	3	4	20)
e(130	1	5	90)
e(130	2	5	150)
e(130	3	5	140)
e(130	4	5	140)
e(133	1	2	120)
e(134	1	2	70)
e(134	2	3	70)
e(135	1	2	30)
e(135	1	3	60)
e(135	2	3	130)
e(135	1	4	10)
e(135	2	4	130)
e(135	1	5	160)
e(135	2	5	50)
e(135	3	5	10)
e(135	4	5	100)
e(137	1	2	140)
e(137	1	3	160)
e(137	2	3	140)
e(137	1	4	40)
e(137	2	4	110)
e(137	3	4	40)
e(138	1	2	160)
e(138	1	3	60)
e(138	2	3	160)
e(138	1	4	110)
e(138	2	4	130)
e(138	3	4	20)
e(138	1	5	40)
e(138	2	5	60)
e(138	3	5	50)
e(138	4	5	130)
e(139	1	2	130)
e(139	1	3	110)
e(139	2	3	120)
e(139	1	4	30)
e(139	2	4	150)
e(139	3	4	50)
e(140	1	2	110)
e(143	1	2	70)
e(144	1	2	100)
e(145	1	2	160)
e(145	1	3	60)
e(145	1	4	10)
e(145	2	4	80)
e(145	3	4	20)
e(145	1	5	30)
e(145	2	5	10)
e(145	3	5	50)
e(145	4	5	150)
e(146	1	3	160)
e(146	2	3	160)
e(147	1	2	50)
e(147	1	3	30)
e(147	2	3	130)
e(147	1	4	80)
e(147	2	4	110)
e(147	3	4	130)
e(147	1	5	140)
e(147	2	5	60)
e(147	3	5	70)
e(148	1	2	10)
e(148	1	3	10)
e(148	2	3	160)
e(148	1	4	70)
e(148	2	4	160)
e(148	3	4	110)
e(148	1	5	10)
e(148	2	5	50)
e(148	3	5	160)
e(148	4	5	150)
e(149	1	2	20)
e(149	1	3	90)
e(149	2	3	160)
e(150	1	2	150)
e(150	1	3	60)
e(150	1	4	30)
e(150	2	4	160)
e(150	3	4	120)
e(152	1	2	110)
e(152	1	3	120)
e(152	2	3	50)
e(152	1	4	120)
e(152	3	4	140)
e(153	1	2	140)
e(155	1	2	70)
e(155	1	3	20)
e(155	2	3	90)
e(155	1	4	110)
e(155	2	4	10)
e(155	3	4	160)
e(155	1	5	70)
e(155	2	5	60)
e(155	3	5	140)
e(155	4	5	150)
e(156	1	2	120)
e(158	1	2	140)
e(158	1	3	50)
e(158	2	3	30)
e(159	1	2	140)
e(159	1	3	30)
e(159	2	3	80)
e(159	1	4	150)
e(159	2	4	160)
e(159	3	4	60)
e(160	1	2	60)
e(160	1	3	30)
e(160	2	3	50)
e(160	1	4	10)
e(160	2	4	110)
e(160	3	4	20)
e(161	1	2	20)
e(162	1	2	120)
e(162	1	4	160)
e(162	2	4	30)
e(162	3	4	120)
e(162	1	5	100)
e(162	2	5	100)
e(162	3	5	160)
e(162	4	5	80)
e(163	1	2	60)
e(163	1	3	130)
e(163	2	3	120)
e(164	1	2	110)
e(164	1	3	160)
e(164	2	3	110)
e(164	1	4	70)
e(164	2	4	30)
e(164	3	4	20)
e(164	1	5	110)
e(164	2	5	110)
e(164	3	5	150)
e(164	4	5	30)
e(165	1	2	30)
e(165	1	3	110)
e(165	2	3	120)
e(165	1	4	120)
e(165	2	4	30)
e(166	1	2	10)
e(166	1	3	90)
e(166	2	3	70)
e(166	1	4	150)
e(166	2	4	40)
e(166	3	4	70)
e(167	1	2	140)
e(167	1	3	150)
e(167	2	3	90)
e(167	1	4	120)
e(167	2	4	20)
e(167	3	4	140)
e(168	1	2	80)
e(169	1	2	70)
e(169	1	3	160)
e(169	2	3	120)
e(169	1	4	80)
e(169	2	4	80)
e(169	3	4	150)
e(169	1	5	40)
e(169	2	5	130)
e(169	3	5	70)
e(169	4	5	90)
e(170	1	2	80)
e(172	1	2	90)
e(173	1	2	50)
e(173	1	3	150)
e(173	2	3	70)
e(173	1	4	10)
e(173	2	4	130)
e(173	3	4	100)
e(173	1	5	40)
e(173	2	5	130)
e(173	3	5	60)
e(173	4	5	40)
e(175	1	2	70)
e(175	1	3	80)
e(175	2	3	20)
e(176	1	2	140)
e(176	1	3	130)
e(176	2	3	100)
e(176	1	4	160)
e(176	2	4	150)
e(176	3	4	40)
e(176	1	5	30)
e(176	2	5	20)
e(176	3	5	60)
e(176	4	5	50)
e(178	1	2	150)
e(178	1	3	10)
e(178	2	3	120)
e(178	1	4	80)
e(178	2	4	60)
e(178	3	4	70)
e(179	1	2	50)
e(179	1	3	160)
e(179	2	3	70)
e(181	1	2	80)
e(181	1	3	30)
e(181	2	3	70)
e(181	1	4	160)
e(181	2	4	130)
e(181	3	4	60)
e(181	1	5	10)
e(181	2	5	120)
e(181	3	5	60)
e(181	4	5	150)
e(182	1	2	110)
e(184	1	2	40)
e(184	1	3	160)
e(184	2	3	60)
e(185	1	2	160)
e(185	2	3	140)
e(186	1	2	150)
e(188	1	2	130)
e(191	1	2	140)
e(191	1	3	130)
e(191	2	3	140)
e(192	1	2	120)
e(192	2	3	80)
e(192	1	4	90)
e(192	2	4	10)
e(192	3	4	130)
e(192	1	5	70)
e(192	2	5	110)
e(192	4	5	100)
e(193	1	2	40)
e(194	1	2	40)
e(195	1	2	120)
e(195	2	3	90)
e(195	1	4	150)
e(195	2	4	160)
e(195	3	4	130)
e(195	1	5	30)
e(195	2	5	140)
e(195	3	5	120)
e(196	1	2	70)
e(198	1	2	150)
e(198	1	3	10)
e(198	2	3	110)
e(198	1	4	160)
e(198	2	4	40)
e(198	3	4	150)
e(199	1	3	150)
e(199	2	3	50)
e(199	1	4	120)
e(199	2	4	90)
e(199	3	4	120)
e(200	1	2	80)
e(202	1	2	40)
e(204	1	2	100)
e(205	1	2	80)
e(206	1	3	140)
e(206	2	3	50)
e(206	1	4	40)
e(206	2	4	30)
e(206	3	4	120)
e(207	1	3	140)
e(207	2	3	10)
e(207	1	4	40)
e(207	2	4	110)
e(207	3	4	70)
e(208	1	2	150)
e(208	1	3	130)
e(208	2	3	100)
e(208	1	4	70)
e(208	2	4	40)
e(208	3	4	100)
e(208	1	5	160)
e(208	2	5	20)
e(208	3	5	70)
e(208	4	5	80)
e(209	1	2	120)
e(209	2	3	40)
e(210	1	2	10)
e(210	1	3	120)
e(210	2	3	120)
e(211	1	2	140)
e(211	1	3	20)
e(211	1	4	130)
e(211	2	4	110)
e(211	3	4	30)
e(211	1	5	20)
e(211	2	5	30)
e(211	4	5	50)
e(212	1	2	110)
e(212	1	3	100)
e(212	2	3	50)
e(212	1	4	150)
e(212	2	4	100)
e(213	1	2	20)
e(213	1	3	80)
e(213	2	3	120)
e(214	1	2	40)
e(215	1	2	90)
e(215	1	3	90)
e(215	2	3	90)
e(215	1	4	80)
e(215	2	4	140)
e(215	3	4	150)
e(215	1	5	140)
e(215	2	5	50)
e(215	3	5	140)
e(215	4	5	80)
e(218	1	2	130)
e(218	1	3	160)
e(218	2	3	60)
e(218	1	4	60)
e(218	2	4	70)
e(218	3	4	160)
e(218	1	5	140)
e(218	2	5	30)
e(218	3	5	50)
e(218	4	5	20)
e(219	1	2	50)
e(219	1	3	10)
e(219	2	3	90)
e(219	1	4	40)
e(219	2	4	110)
e(219	3	4	90)
e(224	1	2	10)
e(226	1	2	70)
e(226	1	3	110)
e(226	2	3	70)
e(226	1	4	50)
e(226	2	4	100)
e(226	3	4	80)
e(227	1	2	120)
e(227	1	3	130)
e(227	1	4	60)
e(227	2	4	120)
e(227	3	4	90)
e(227	1	5	90)
e(227	2	5	120)
e(227	4	5	50)
e(228	1	2	90)
e(228	1	3	50)
e(228	2	3	70)
e(228	1	4	20)
e(228	2	4	10)
e(228	3	4	130)
e(228	1	5	160)
e(228	2	5	150)
e(228	3	5	20)
e(228	4	5	130)
e(229	1	2	20)
e(229	1	3	60)
e(229	2	3	90)
e(229	1	4	150)
e(229	2	4	150)
e(229	3	4	30)
e(229	1	5	120)
e(229	2	5	70)
e(231	1	2	150)
e(231	1	3	90)
e(231	2	3	50)
e(231	1	4	90)
e(231	2	4	10)
e(231	3	4	120)
e(231	1	5	60)
e(231	2	5	30)
e(231	3	5	90)
e(231	4	5	30)
e(232	1	2	60)
e(232	1	3	140)
e(232	2	3	10)
e(234	1	2	100)
e(235	1	2	60)
e(238	1	2	130)
e(238	1	3	50)
e(238	2	3	40)
e(238	1	4	160)
e(238	2	4	100)
e(238	1	5	70)
e(238	2	5	140)
e(238	3	5	60)
e(238	4	5	80)
e(239	1	2	50)
e(240	1	2	160)
e(241	1	2	50)
e(241	1	3	80)
e(241	2	3	60)
e(241	1	4	70)
e(241	2	4	100)
e(241	3	4	120)
e(241	1	5	10)
e(241	2	5	50)
e(241	3	5	40)
e(241	4	5	40)
e(242	1	2	40)
e(242	1	3	30)
e(242	2	3	20)
e(242	1	4	10)
e(242	3	4	70)
e(242	1	5	100)
e(242	2	5	50)
e(242	3	5	130)
e(242	4	5	140)
e(243	1	2	150)
e(243	1	3	60)
e(243	2	3	120)
e(244	1	2	50)
e(245	1	2	110)
e(245	1	3	90)
e(245	2	3	150)
e(245	1	4	100)
e(245	2	4	140)
e(245	3	4	10)
e(245	1	5	60)
e(245	3	5	160)
e(245	4	5	30)
e(246	1	2	150)
e(246	1	3	150)
e(246	2	3	100)
e(247	1	2	160)
e(247	1	3	50)
e(247	2	3	80)
e(248	1	2	40)
e(248	1	3	70)
e(248	2	3	80)
e(248	1	4	30)
e(248	2	4	10)
e(248	3	4	140)
e(250	1	2	160)
e(250	2	3	130)
e(250	1	4	30)
e(250	2	4	100)
e(250	3	4	10)
e(250	1	5	70)
e(250	2	5	80)
e(250	3	5	70)
e(250	4	5	100)
e(251	1	2	130)
e(252	1	3	20)
e(252	2	3	50)
e(252	1	4	100)
e(252	2	4	120)
e(252	3	4	70)
e(253	1	2	120)
e(253	1	3	130)
e(253	2	3	150)
e(253	1	4	90)
e(253	2	4	110)
e(253	3	4	70)
e(253	1	5	10)
e(253	2	5	10)
e(253	3	5	120)
e(253	4	5	20)
e(254	1	2	20)
e(255	1	2	160)
e(255	1	3	20)
e(255	2	3	140)
e(257	1	2	40)
e(257	1	3	160)
e(257	2	3	120)
e(257	2	4	20)
e(257	1	5	140)
e(257	2	5	130)
e(257	3	5	60)
e(257	4	5	120)
e(259	1	2	110)
e(259	1	3	50)
e(259	2	3	40)
e(260	1	2	20)
e(260	1	3	80)
e(260	2	3	130)
e(261	1	2	110)
e(261	2	3	20)
e(262	1	2	120)
e(262	1	3	140)
e(262	2	3	30)
e(262	1	4	30)
e(262	2	4	120)
e(262	3	4	50)
e(262	1	5	160)
e(262	2	5	100)
e(262	3	5	110)
e(262	4	5	30)
e(263	1	2	150)
e(263	1	3	30)
e(263	2	3	160)
e(264	1	2	100)
e(264	1	3	50)
e(264	2	3	30)
e(264	1	4	150)
e(264	2	4	130)
e(264	3	4	70)
e(265	1	3	80)
e(265	1	4	20)
e(265	3	4	30)
e(265	1	5	30)
e(265	2	5	130)
e(265	3	5	20)
e(265	4	5	160)
e(266	1	2	50)
e(267	1	2	30)
e(267	1	3	130)
e(267	2	3	110)
e(267	1	4	80)
e(267	2	4	50)
e(267	3	4	130)
e(267	1	5	10)
e(267	2	5	20)
e(267	3	5	150)
e(267	4	5	50)
e(268	1	2	80)
e(268	1	3	120)
e(268	2	3	80)
e(270	1	2	160)
e(270	1	3	140)
e(270	2	3	40)
e(271	1	2	60)
e(271	1	3	160)
e(271	2	3	70)
e(271	1	4	110)
e(271	2	4	20)
e(271	3	4	110)
e(273	1	2	100)
e(273	1	3	10)
e(273	2	3	60)
e(278	1	2	80)
e(279	1	2	10)
e(279	1	3	40)
e(279	1	4	70)
e(279	2	4	110)
e(279	3	4	130)
e(280	1	2	90)
e(280	1	3	30)
e(280	2	3	60)
e(282	1	2	80)
e(282	1	3	140)
e(282	2	3	160)
e(282	1	4	30)
e(282	2	4	40)
e(282	3	4	50)
e(282	1	5	160)
e(282	2	5	160)
e(282	3	5	130)
e(282	4	5	90)
e(283	1	2	110)
e(283	1	3	120)
e(283	2	3	70)
e(283	1	4	40)
e(283	2	4	80)
e(283	3	4	70)
e(284	1	2	10)
e(284	1	3	10)
e(284	2	3	80)
e(285	1	2	130)
e(285	1	3	40)
e(285	2	3	40)
e(285	1	4	50)
e(285	2	4	20)
e(285	3	4	120)
e(285	1	5	40)
e(285	3	5	40)
e(285	4	5	90)
e(286	1	2	90)
e(286	1	3	20)
e(286	2	3	160)
e(286	1	4	110)
e(286	2	4	160)
e(286	3	4	20)
e(286	1	5	10)
e(286	2	5	120)
e(286	3	5	50)
e(286	4	5	120)
e(287	1	2	90)
e(288	1	2	130)
e(288	1	3	50)
e(288	2	3	110)
e(288	1	4	160)
e(288	2	4	70)
e(288	3	4	120)
e(288	1	5	160)
e(288	2	5	80)
e(288	3	5	40)
e(288	4	5	60)
e(290	1	2	110)
e(290	2	3	70)
e(290	1	4	80)
e(290	2	4	90)
e(290	3	4	20)
e(290	1	5	80)
e(290	2	5	150)
e(290	3	5	110)
e(290	4	5	60)
e(291	1	2	120)
e(291	1	3	130)
e(291	2	3	60)
e(291	1	4	160)
e(291	2	4	120)
e(291	3	4	160)
e(293	1	2	60)
e(293	1	3	60)
e(293	2	3	160)
e(293	1	4	120)
e(293	2	4	130)
e(293	3	4	30)
e(294	1	2	10)
e(294	1	3	60)
e(294	2	3	30)
e(294	1	4	120)
e(294	2	4	100)
e(294	3	4	100)
e(295	1	2	10)
e(295	1	3	150)
e(295	2	3	80)
e(295	1	4	150)
e(295	2	4	160)
e(295	3	4	50)
e(295	1	5	10)
e(295	2	5	20)
e(295	3	5	20)
e(295	4	5	100)
e(296	1	2	130)
e(297	1	2	130)
e(297	1	3	140)
e(297	2	3	140)
e(299	1	2	50)
e(299	1	3	30)
e(299	2	3	150)
e(300	1	2	150)
e(300	1	3	80)
e(300	2	3	110)
e(300	1	4	50)
e(300	2	4	100)
e(300	3	4	150)
e(302	1	2	120)
e(303	1	3	100)
e(303	2	3	10)
e(304	1	2	110)
e(304	1	3	120)
e(304	2	3	30)
e(304	1	4	150)
e(304	2	4	140)
e(304	3	4	20)
e(305	1	2	100)
e(305	1	3	30)
e(305	2	3	150)
e(305	1	4	40)
e(305	2	4	50)
e(305	3	4	50)
e(306	1	2	150)
e(306	2	3	140)
e(307	1	2	30)
e(309	1	2	10)
e(309	1	3	110)
e(309	2	3	160)
e(309	2	4	30)
e(309	3	4	130)
e(310	1	2	120)
e(310	1	3	130)
e(310	2	3	10)
e(310	1	4	100)
e(310	2	4	40)
e(310	3	4	40)
e(310	1	5	80)
e(310	2	5	20)
e(310	3	5	40)
e(310	4	5	10)
e(311	1	2	140)
e(312	1	2	140)
e(312	1	3	80)
e(312	2	3	120)
e(312	1	4	10)
e(312	2	4	80)
e(312	3	4	160)
e(314	1	2	160)
e(314	1	3	150)
e(314	2	3	110)
e(314	1	4	150)
e(314	2	4	140)
e(316	1	2	90)
e(316	1	3	40)
e(316	2	3	70)
e(316	1	4	30)
e(316	2	4	10)
e(316	3	4	70)
e(316	1	5	150)
e(316	2	5	140)
e(316	3	5	50)
e(316	4	5	80)
e(317	1	2	150)
e(318	1	3	20)
e(318	2	3	130)
e(318	1	4	90)
e(318	2	4	150)
e(318	3	4	30)
e(319	1	2	30)
e(319	1	3	90)
e(319	2	3	140)
e(320	1	3	150)
e(320	2	3	50)
e(322	1	2	60)
e(323	1	3	130)
e(323	2	3	80)
e(325	1	2	50)
e(325	1	3	30)
e(325	2	3	40)
e(325	1	4	150)
e(325	2	4	90)
e(325	3	4	20)
e(325	1	5	70)
e(325	2	5	120)
e(325	3	5	60)
e(325	4	5	140)
e(327	1	2	30)
e(327	1	3	150)
e(327	2	3	140)
e(327	2	4	80)
e(327	3	4	20)
e(328	1	2	150)
e(328	2	3	10)
e(328	1	4	80)
e(328	2	4	10)
e(328	3	4	120)
e(328	1	5	70)
e(328	3	5	60)
e(328	4	5	160)
e(329	1	2	100)
e(329	1	3	70)
e(329	2	3	110)
e(329	1	4	110)
e(329	2	4	10)
e(329	3	4	110)
e(330	1	2	160)
e(330	1	3	140)
e(330	2	3	140)
e(330	1	4	10)
e(330	3	4	90)
e(330	1	5	40)
e(330	2	5	70)
e(330	3	5	150)
e(330	4	5	130)
e(332	1	2	110)
e(332	1	3	60)
e(332	2	3	150)
e(333	1	2	140)
e(333	1	3	70)
e(333	2	3	60)
e(333	1	4	90)
e(333	2	4	60)
e(333	3	4	40)
e(333	1	5	110)
e(333	2	5	160)
e(333	3	5	70)
e(333	4	5	100)
e(336	1	2	50)
e(336	1	3	150)
e(336	2	3	60)
e(336	2	4	130)
e(336	3	4	10)
e(336	1	5	140)
e(336	4	5	70)
e(337	1	2	60)
e(337	2	3	130)
e(339	1	2	10)
e(341	1	2	150)
e(341	1	3	50)
e(341	2	3	160)
e(341	2	4	50)
e(341	3	4	80)
e(343	1	2	90)
e(343	1	3	10)
e(343	2	3	30)
e(344	1	2	90)
e(344	1	3	10)
e(344	2	3	40)
e(344	1	4	90)
e(344	2	4	100)
e(344	3	4	20)
e(344	1	5	140)
e(344	2	5	90)
e(344	3	5	20)
e(344	4	5	20)
e(346	1	2	160)
e(347	1	2	30)
e(347	1	3	40)
e(347	2	3	30)
e(347	1	4	90)
e(347	2	4	140)
e(347	3	4	140)
e(347	1	5	140)
e(347	2	5	120)
e(347	3	5	10)
e(347	4	5	140)
e(348	1	2	60)
e(349	1	2	80)
e(349	1	3	40)
e(349	1	4	110)
e(349	2	4	40)
e(349	3	4	50)
e(350	1	2	120)
e(350	1	3	30)
e(350	2	3	30)
e(350	1	4	50)
e(351	1	2	20)
e(351	1	3	50)
e(351	2	3	40)
e(351	1	4	160)
e(351	2	4	80)
e(351	3	4	140)
e(352	1	2	60)
e(352	1	3	80)
e(352	2	3	60)
e(353	1	2	20)
e(353	1	3	130)
e(353	2	3	100)
e(354	1	2	70)
e(355	1	2	60)
e(355	1	3	90)
e(355	2	3	110)
e(355	1	4	130)
e(355	2	4	70)
e(355	3	4	160)
e(356	1	2	50)
e(356	1	3	110)
e(356	2	3	70)
e(356	1	4	50)
e(356	2	4	40)
e(356	3	4	130)
e(357	1	2	50)
e(357	1	3	140)
e(357	2	3	150)
e(357	1	4	20)
e(357	2	4	30)
e(357	3	4	30)
e(359	1	2	50)
e(359	1	3	30)
e(359	2	3	150)
e(361	1	2	20)
e(361	1	3	140)
e(361	2	3	10)
e(361	1	4	130)
e(361	2	4	110)
e(361	3	4	40)
e(362	1	2	150)
e(362	1	3	70)
e(362	2	3	110)
e(362	1	4	160)
e(362	1	5	140)
e(362	2	5	90)
e(362	3	5	120)
e(362	4	5	90)
e(363	1	2	140)
e(363	1	3	150)
e(364	1	2	30)
e(364	1	3	90)
e(364	2	3	110)
e(364	1	4	110)
e(364	2	4	60)
e(364	3	4	150)
e(364	1	5	130)
e(364	2	5	50)
e(364	3	5	160)
e(364	4	5	150)
e(366	1	2	40)
e(368	1	2	20)
e(368	1	3	20)
e(368	2	3	130)
e(368	1	4	100)
e(368	2	4	150)
e(369	1	2	20)
e(370	1	2	110)
e(370	1	3	30)
e(370	2	3	150)
e(371	1	2	160)
e(372	1	2	30)
e(372	1	3	50)
e(372	2	3	100)
e(372	2	4	50)
e(372	3	4	80)
e(372	1	5	160)
e(372	2	5	80)
e(372	3	5	120)
e(372	4	5	40)
e(373	1	2	30)
e(374	1	2	90)
e(374	1	3	30)
e(374	2	3	20)
e(376	1	2	160)
e(376	1	3	40)
e(376	2	3	140)
e(378	1	2	140)
e(378	1	3	100)
e(378	2	3	120)
e(378	1	4	30)
e(378	2	4	70)
e(378	3	4	20)
e(379	1	2	20)
e(379	1	3	30)
e(379	2	3	50)
e(379	1	4	130)
e(379	2	4	40)
e(379	3	4	160)
e(380	1	2	70)
e(380	1	3	100)
e(380	2	3	150)
e(380	1	4	120)
e(380	3	4	100)
e(381	1	2	130)
e(381	1	3	150)
e(381	2	3	60)
e(381	1	4	30)
e(381	2	4	100)
e(381	3	4	50)
e(383	1	2	60)
e(383	1	3	90)
e(383	2	3	150)
e(384	1	2	130)
e(384	1	3	70)
e(384	2	3	30)
e(384	1	4	160)
e(384	2	4	70)
e(384	1	5	120)
e(384	2	5	100)
e(384	3	5	70)
e(384	4	5	50)
e(385	1	2	60)
e(385	1	3	140)
e(385	2	3	140)
e(385	1	4	140)
e(385	2	4	110)
e(385	3	4	150)
e(385	1	5	110)
e(385	2	5	80)
e(385	3	5	90)
e(385	4	5	40)
e(386	1	2	80)
e(386	1	3	50)
e(386	2	3	140)
e(386	1	4	20)
e(386	2	4	30)
e(386	3	4	150)
e(387	1	2	90)
e(388	1	2	110)
e(389	1	2	130)
e(389	1	3	30)
e(389	2	3	70)
e(391	1	2	100)
e(391	1	3	80)
e(391	2	3	90)
e(391	1	4	40)
e(391	2	4	70)
e(391	3	4	40)
e(391	1	5	130)
e(391	2	5	160)
e(391	3	5	10)
e(391	4	5	30)
e(392	1	2	140)
e(393	1	2	10)
e(394	1	2	140)
e(395	1	2	120)
e(395	1	3	130)
e(395	2	3	120)
e(395	1	4	20)
e(395	2	4	160)
e(395	3	4	30)
e(396	1	2	160)
e(396	1	3	50)
e(396	2	3	50)
e(396	1	4	150)
e(396	2	4	70)
e(396	3	4	70)
e(397	1	2	80)
e(398	1	2	60)
e(400	1	2	140)
e(401	1	2	50)
e(401	1	3	120)
e(401	2	3	130)
e(401	1	4	100)
e(401	2	4	80)
e(401	3	4	120)
e(401	1	5	140)
e(401	2	5	110)
e(401	4	5	50)
e(402	1	2	50)
e(402	1	3	110)
e(402	2	3	130)
e(403	1	2	50)
e(403	1	4	30)
e(403	2	4	110)
e(403	3	4	160)
e(403	1	5	40)
e(403	2	5	40)
e(403	3	5	70)
e(403	4	5	20)
e(404	1	2	50)
e(404	1	3	70)
e(404	2	3	80)
e(404	1	4	80)
e(404	2	4	40)
e(404	3	4	110)
e(405	1	2	160)
e(405	1	3	150)
e(405	2	3	50)
e(406	1	2	10)
e(406	1	4	120)
e(406	2	4	30)
e(406	3	4	10)
e(406	1	5	40)
e(406	2	5	100)
e(406	3	5	160)
e(406	4	5	140)
e(407	1	2	10)
e(407	1	3	160)
e(407	2	3	130)
e(407	1	4	100)
e(407	2	4	60)
e(407	3	4	80)
e(407	1	5	80)
e(407	2	5	90)
e(407	4	5	40)
e(408	1	2	130)
e(408	1	3	120)
e(408	2	3	50)
e(408	2	4	140)
e(408	3	4	100)
e(409	1	2	70)
e(410	1	2	130)
e(410	1	3	30)
e(410	2	3	20)
e(410	1	4	110)
e(410	2	4	20)
e(410	3	4	10)
e(412	1	2	90)
e(412	1	3	160)
e(412	2	3	130)
e(413	1	2	120)
e(414	1	2	100)
e(414	1	3	80)
e(414	2	3	30)
e(414	1	4	60)
e(414	2	4	110)
e(414	3	4	20)
e(414	1	5	140)
e(414	2	5	50)
e(414	3	5	140)
e(414	4	5	30)
e(415	1	2	110)
e(415	1	3	100)
e(415	2	3	10)
e(415	1	4	110)
e(415	2	4	90)
e(415	3	4	140)
e(418	1	2	50)
e(418	1	3	90)
e(420	1	2	120)
e(420	1	3	80)
e(420	2	3	120)
e(421	1	2	90)
e(421	1	3	90)
e(421	2	3	90)
e(421	1	4	100)
e(421	3	4	30)
e(421	1	5	160)
e(421	2	5	110)
e(421	3	5	60)
e(421	4	5	20)
e(423	1	2	160)
e(423	1	3	40)
e(423	1	4	90)
e(423	2	4	10)
e(423	3	4	160)
e(423	1	5	120)
e(423	2	5	130)
e(423	3	5	130)
e(423	4	5	50)
e(424	1	2	110)
e(424	1	3	90)
e(424	2	3	40)
e(425	1	2	70)
e(426	1	2	120)
e(426	1	3	60)
e(426	2	3	10)
e(427	1	2	60)
e(427	1	3	120)
e(427	2	3	90)
e(427	1	4	120)
e(427	2	4	10)
e(428	1	2	10)
e(428	1	3	60)
e(428	2	3	90)
e(428	1	4	150)
e(428	2	4	90)
e(428	3	4	120)
e(429	1	2	60)
e(429	1	3	130)
e(429	2	3	10)
e(429	1	4	120)
e(429	2	4	150)
e(429	3	4	100)
e(430	1	2	10)
e(430	1	3	120)
e(430	2	3	120)
e(430	1	4	150)
e(430	2	4	10)
e(430	3	4	70)
e(432	1	2	20)
e(434	1	2	160)
e(434	1	3	20)
e(434	2	3	80)
e(434	1	4	140)
e(434	2	4	130)
e(434	3	4	120)
e(435	1	2	10)
e(435	1	3	40)
e(435	2	3	150)
e(436	1	2	10)
e(436	1	3	120)
e(436	2	3	20)
e(436	1	4	10)
e(436	2	4	140)
e(436	3	4	50)
e(436	1	5	90)
e(436	2	5	10)
e(436	3	5	160)
e(436	4	5	150)
e(437	1	2	100)
e(437	1	3	160)
e(437	2	3	90)
e(439	1	3	150)
e(439	2	3	140)
e(439	2	4	30)
e(439	3	4	20)
e(439	1	5	70)
e(439	2	5	90)
e(439	3	5	140)
e(439	4	5	120)
e(440	1	2	70)
e(440	1	3	70)
e(440	2	3	20)
e(440	1	4	40)
e(440	2	4	100)
e(440	3	4	90)
e(440	1	5	150)
e(440	2	5	40)
e(440	3	5	30)
e(440	4	5	80)
e(441	1	2	150)
e(442	1	2	30)
e(443	1	2	70)
e(444	1	2	130)
e(444	1	3	10)
e(444	2	3	30)
e(444	1	4	10)
e(444	2	4	80)
e(444	3	4	30)
e(446	1	2	10)
e(446	1	3	50)
e(446	2	3	160)
e(446	1	4	80)
e(446	2	4	120)
e(447	1	2	140)
e(448	1	2	80)
e(449	1	2	30)
e(449	1	3	30)
e(449	2	3	80)
e(450	1	2	80)
e(451	1	2	60)
e(451	1	3	130)
e(451	2	3	20)
e(451	1	4	110)
e(451	2	4	100)
e(451	3	4	110)
e(452	1	2	160)
e(452	1	3	110)
e(452	2	3	150)
e(452	1	4	30)
e(452	2	4	140)
e(452	3	4	100)
e(453	1	2	90)
e(454	1	2	80)
e(454	1	3	80)
e(454	2	3	100)
e(454	1	4	70)
e(454	2	4	10)
e(454	3	4	100)
e(454	1	5	110)
e(454	2	5	30)
e(454	3	5	150)
e(454	4	5	150)
e(455	1	2	150)
e(455	1	3	30)
e(455	2	3	100)
e(456	1	2	130)
e(456	1	3	140)
e(456	2	3	140)
e(456	1	4	110)
e(456	2	4	60)
e(456	3	4	80)
e(456	1	5	70)
e(456	3	5	110)
e(456	4	5	60)
e(458	1	2	150)
e(458	1	3	100)
e(458	2	3	120)
e(458	1	4	120)
e(458	2	4	100)
e(458	3	4	150)
e(458	1	5	90)
e(458	2	5	110)
e(458	3	5	100)
e(458	4	5	40)
e(459	1	2	60)
e(459	1	3	110)
e(459	1	4	20)
e(459	2	4	140)
e(459	3	4	90)
e(459	1	5	120)
e(459	2	5	130)
e(459	3	5	100)
e(459	4	5	50)
e(460	1	2	10)
e(462	1	2	40)
e(462	2	3	120)
e(462	1	4	140)
e(462	2	4	110)
e(463	1	3	150)
e(463	2	3	120)
e(464	1	2	20)
e(464	1	3	110)
e(464	2	3	20)
e(464	1	4	90)
e(464	2	4	50)
e(464	3	4	90)
e(464	1	5	130)
e(464	2	5	80)
e(464	3	5	40)
e(465	1	2	150)
e(465	1	3	60)
e(465	2	3	150)
e(466	1	2	150)
e(467	1	2	90)
e(467	1	3	150)
e(467	2	3	130)
e(467	1	4	10)
e(467	3	4	110)
e(467	1	5	30)
e(467	2	5	30)
e(467	3	5	10)
e(467	4	5	140)
e(468	1	2	120)
e(470	1	2	150)
e(470	1	3	120)
e(470	2	3	150)
e(472	1	2	150)
e(472	1	3	30)
e(472	2	3	20)
e(472	1	4	110)
e(472	2	4	80)
e(472	3	4	80)
e(474	1	2	20)
e(475	1	2	90)
e(475	1	3	20)
e(475	2	3	90)
e(475	1	4	150)
e(475	2	4	40)
e(475	3	4	20)
e(475	1	5	90)
e(475	2	5	70)
e(475	3	5	150)
e(475	4	5	10)
e(477	1	2	40)
e(478	1	2	30)
e(479	1	2	80)
e(479	1	3	120)
e(479	2	3	20)
e(479	1	4	80)
e(479	2	4	110)
e(479	3	4	80)
e(480	1	2	150)
e(480	1	3	50)
e(480	2	3	100)
e(480	1	4	10)
e(480	2	4	40)
e(480	3	4	160)
e(480	1	5	80)
e(480	2	5	130)
e(480	3	5	50)
e(480	4	5	160)
e(481	1	2	70)
e(481	1	3	50)
e(481	2	3	140)
e(483	1	2	80)
e(483	1	3	130)
e(483	1	4	80)
e(483	2	4	50)
e(483	3	4	100)
e(484	1	2	30)
e(484	1	3	160)
e(484	2	3	120)
e(484	1	4	80)
e(484	2	4	130)
e(484	3	4	100)
e(484	1	5	20)
e(484	2	5	70)
e(484	3	5	50)
e(484	4	5	20)
e(485	1	2	20)
e(485	1	3	20)
e(486	1	2	80)
e(486	1	3	10)
e(486	2	3	50)
e(486	1	4	50)
e(486	2	4	80)
e(486	3	4	130)
e(487	1	2	90)
e(488	1	2	70)
e(492	1	2	30)
e(492	1	3	70)
e(492	2	3	80)
e(493	1	2	160)
e(494	1	2	160)
e(494	1	3	120)
e(494	2	3	70)
e(495	1	3	130)
e(495	2	3	30)
e(495	2	4	80)
e(495	3	4	30)
e(496	1	2	30)
e(496	1	3	60)
e(496	2	3	80)
e(496	1	4	80)
e(496	2	4	120)
e(496	1	5	140)
e(496	2	5	50)
e(496	3	5	80)
e(496	4	5	120)
e(497	1	2	100)
e(497	1	3	10)
e(497	1	4	140)
e(497	2	4	50)
e(497	3	4	40)
e(498	1	2	140)
e(499	1	2	100)
e(500	1	2	150)
e(500	1	3	40)
e(500	2	3	160)
e(503	1	2	110)
e(503	1	3	30)
e(503	2	3	60)
e(503	1	4	90)
e(503	2	4	10)
e(503	3	4	110)
e(503	1	5	100)
e(503	2	5	150)
e(503	3	5	130)
e(503	4	5	100)
e(504	1	2	120)
e(504	1	3	20)
e(504	2	3	110)
e(504	1	4	90)
e(504	2	4	10)
e(504	3	4	150)
e(504	1	5	40)
e(504	2	5	140)
e(504	3	5	120)
e(504	4	5	110)
e(506	1	2	100)
e(507	1	2	160)
e(507	1	3	10)
e(507	2	3	10)
e(508	1	2	130)
e(508	1	3	60)
e(508	2	3	40)
e(509	1	2	110)
e(509	1	3	30)
e(509	2	3	90)
e(509	1	4	130)
e(509	2	4	60)
e(509	3	4	130)
e(510	1	2	70)
e(513	1	2	20)
e(513	1	3	100)
e(514	1	2	140)
e(514	1	3	20)
e(514	2	3	150)
e(515	1	2	150)
e(515	1	3	140)
e(515	2	3	110)
e(517	1	2	130)
e(519	1	2	160)
e(519	1	3	100)
e(519	2	3	10)
e(520	1	2	70)
e(520	1	3	60)
e(520	2	3	150)
e(521	1	3	150)
e(521	2	3	80)
e(521	2	4	100)
e(521	3	4	50)
e(521	1	5	160)
e(521	2	5	70)
e(521	3	5	120)
e(521	4	5	10)
e(522	1	2	70)
e(522	1	3	80)
e(522	2	3	150)
e(522	1	4	120)
e(522	2	4	140)
e(522	3	4	10)
e(523	1	2	90)
e(523	1	3	50)
e(523	2	3	30)
e(523	3	4	70)
e(524	1	2	10)
e(524	1	3	150)
e(524	2	3	90)
e(524	1	4	40)
e(524	2	4	50)
e(524	3	4	40)
e(524	1	5	130)
e(524	2	5	150)
e(524	4	5	80)
e(525	1	2	150)
e(525	1	3	140)
e(525	2	3	110)
e(525	1	4	80)
e(525	3	4	70)
e(526	1	2	110)
e(526	1	3	80)
e(526	2	3	30)
e(526	2	4	40)
e(526	3	4	10)
e(526	1	5	110)
e(526	2	5	20)
e(526	3	5	30)
e(526	4	5	100)
e(527	1	2	150)
e(527	1	3	160)
e(527	2	3	100)
e(530	1	2	10)
e(530	1	3	50)
e(530	2	3	100)
e(530	1	4	10)
e(530	2	4	140)
e(530	3	4	20)
e(531	1	2	80)
e(531	1	3	110)
e(531	2	3	30)
e(531	1	4	20)
e(531	2	4	150)
e(531	3	4	80)
e(531	1	5	100)
e(531	2	5	110)
e(531	3	5	140)
e(531	4	5	30)
e(532	1	2	150)
e(532	1	3	130)
e(532	2	3	140)
e(532	1	4	100)
e(532	2	4	10)
e(532	3	4	70)
e(532	1	5	60)
e(532	2	5	160)
e(532	3	5	40)
e(532	4	5	20)
e(533	1	2	150)
e(534	1	2	80)
e(535	1	2	120)
e(536	1	2	140)
e(538	1	2	130)
e(538	1	3	150)
e(538	2	3	60)
e(538	1	4	140)
e(538	2	4	30)
e(538	3	4	30)
e(542	1	2	160)
e(542	1	3	60)
e(542	2	3	150)
e(543	1	2	50)
e(543	1	3	10)
e(543	2	3	50)
e(543	1	4	20)
e(543	2	4	10)
e(543	3	4	160)
e(544	1	2	50)
e(544	1	3	10)
e(544	2	3	140)
e(544	1	4	130)
e(544	2	4	10)
e(544	3	4	140)
e(544	1	5	160)
e(544	2	5	20)
e(544	3	5	40)
e(544	4	5	80)
e(545	1	2	100)
e(545	1	3	60)
e(545	2	3	120)
e(546	1	3	80)
e(546	2	3	140)
e(546	1	4	150)
e(546	2	4	160)
e(546	3	4	150)
e(547	1	3	100)
e(547	2	3	110)
e(547	1	4	160)
e(547	2	4	160)
e(547	3	4	100)
e(548	1	2	30)
e(548	1	3	10)
e(548	2	3	90)
e(548	1	4	160)
e(548	2	4	160)
e(548	3	4	60)
e(548	1	5	100)
e(548	2	5	90)
e(548	3	5	140)
e(548	4	5	40)
e(549	1	2	150)
e(549	1	3	110)
e(549	2	3	100)
e(549	1	4	160)
e(549	2	4	60)
e(549	3	4	130)
e(550	1	2	110)
e(551	1	2	110)
e(551	1	3	10)
e(551	2	3	70)
e(551	1	4	110)
e(551	3	4	40)
e(553	1	2	10)
e(553	1	3	160)
e(553	2	3	70)
e(553	1	4	80)
e(553	2	4	10)
e(553	3	4	60)
e(554	1	2	150)
e(554	2	3	90)
e(556	1	2	160)
e(556	1	3	120)
e(556	2	3	30)
e(557	1	2	90)
e(557	1	3	90)
e(557	2	3	90)
e(558	1	2	160)
e(558	1	3	110)
e(558	2	3	130)
e(559	1	2	80)
e(559	1	3	110)
e(559	2	3	160)
e(559	1	4	80)
e(559	2	4	160)
e(559	3	4	70)
e(559	1	5	50)
e(559	2	5	120)
e(559	3	5	80)
e(559	4	5	10)
e(560	1	2	150)
e(560	1	3	110)
e(560	2	3	40)
e(561	1	2	50)
e(561	1	3	90)
e(561	2	3	150)
e(561	1	4	90)
e(561	2	4	60)
e(561	3	4	60)
e(562	1	2	20)
e(562	2	3	130)
e(562	1	4	40)
e(562	2	4	70)
e(562	3	4	40)
e(563	1	2	30)
e(563	1	3	90)
e(563	2	3	100)
e(564	1	2	80)
e(564	1	3	10)
e(564	2	3	80)
e(564	1	4	100)
e(564	3	4	80)
e(564	1	5	60)
e(564	2	5	90)
e(564	3	5	130)
e(564	4	5	160)
e(565	1	2	120)
e(565	1	3	20)
e(565	2	3	90)
e(565	1	4	10)
e(565	2	4	50)
e(565	3	4	130)
e(566	1	2	10)
e(568	1	2	90)
e(568	1	3	40)
e(568	2	3	100)
e(568	1	4	160)
e(568	3	4	60)
e(568	1	5	160)
e(568	2	5	10)
e(568	3	5	120)
e(568	4	5	150)
e(569	1	2	40)
e(569	1	3	30)
e(569	2	3	110)
e(570	1	2	120)
e(571	1	2	140)
e(571	1	3	120)
e(571	2	3	80)
e(572	1	2	120)
e(572	1	3	80)
e(572	2	3	30)
e(572	1	4	40)
e(572	2	4	110)
e(572	3	4	120)
e(572	1	5	150)
e(572	2	5	120)
e(572	3	5	160)
e(572	4	5	80)
e(573	1	2	70)
e(573	1	3	140)
e(573	2	3	100)
e(574	1	2	140)
e(574	1	3	50)
e(574	2	3	160)
e(575	1	2	120)
e(576	1	2	80)
e(576	1	3	50)
e(576	2	3	130)
e(577	1	2	110)
e(577	1	3	130)
e(577	2	3	110)
e(577	1	4	20)
e(577	2	4	40)
e(577	3	4	20)
e(577	1	5	90)
e(577	2	5	30)
e(577	4	5	60)
e(578	1	2	150)
e(579	1	2	10)
e(580	1	2	40)
e(580	1	3	120)
e(580	2	3	70)
e(580	1	4	100)
e(580	2	4	10)
e(580	3	4	120)
e(584	1	2	160)
e(584	1	3	130)
e(584	2	3	110)
e(586	1	2	10)
e(586	1	3	130)
e(586	2	3	140)
e(587	1	2	90)
e(588	1	2	80)
e(588	1	3	80)
e(588	2	3	140)
e(588	1	4	160)
e(588	2	4	10)
e(588	3	4	90)
e(588	1	5	90)
e(588	2	5	140)
e(588	3	5	150)
e(588	4	5	80)
e(589	1	2	70)
e(590	1	2	40)
e(590	1	3	140)
e(590	2	3	130)
e(591	1	2	30)
e(591	1	3	10)
e(591	2	3	60)
e(591	1	4	120)
e(591	2	4	70)
e(591	3	4	160)
e(591	1	5	60)
e(591	2	5	80)
e(591	3	5	100)
e(591	4	5	80)
e(592	1	2	30)
e(592	1	3	40)
e(592	2	3	110)
e(592	1	4	80)
e(592	2	4	20)
e(592	3	4	100)
e(592	1	5	100)
e(592	2	5	30)
e(592	4	5	50)
e(593	1	2	70)
e(593	1	3	40)
e(593	2	3	120)
e(593	1	4	140)
e(593	2	4	110)
e(593	3	4	30)
e(594	1	2	10)
e(594	1	3	160)
e(594	2	3	50)
e(595	1	2	110)
e(595	1	3	30)
e(595	2	3	90)
e(595	2	4	20)
e(595	3	4	10)
e(595	1	5	150)
e(595	2	5	50)
e(595	3	5	40)
e(598	1	2	130)
e(599	1	2	130)
e(599	1	3	130)
e(599	2	3	160)
