600

d(1	23	24	5	200000.0)
d(2	12	15	1	200000.0)
d(3	19	21	4	200000.0)
d(4	23	23	4	200000.0)
d(5	3	8	5	200000.0)
d(6	16	18	3	200000.0)
d(7	13	24	2	200000.0)
d(8	10	18	5	200000.0)
d(9	20	21	4	200000.0)
d(10	18	23	2	200000.0)
d(11	5	11	3	200000.0)
d(12	1	9	4	200000.0)
d(13	24	24	5	200000.0)
d(14	5	22	4	200000.0)
d(15	17	17	5	200000.0)
d(16	6	23	2	200000.0)
d(17	21	22	3	200000.0)
d(18	5	18	3	200000.0)
d(19	12	14	3	200000.0)
d(20	5	8	4	200000.0)
d(21	24	24	1	200000.0)
d(22	2	23	5	200000.0)
d(23	13	22	3	200000.0)
d(24	18	20	1	200000.0)
d(25	18	18	1	200000.0)
d(26	10	23	3	200000.0)
d(27	5	9	1	200000.0)
d(28	6	8	5	200000.0)
d(29	14	18	1	200000.0)
d(30	8	21	5	200000.0)
d(31	19	19	5	200000.0)
d(32	5	18	2	200000.0)
d(33	4	6	2	200000.0)
d(34	19	23	1	200000.0)
d(35	10	15	5	200000.0)
d(36	22	22	2	200000.0)
d(37	21	22	5	200000.0)
d(38	6	16	5	200000.0)
d(39	23	24	3	200000.0)
d(40	14	22	2	200000.0)
d(41	9	18	3	200000.0)
d(42	8	21	5	200000.0)
d(43	23	23	5	200000.0)
d(44	21	24	4	200000.0)
d(45	13	23	3	200000.0)
d(46	18	22	3	200000.0)
d(47	17	24	2	200000.0)
d(48	5	23	3	200000.0)
d(49	7	16	5	200000.0)
d(50	17	22	4	200000.0)
d(51	18	22	2	200000.0)
d(52	15	16	2	200000.0)
d(53	3	4	5	200000.0)
d(54	23	24	2	200000.0)
d(55	7	14	4	200000.0)
d(56	8	20	5	200000.0)
d(57	17	19	3	200000.0)
d(58	3	22	1	200000.0)
d(59	6	8	3	200000.0)
d(60	9	18	2	200000.0)
d(61	14	18	5	200000.0)
d(62	23	24	1	200000.0)
d(63	4	21	5	200000.0)
d(64	7	22	5	200000.0)
d(65	20	22	5	200000.0)
d(66	10	21	1	200000.0)
d(67	13	18	3	200000.0)
d(68	8	22	2	200000.0)
d(69	7	8	5	200000.0)
d(70	20	21	1	200000.0)
d(71	5	15	4	200000.0)
d(72	16	18	5	200000.0)
d(73	11	22	3	200000.0)
d(74	13	22	2	200000.0)
d(75	10	21	2	200000.0)
d(76	4	5	1	200000.0)
d(77	10	23	5	200000.0)
d(78	23	23	1	200000.0)
d(79	8	21	2	200000.0)
d(80	23	24	2	200000.0)
d(81	4	20	1	200000.0)
d(82	8	24	4	200000.0)
d(83	19	23	1	200000.0)
d(84	1	19	4	200000.0)
d(85	6	6	2	200000.0)
d(86	24	24	1	200000.0)
d(87	19	22	5	200000.0)
d(88	5	23	1	200000.0)
d(89	10	19	5	200000.0)
d(90	11	24	4	200000.0)
d(91	22	22	1	200000.0)
d(92	8	9	5	200000.0)
d(93	18	21	4	200000.0)
d(94	7	22	3	200000.0)
d(95	8	14	2	200000.0)
d(96	21	22	4	200000.0)
d(97	3	18	4	200000.0)
d(98	18	23	3	200000.0)
d(99	14	24	5	200000.0)
d(100	15	19	2	200000.0)
d(101	3	11	1	200000.0)
d(102	10	11	1	200000.0)
d(103	21	21	3	200000.0)
d(104	6	19	2	200000.0)
d(105	19	20	3	200000.0)
d(106	16	18	5	200000.0)
d(107	24	24	1	200000.0)
d(108	22	22	2	200000.0)
d(109	4	20	1	200000.0)
d(110	6	15	5	200000.0)
d(111	7	21	1	200000.0)
d(112	6	9	4	200000.0)
d(113	20	23	3	200000.0)
d(114	2	18	5	200000.0)
d(115	1	2	4	200000.0)
d(116	7	20	2	200000.0)
d(117	4	19	3	200000.0)
d(118	20	20	2	200000.0)
d(119	22	22	3	200000.0)
d(120	24	24	3	200000.0)
d(121	16	19	2	200000.0)
d(122	10	17	4	200000.0)
d(123	3	21	5	200000.0)
d(124	5	22	3	200000.0)
d(125	23	24	1	200000.0)
d(126	8	14	3	200000.0)
d(127	8	8	3	200000.0)
d(128	2	16	3	200000.0)
d(129	19	24	3	200000.0)
d(130	5	9	2	200000.0)
d(131	5	18	3	200000.0)
d(132	11	13	4	200000.0)
d(133	9	12	4	200000.0)
d(134	22	24	1	200000.0)
d(135	23	24	2	200000.0)
d(136	23	23	1	200000.0)
d(137	12	14	3	200000.0)
d(138	14	17	5	200000.0)
d(139	23	23	4	200000.0)
d(140	22	23	5	200000.0)
d(141	13	24	2	200000.0)
d(142	22	24	1	200000.0)
d(143	7	10	1	200000.0)
d(144	6	6	1	200000.0)
d(145	15	15	5	200000.0)
d(146	18	23	5	200000.0)
d(147	9	10	2	200000.0)
d(148	5	16	5	200000.0)
d(149	12	17	3	200000.0)
d(150	5	10	2	200000.0)
d(151	2	8	5	200000.0)
d(152	10	10	1	200000.0)
d(153	5	21	2	200000.0)
d(154	19	20	4	200000.0)
d(155	1	24	3	200000.0)
d(156	2	15	1	200000.0)
d(157	11	11	2	200000.0)
d(158	22	24	4	200000.0)
d(159	24	24	4	200000.0)
d(160	23	24	4	200000.0)
d(161	22	23	4	200000.0)
d(162	22	22	2	200000.0)
d(163	8	23	5	200000.0)
d(164	17	22	5	200000.0)
d(165	23	24	4	200000.0)
d(166	4	16	5	200000.0)
d(167	5	24	2	200000.0)
d(168	18	18	5	200000.0)
d(169	15	21	4	200000.0)
d(170	9	15	5	200000.0)
d(171	16	19	3	200000.0)
d(172	13	18	1	200000.0)
d(173	22	24	3	200000.0)
d(174	15	16	3	200000.0)
d(175	9	12	4	200000.0)
d(176	8	15	2	200000.0)
d(177	10	17	5	200000.0)
d(178	9	13	1	200000.0)
d(179	22	24	2	200000.0)
d(180	14	21	5	200000.0)
d(181	11	20	4	200000.0)
d(182	24	24	2	200000.0)
d(183	8	18	1	200000.0)
d(184	20	22	5	200000.0)
d(185	24	24	3	200000.0)
d(186	9	13	2	200000.0)
d(187	23	24	2	200000.0)
d(188	5	11	1	200000.0)
d(189	18	23	2	200000.0)
d(190	15	19	5	200000.0)
d(191	7	14	1	200000.0)
d(192	24	24	2	200000.0)
d(193	12	19	5	200000.0)
d(194	2	24	4	200000.0)
d(195	9	17	1	200000.0)
d(196	16	20	5	200000.0)
d(197	13	19	4	200000.0)
d(198	9	13	4	200000.0)
d(199	3	6	4	200000.0)
d(200	15	19	2	200000.0)
d(201	20	21	3	200000.0)
d(202	16	17	5	200000.0)
d(203	4	5	5	200000.0)
d(204	19	24	5	200000.0)
d(205	16	17	5	200000.0)
d(206	10	18	4	200000.0)
d(207	15	19	2	200000.0)
d(208	10	20	5	200000.0)
d(209	21	24	2	200000.0)
d(210	17	17	2	200000.0)
d(211	19	23	3	200000.0)
d(212	2	8	3	200000.0)
d(213	20	21	1	200000.0)
d(214	19	23	5	200000.0)
d(215	22	23	1	200000.0)
d(216	19	24	4	200000.0)
d(217	18	19	5	200000.0)
d(218	19	24	2	200000.0)
d(219	11	11	4	200000.0)
d(220	1	11	2	200000.0)
d(221	16	23	1	200000.0)
d(222	24	24	4	200000.0)
d(223	2	19	3	200000.0)
d(224	15	21	1	200000.0)
d(225	8	11	3	200000.0)
d(226	19	19	1	200000.0)
d(227	20	24	2	200000.0)
d(228	9	23	3	200000.0)
d(229	20	23	5	200000.0)
d(230	10	15	1	200000.0)
d(231	15	17	3	200000.0)
d(232	7	19	5	200000.0)
d(233	21	22	2	200000.0)
d(234	11	22	1	200000.0)
d(235	10	18	5	200000.0)
d(236	8	21	5	200000.0)
d(237	11	21	4	200000.0)
d(238	11	11	5	200000.0)
d(239	18	21	3	200000.0)
d(240	2	4	5	200000.0)
d(241	22	22	1	200000.0)
d(242	20	21	3	200000.0)
d(243	24	24	1	200000.0)
d(244	18	20	2	200000.0)
d(245	15	19	1	200000.0)
d(246	20	24	4	200000.0)
d(247	17	18	1	200000.0)
d(248	19	20	2	200000.0)
d(249	5	10	5	200000.0)
d(250	7	22	1	200000.0)
d(251	3	8	3	200000.0)
d(252	18	19	3	200000.0)
d(253	2	11	4	200000.0)
d(254	19	20	2	200000.0)
d(255	8	17	2	200000.0)
d(256	17	18	1	200000.0)
d(257	15	22	1	200000.0)
d(258	9	14	2	200000.0)
d(259	7	7	1	200000.0)
d(260	5	14	3	200000.0)
d(261	24	24	5	200000.0)
d(262	20	20	4	200000.0)
d(263	9	10	4	200000.0)
d(264	4	22	3	200000.0)
d(265	12	14	5	200000.0)
d(266	17	19	2	200000.0)
d(267	7	10	4	200000.0)
d(268	15	20	2	200000.0)
d(269	22	24	3	200000.0)
d(270	3	13	5	200000.0)
d(271	4	14	3	200000.0)
d(272	5	5	4	200000.0)
d(273	16	23	5	200000.0)
d(274	1	19	4	200000.0)
d(275	18	23	5	200000.0)
d(276	18	19	2	200000.0)
d(277	24	24	1	200000.0)
d(278	10	18	1	200000.0)
d(279	5	23	4	200000.0)
d(280	12	20	4	200000.0)
d(281	11	11	2	200000.0)
d(282	18	18	5	200000.0)
d(283	11	19	4	200000.0)
d(284	23	24	3	200000.0)
d(285	19	20	1	200000.0)
d(286	1	23	5	200000.0)
d(287	13	14	5	200000.0)
d(288	19	21	4	200000.0)
d(289	6	13	3	200000.0)
d(290	10	14	2	200000.0)
d(291	18	19	3	200000.0)
d(292	24	24	4	200000.0)
d(293	19	22	5	200000.0)
d(294	20	24	4	200000.0)
d(295	15	17	1	200000.0)
d(296	2	4	4	200000.0)
d(297	3	23	5	200000.0)
d(298	22	23	2	200000.0)
d(299	14	15	4	200000.0)
d(300	6	23	4	200000.0)
d(301	2	18	4	200000.0)
d(302	11	15	1	200000.0)
d(303	1	24	4	200000.0)
d(304	2	13	1	200000.0)
d(305	24	24	2	200000.0)
d(306	7	13	1	200000.0)
d(307	7	18	1	200000.0)
d(308	19	23	3	200000.0)
d(309	13	18	2	200000.0)
d(310	5	18	4	200000.0)
d(311	22	23	1	200000.0)
d(312	16	23	5	200000.0)
d(313	17	22	5	200000.0)
d(314	6	10	3	200000.0)
d(315	1	10	3	200000.0)
d(316	19	22	1	200000.0)
d(317	24	24	5	200000.0)
d(318	5	5	2	200000.0)
d(319	3	21	4	200000.0)
d(320	12	23	3	200000.0)
d(321	12	15	1	200000.0)
d(322	8	10	2	200000.0)
d(323	6	15	2	200000.0)
d(324	17	23	3	200000.0)
d(325	23	23	1	200000.0)
d(326	6	22	1	200000.0)
d(327	22	22	2	200000.0)
d(328	16	23	2	200000.0)
d(329	20	22	5	200000.0)
d(330	6	17	4	200000.0)
d(331	18	19	3	200000.0)
d(332	23	24	4	200000.0)
d(333	12	23	2	200000.0)
d(334	12	22	2	200000.0)
d(335	19	21	5	200000.0)
d(336	16	20	5	200000.0)
d(337	10	13	1	200000.0)
d(338	14	18	4	200000.0)
d(339	23	24	2	200000.0)
d(340	20	22	4	200000.0)
d(341	15	17	2	200000.0)
d(342	22	23	3	200000.0)
d(343	19	20	1	200000.0)
d(344	7	8	3	200000.0)
d(345	17	21	2	200000.0)
d(346	22	24	1	200000.0)
d(347	1	2	3	200000.0)
d(348	4	8	1	200000.0)
d(349	19	21	5	200000.0)
d(350	1	3	5	200000.0)
d(351	6	17	2	200000.0)
d(352	5	5	5	200000.0)
d(353	17	18	5	200000.0)
d(354	8	18	2	200000.0)
d(355	6	22	1	200000.0)
d(356	18	18	3	200000.0)
d(357	8	14	1	200000.0)
d(358	20	24	5	200000.0)
d(359	4	17	5	200000.0)
d(360	16	16	4	200000.0)
d(361	12	12	3	200000.0)
d(362	11	13	4	200000.0)
d(363	24	24	5	200000.0)
d(364	11	16	4	200000.0)
d(365	1	7	5	200000.0)
d(366	7	12	4	200000.0)
d(367	2	23	1	200000.0)
d(368	1	18	5	200000.0)
d(369	3	20	5	200000.0)
d(370	20	21	3	200000.0)
d(371	22	24	1	200000.0)
d(372	17	21	3	200000.0)
d(373	20	20	3	200000.0)
d(374	14	19	5	200000.0)
d(375	17	17	2	200000.0)
d(376	18	18	2	200000.0)
d(377	3	3	3	200000.0)
d(378	24	24	1	200000.0)
d(379	16	23	4	200000.0)
d(380	17	22	4	200000.0)
d(381	8	9	1	200000.0)
d(382	1	12	3	200000.0)
d(383	17	22	2	200000.0)
d(384	8	23	3	200000.0)
d(385	5	8	2	200000.0)
d(386	18	21	4	200000.0)
d(387	2	8	5	200000.0)
d(388	4	20	4	200000.0)
d(389	5	10	4	200000.0)
d(390	22	22	5	200000.0)
d(391	6	20	4	200000.0)
d(392	21	22	4	200000.0)
d(393	19	19	3	200000.0)
d(394	23	23	1	200000.0)
d(395	11	20	4	200000.0)
d(396	20	23	1	200000.0)
d(397	8	10	5	200000.0)
d(398	8	21	2	200000.0)
d(399	4	11	5	200000.0)
d(400	13	15	1	200000.0)
d(401	5	22	5	200000.0)
d(402	20	21	5	200000.0)
d(403	24	24	1	200000.0)
d(404	2	5	2	200000.0)
d(405	14	18	3	200000.0)
d(406	21	24	3	200000.0)
d(407	15	18	5	200000.0)
d(408	14	14	1	200000.0)
d(409	2	23	2	200000.0)
d(410	23	23	1	200000.0)
d(411	17	21	1	200000.0)
d(412	17	23	5	200000.0)
d(413	7	8	1	200000.0)
d(414	2	2	4	200000.0)
d(415	12	23	4	200000.0)
d(416	4	5	4	200000.0)
d(417	22	22	1	200000.0)
d(418	20	22	5	200000.0)
d(419	8	14	4	200000.0)
d(420	7	11	2	200000.0)
d(421	17	18	3	200000.0)
d(422	6	15	4	200000.0)
d(423	13	22	4	200000.0)
d(424	20	20	3	200000.0)
d(425	13	13	2	200000.0)
d(426	10	11	2	200000.0)
d(427	5	16	1	200000.0)
d(428	4	21	4	200000.0)
d(429	7	11	1	200000.0)
d(430	13	14	4	200000.0)
d(431	5	24	4	200000.0)
d(432	12	15	3	200000.0)
d(433	22	24	2	200000.0)
d(434	12	13	5	200000.0)
d(435	3	21	3	200000.0)
d(436	12	24	4	200000.0)
d(437	8	9	5	200000.0)
d(438	18	18	5	200000.0)
d(439	13	23	2	200000.0)
d(440	5	19	3	200000.0)
d(441	5	20	3	200000.0)
d(442	8	19	5	200000.0)
d(443	16	19	5	200000.0)
d(444	8	17	4	200000.0)
d(445	17	24	1	200000.0)
d(446	24	24	5	200000.0)
d(447	10	15	1	200000.0)
d(448	12	23	1	200000.0)
d(449	1	16	3	200000.0)
d(450	20	24	1	200000.0)
d(451	11	17	3	200000.0)
d(452	17	23	4	200000.0)
d(453	11	11	1	200000.0)
d(454	21	24	4	200000.0)
d(455	17	18	2	200000.0)
d(456	14	21	1	200000.0)
d(457	22	23	5	200000.0)
d(458	1	7	1	200000.0)
d(459	10	19	3	200000.0)
d(460	9	17	1	200000.0)
d(461	12	13	4	200000.0)
d(462	2	3	5	200000.0)
d(463	21	22	4	200000.0)
d(464	24	24	2	200000.0)
d(465	13	21	3	200000.0)
d(466	14	19	4	200000.0)
d(467	10	10	5	200000.0)
d(468	20	22	1	200000.0)
d(469	7	20	3	200000.0)
d(470	14	22	3	200000.0)
d(471	15	20	5	200000.0)
d(472	6	6	2	200000.0)
d(473	21	23	3	200000.0)
d(474	4	7	1	200000.0)
d(475	4	23	1	200000.0)
d(476	4	14	1	200000.0)
d(477	15	23	3	200000.0)
d(478	11	24	3	200000.0)
d(479	18	20	1	200000.0)
d(480	5	12	5	200000.0)
d(481	1	9	5	200000.0)
d(482	5	9	5	200000.0)
d(483	10	18	4	200000.0)
d(484	18	19	3	200000.0)
d(485	5	20	1	200000.0)
d(486	21	24	4	200000.0)
d(487	12	18	1	200000.0)
d(488	10	15	5	200000.0)
d(489	2	6	2	200000.0)
d(490	7	8	5	200000.0)
d(491	12	21	5	200000.0)
d(492	13	17	4	200000.0)
d(493	10	19	1	200000.0)
d(494	1	16	4	200000.0)
d(495	4	23	3	200000.0)
d(496	19	21	1	200000.0)
d(497	4	5	2	200000.0)
d(498	11	16	3	200000.0)
d(499	23	23	5	200000.0)
d(500	11	15	3	200000.0)
d(501	21	22	1	200000.0)
d(502	8	19	3	200000.0)
d(503	3	16	4	200000.0)
d(504	6	6	2	200000.0)
d(505	4	5	1	200000.0)
d(506	19	20	4	200000.0)
d(507	24	24	4	200000.0)
d(508	11	20	4	200000.0)
d(509	10	15	1	200000.0)
d(510	11	23	2	200000.0)
d(511	10	21	4	200000.0)
d(512	23	24	5	200000.0)
d(513	5	7	4	200000.0)
d(514	20	20	4	200000.0)
d(515	11	13	1	200000.0)
d(516	6	8	4	200000.0)
d(517	5	20	5	200000.0)
d(518	20	21	3	200000.0)
d(519	17	18	4	200000.0)
d(520	20	20	2	200000.0)
d(521	6	15	3	200000.0)
d(522	6	9	4	200000.0)
d(523	21	23	1	200000.0)
d(524	19	23	4	200000.0)
d(525	2	22	4	200000.0)
d(526	13	24	5	200000.0)
d(527	21	24	3	200000.0)
d(528	23	24	5	200000.0)
d(529	8	10	3	200000.0)
d(530	12	18	4	200000.0)
d(531	15	16	1	200000.0)
d(532	9	17	4	200000.0)
d(533	12	15	3	200000.0)
d(534	20	21	3	200000.0)
d(535	8	19	1	200000.0)
d(536	7	13	3	200000.0)
d(537	4	11	2	200000.0)
d(538	18	23	3	200000.0)
d(539	2	19	4	200000.0)
d(540	2	9	4	200000.0)
d(541	11	13	1	200000.0)
d(542	10	11	1	200000.0)
d(543	10	22	5	200000.0)
d(544	14	16	3	200000.0)
d(545	5	6	2	200000.0)
d(546	4	24	5	200000.0)
d(547	1	21	1	200000.0)
d(548	4	18	3	200000.0)
d(549	21	22	4	200000.0)
d(550	8	13	4	200000.0)
d(551	1	20	2	200000.0)
d(552	19	20	5	200000.0)
d(553	8	23	3	200000.0)
d(554	23	24	4	200000.0)
d(555	15	17	1	200000.0)
d(556	4	15	4	200000.0)
d(557	12	17	5	200000.0)
d(558	11	18	5	200000.0)
d(559	6	21	4	200000.0)
d(560	3	16	4	200000.0)
d(561	18	23	2	200000.0)
d(562	14	19	4	200000.0)
d(563	3	8	2	200000.0)
d(564	10	17	5	200000.0)
d(565	13	19	2	200000.0)
d(566	7	19	3	200000.0)
d(567	14	20	5	200000.0)
d(568	23	24	5	200000.0)
d(569	17	20	3	200000.0)
d(570	18	21	3	200000.0)
d(571	16	19	4	200000.0)
d(572	21	21	4	200000.0)
d(573	16	24	5	200000.0)
d(574	24	24	5	200000.0)
d(575	23	23	2	200000.0)
d(576	4	15	2	200000.0)
d(577	24	24	3	200000.0)
d(578	18	23	3	200000.0)
d(579	24	24	2	200000.0)
d(580	22	24	3	200000.0)
d(581	3	19	2	200000.0)
d(582	11	20	4	200000.0)
d(583	8	22	4	200000.0)
d(584	4	5	1	200000.0)
d(585	3	21	1	200000.0)
d(586	8	8	1	200000.0)
d(587	6	8	5	200000.0)
d(588	18	18	5	200000.0)
d(589	2	3	3	200000.0)
d(590	21	21	1	200000.0)
d(591	9	9	5	200000.0)
d(592	21	24	3	200000.0)
d(593	8	22	4	200000.0)
d(594	10	16	3	200000.0)
d(595	8	8	4	200000.0)
d(596	3	11	3	200000.0)
d(597	13	16	5	200000.0)
d(598	6	20	4	200000.0)
d(599	8	22	5	200000.0)
d(600	21	23	2	200000.0)
v(1	1	27	59	54	4)
v(1	2	32	126	64	4)
v(1	3	32	75	64	4)
v(1	4	13	120	26	4)
v(1	5	8	89	16	4)
v(2	1	14	155	28	0)
v(3	1	9	35	18	3)
v(3	2	7	52	14	3)
v(3	3	12	136	24	3)
v(3	4	23	96	46	3)
v(4	1	5	9	10	3)
v(4	2	5	80	10	3)
v(4	3	17	136	34	3)
v(4	4	31	123	62	3)
v(5	1	23	154	46	4)
v(5	2	1	94	2	3)
v(5	3	21	56	42	3)
v(5	4	9	150	18	4)
v(5	5	12	157	24	4)
v(6	1	1	51	2	2)
v(6	2	4	133	8	2)
v(6	3	1	107	2	2)
v(7	1	16	92	32	1)
v(7	2	23	149	46	1)
v(8	1	2	155	4	4)
v(8	2	17	131	34	4)
v(8	3	30	88	60	4)
v(8	4	22	101	44	4)
v(8	5	15	167	30	4)
v(9	1	10	96	20	2)
v(9	2	27	78	54	3)
v(9	3	13	164	26	2)
v(9	4	19	103	38	3)
v(10	1	3	79	6	1)
v(10	2	18	155	36	1)
v(11	1	2	47	4	2)
v(11	2	18	88	36	2)
v(11	3	14	139	28	2)
v(12	1	23	92	46	2)
v(12	2	13	49	26	3)
v(12	3	8	61	16	3)
v(12	4	30	90	60	2)
v(13	1	32	78	64	4)
v(13	2	27	60	54	4)
v(13	3	31	87	62	4)
v(13	4	4	128	8	4)
v(13	5	20	130	40	4)
v(14	1	13	150	26	3)
v(14	2	10	84	20	3)
v(14	3	11	46	22	3)
v(14	4	32	96	64	3)
v(15	1	6	107	12	4)
v(15	2	32	46	64	4)
v(15	3	10	150	20	4)
v(15	4	15	34	30	3)
v(15	5	25	65	50	3)
v(16	1	6	72	12	1)
v(16	2	3	102	6	1)
v(17	1	1	61	2	2)
v(17	2	20	124	40	2)
v(17	3	27	76	54	2)
v(18	1	20	177	40	2)
v(18	2	1	57	2	2)
v(18	3	8	75	16	2)
v(19	1	27	33	54	2)
v(19	2	24	37	48	2)
v(19	3	13	71	26	2)
v(20	1	9	56	18	3)
v(20	2	3	146	6	3)
v(20	3	30	179	60	3)
v(20	4	2	44	4	3)
v(21	1	10	57	20	0)
v(22	1	22	32	44	4)
v(22	2	23	129	46	3)
v(22	3	30	128	60	4)
v(22	4	22	117	44	3)
v(22	5	3	132	6	4)
v(23	1	19	106	38	2)
v(23	2	7	29	14	2)
v(23	3	13	60	26	2)
v(24	1	22	96	44	0)
v(25	1	21	72	42	0)
v(26	1	19	89	38	2)
v(26	2	13	139	26	2)
v(26	3	26	86	52	2)
v(27	1	5	142	10	0)
v(28	1	10	62	20	4)
v(28	2	30	117	60	4)
v(28	3	19	157	38	4)
v(28	4	1	4	2	4)
v(28	5	6	90	12	4)
v(29	1	11	76	22	0)
v(30	1	27	154	54	4)
v(30	2	20	174	40	4)
v(30	3	19	132	38	4)
v(30	4	11	83	22	4)
v(30	5	20	149	40	4)
v(31	1	31	82	62	4)
v(31	2	19	165	38	3)
v(31	3	31	189	62	4)
v(31	4	6	112	12	3)
v(31	5	20	142	40	4)
v(32	1	11	102	22	1)
v(32	2	30	172	60	1)
v(33	1	10	139	20	1)
v(33	2	22	159	44	1)
v(34	1	8	132	16	0)
v(35	1	20	74	40	4)
v(35	2	26	129	52	4)
v(35	3	21	34	42	4)
v(35	4	22	104	44	4)
v(35	5	1	126	2	4)
v(36	1	26	176	52	1)
v(36	2	13	69	26	1)
v(37	1	18	35	36	4)
v(37	2	10	38	20	4)
v(37	3	12	18	24	4)
v(37	4	30	138	60	4)
v(37	5	2	156	4	4)
v(38	1	28	173	56	4)
v(38	2	2	37	4	4)
v(38	3	2	133	4	4)
v(38	4	3	83	6	4)
v(38	5	11	17	22	4)
v(39	1	7	79	14	1)
v(39	2	32	93	64	2)
v(39	3	16	151	32	1)
v(40	1	7	9	14	1)
v(40	2	11	129	22	1)
v(41	1	9	116	18	2)
v(41	2	15	55	30	2)
v(41	3	1	86	2	2)
v(42	1	24	90	48	4)
v(42	2	4	42	8	4)
v(42	3	1	44	2	3)
v(42	4	16	25	32	4)
v(42	5	15	105	30	3)
v(43	1	12	66	24	4)
v(43	2	8	105	16	4)
v(43	3	15	31	30	4)
v(43	4	14	157	28	4)
v(43	5	11	141	22	4)
v(44	1	23	67	46	2)
v(44	2	32	46	64	3)
v(44	3	26	86	52	2)
v(44	4	10	154	20	3)
v(45	1	16	157	32	2)
v(45	2	18	56	36	2)
v(45	3	16	17	32	2)
v(46	1	15	76	30	2)
v(46	2	32	105	64	2)
v(46	3	16	44	32	2)
v(47	1	19	77	38	1)
v(47	2	30	47	60	1)
v(48	1	18	100	36	2)
v(48	2	32	137	64	2)
v(48	3	2	24	4	2)
v(49	1	10	123	20	3)
v(49	2	28	159	56	3)
v(49	3	22	31	44	4)
v(49	4	32	92	64	4)
v(49	5	30	46	60	4)
v(50	1	28	94	56	3)
v(50	2	31	113	62	3)
v(50	3	23	138	46	3)
v(50	4	29	139	58	3)
v(51	1	11	135	22	0)
v(51	2	21	164	42	0)
v(52	1	5	117	10	0)
v(52	2	30	106	60	0)
v(53	1	21	101	42	4)
v(53	2	32	189	64	4)
v(53	3	21	54	42	4)
v(53	4	15	104	30	4)
v(53	5	28	157	56	4)
v(54	1	28	135	56	1)
v(54	2	24	173	48	1)
v(55	1	26	131	52	3)
v(55	2	6	108	12	3)
v(55	3	24	137	48	3)
v(55	4	13	68	26	3)
v(56	1	5	45	10	4)
v(56	2	24	75	48	4)
v(56	3	25	42	50	4)
v(56	4	31	167	62	4)
v(56	5	15	104	30	4)
v(57	1	13	107	26	2)
v(57	2	30	42	60	1)
v(57	3	32	146	64	1)
v(58	1	17	81	34	0)
v(59	1	4	138	8	1)
v(59	2	29	38	58	2)
v(59	3	3	60	6	1)
v(60	1	5	42	10	1)
v(60	2	14	97	28	1)
v(61	1	3	64	6	4)
v(61	2	5	147	10	3)
v(61	3	2	107	4	4)
v(61	4	27	39	54	4)
v(61	5	29	106	58	3)
v(62	1	23	91	46	0)
v(63	1	11	42	22	3)
v(63	2	12	124	24	4)
v(63	3	14	125	28	4)
v(63	4	26	106	52	2)
v(63	5	22	82	44	3)
v(64	1	18	24	36	3)
v(64	2	32	112	64	3)
v(64	3	10	101	20	3)
v(64	4	13	123	26	3)
v(64	5	12	32	24	4)
v(65	1	31	181	62	4)
v(65	2	18	25	36	4)
v(65	3	19	153	38	3)
v(65	4	24	161	48	4)
v(65	5	25	35	50	3)
v(66	1	23	41	46	0)
v(67	1	16	132	32	2)
v(67	2	8	132	16	2)
v(67	3	28	185	56	2)
v(68	1	3	34	6	1)
v(68	2	28	180	56	1)
v(69	1	20	71	40	2)
v(69	2	17	85	34	3)
v(69	3	8	13	16	4)
v(69	4	2	96	4	3)
v(69	5	31	111	62	4)
v(70	1	3	65	6	0)
v(71	1	12	86	24	3)
v(71	2	14	32	28	3)
v(71	3	10	19	20	3)
v(71	4	13	77	26	3)
v(72	1	27	121	54	4)
v(72	2	27	142	54	4)
v(72	3	26	149	52	4)
v(72	4	27	139	54	4)
v(72	5	2	129	4	4)
v(73	1	12	76	24	1)
v(73	2	2	84	4	1)
v(73	3	29	155	58	2)
v(74	1	10	102	20	1)
v(74	2	32	34	64	1)
v(75	1	31	105	62	1)
v(75	2	23	101	46	1)
v(76	1	4	15	8	0)
v(77	1	5	84	10	3)
v(77	2	2	12	4	1)
v(77	3	1	55	2	4)
v(77	4	31	57	62	3)
v(77	5	10	141	20	3)
v(78	1	26	185	52	0)
v(79	1	20	113	40	0)
v(79	2	12	72	24	0)
v(80	1	1	12	2	1)
v(80	2	22	134	44	1)
v(81	1	24	96	48	0)
v(82	1	29	97	58	3)
v(82	2	1	96	2	3)
v(82	3	17	123	34	3)
v(82	4	18	86	36	3)
v(83	1	27	80	54	0)
v(84	1	21	31	42	3)
v(84	2	23	182	46	2)
v(84	3	2	70	4	3)
v(84	4	13	36	26	2)
v(85	1	16	67	32	1)
v(85	2	19	30	38	1)
v(86	1	27	143	54	0)
v(87	1	7	23	14	4)
v(87	2	17	166	34	4)
v(87	3	25	151	50	3)
v(87	4	14	126	28	3)
v(87	5	14	73	28	2)
v(88	1	25	100	50	0)
v(89	1	13	161	26	4)
v(89	2	15	124	30	4)
v(89	3	15	145	30	4)
v(89	4	16	167	32	4)
v(89	5	17	156	34	4)
v(90	1	3	39	6	3)
v(90	2	21	44	42	3)
v(90	3	18	74	36	3)
v(90	4	31	145	62	3)
v(91	1	31	161	62	0)
v(92	1	32	135	64	4)
v(92	2	15	159	30	4)
v(92	3	13	98	26	4)
v(92	4	10	35	20	4)
v(92	5	20	91	40	4)
v(93	1	14	53	28	2)
v(93	2	19	89	38	2)
v(93	3	32	182	64	2)
v(93	4	14	109	28	2)
v(94	1	10	61	20	2)
v(94	2	2	155	4	2)
v(94	3	5	161	10	2)
v(95	1	27	172	54	1)
v(95	2	32	183	64	1)
v(96	1	10	58	20	3)
v(96	2	17	18	34	3)
v(96	3	20	98	40	3)
v(96	4	18	19	36	3)
v(97	1	15	68	30	3)
v(97	2	10	140	20	3)
v(97	3	23	134	46	2)
v(97	4	31	154	62	2)
v(98	1	21	32	42	2)
v(98	2	6	112	12	2)
v(98	3	25	92	50	2)
v(99	1	4	59	8	4)
v(99	2	2	3	4	4)
v(99	3	1	77	2	4)
v(99	4	29	91	58	4)
v(99	5	25	95	50	4)
v(100	1	31	129	62	1)
v(100	2	30	140	60	1)
v(101	1	9	90	18	0)
v(102	1	7	72	14	0)
v(103	1	30	128	60	2)
v(103	2	30	97	60	2)
v(103	3	2	129	4	2)
v(104	1	13	150	26	1)
v(104	2	29	117	58	1)
v(105	1	14	47	28	2)
v(105	2	26	146	52	2)
v(105	3	14	112	28	2)
v(106	1	24	127	48	4)
v(106	2	7	74	14	4)
v(106	3	17	121	34	4)
v(106	4	9	38	18	3)
v(106	5	28	113	56	3)
v(107	1	32	153	64	0)
v(108	1	10	46	20	1)
v(108	2	25	61	50	1)
v(109	1	3	56	6	0)
v(110	1	32	147	64	4)
v(110	2	2	107	4	4)
v(110	3	7	109	14	4)
v(110	4	1	13	2	4)
v(110	5	2	74	4	4)
v(111	1	25	71	50	0)
v(112	1	21	29	42	2)
v(112	2	31	146	62	2)
v(112	3	21	32	42	3)
v(112	4	26	149	52	3)
v(113	1	7	22	14	2)
v(113	2	25	184	50	2)
v(113	3	23	69	46	2)
v(114	1	21	134	42	4)
v(114	2	22	149	44	4)
v(114	3	17	91	34	3)
v(114	4	12	117	24	3)
v(114	5	1	149	2	4)
v(115	1	1	54	2	3)
v(115	2	16	22	32	3)
v(115	3	27	74	54	3)
v(115	4	10	68	20	3)
v(116	1	5	101	10	1)
v(116	2	11	12	22	1)
v(117	1	3	147	6	1)
v(117	2	4	48	8	2)
v(117	3	2	17	4	1)
v(118	1	15	167	30	0)
v(118	2	32	182	64	0)
v(119	1	7	11	14	2)
v(119	2	2	5	4	2)
v(119	3	29	167	58	2)
v(120	1	15	34	30	2)
v(120	2	24	109	48	2)
v(120	3	29	40	58	2)
v(121	1	1	126	2	1)
v(121	2	4	136	8	1)
v(122	1	15	149	30	3)
v(122	2	12	79	24	3)
v(122	3	13	29	26	3)
v(122	4	6	45	12	3)
v(123	1	3	26	6	4)
v(123	2	24	120	48	4)
v(123	3	28	80	56	4)
v(123	4	6	81	12	4)
v(123	5	22	180	44	4)
v(124	1	10	112	20	2)
v(124	2	27	94	54	2)
v(124	3	28	51	56	2)
v(125	1	30	112	60	0)
v(126	1	19	29	38	2)
v(126	2	12	78	24	2)
v(126	3	4	135	8	2)
v(127	1	11	161	22	2)
v(127	2	23	93	46	2)
v(127	3	7	105	14	2)
v(128	1	15	94	30	2)
v(128	2	7	109	14	2)
v(128	3	5	35	10	2)
v(129	1	9	142	18	2)
v(129	2	15	67	30	2)
v(129	3	27	42	54	2)
v(130	1	25	129	50	1)
v(130	2	5	109	10	1)
v(131	1	17	109	34	1)
v(131	2	6	140	12	1)
v(131	3	20	65	40	2)
v(132	1	21	173	42	3)
v(132	2	28	31	56	3)
v(132	3	23	73	46	3)
v(132	4	17	27	34	3)
v(133	1	32	132	64	3)
v(133	2	11	41	22	3)
v(133	3	25	77	50	3)
v(133	4	18	61	36	3)
v(134	1	25	78	50	0)
v(135	1	27	80	54	0)
v(135	2	8	26	16	0)
v(136	1	31	148	62	0)
v(137	1	11	20	22	2)
v(137	2	9	36	18	2)
v(137	3	3	148	6	2)
v(138	1	7	164	14	4)
v(138	2	30	137	60	4)
v(138	3	24	131	48	3)
v(138	4	2	104	4	4)
v(138	5	31	160	62	3)
v(139	1	5	71	10	3)
v(139	2	26	56	52	3)
v(139	3	29	45	58	3)
v(139	4	9	63	18	3)
v(140	1	7	100	14	4)
v(140	2	14	154	28	4)
v(140	3	21	156	42	3)
v(140	4	9	160	18	3)
v(140	5	22	97	44	4)
v(141	1	32	165	64	1)
v(141	2	4	17	8	1)
v(142	1	28	184	56	0)
v(143	1	7	101	14	0)
v(144	1	11	123	22	0)
v(145	1	18	33	36	4)
v(145	2	7	107	14	4)
v(145	3	15	113	30	4)
v(145	4	3	136	6	4)
v(145	5	24	129	48	4)
v(146	1	11	149	22	4)
v(146	2	23	44	46	4)
v(146	3	18	161	36	4)
v(146	4	3	100	6	3)
v(146	5	24	161	48	3)
v(147	1	24	81	48	1)
v(147	2	4	113	8	1)
v(148	1	22	170	44	4)
v(148	2	12	124	24	4)
v(148	3	32	36	64	4)
v(148	4	28	91	56	4)
v(148	5	6	82	12	4)
v(149	1	6	113	12	2)
v(149	2	2	69	4	2)
v(149	3	4	148	8	2)
v(150	1	5	80	10	1)
v(150	2	13	110	26	1)
v(151	1	13	118	26	4)
v(151	2	15	130	30	4)
v(151	3	5	117	10	4)
v(151	4	30	67	60	4)
v(151	5	12	79	24	4)
v(152	1	27	117	54	0)
v(153	1	26	183	52	1)
v(153	2	22	112	44	1)
v(154	1	7	76	14	3)
v(154	2	12	112	24	3)
v(154	3	22	158	44	3)
v(154	4	25	164	50	3)
v(155	1	31	121	62	2)
v(155	2	22	107	44	2)
v(155	3	1	81	2	2)
v(156	1	10	82	20	0)
v(157	1	15	81	30	1)
v(157	2	15	124	30	1)
v(158	1	16	32	32	2)
v(158	2	22	117	44	3)
v(158	3	1	44	2	2)
v(158	4	29	48	58	3)
v(159	1	19	131	38	3)
v(159	2	8	85	16	3)
v(159	3	6	141	12	3)
v(159	4	14	49	28	3)
v(160	1	18	33	36	3)
v(160	2	10	26	20	2)
v(160	3	12	82	24	3)
v(160	4	25	151	50	2)
v(161	1	28	46	56	3)
v(161	2	18	152	36	3)
v(161	3	15	27	30	3)
v(161	4	30	112	60	3)
v(162	1	9	156	18	1)
v(162	2	26	108	52	1)
v(163	1	21	91	42	4)
v(163	2	9	13	18	3)
v(163	3	14	89	28	4)
v(163	4	22	94	44	3)
v(163	5	1	156	2	4)
v(164	1	5	114	10	4)
v(164	2	30	100	60	4)
v(164	3	26	46	52	4)
v(164	4	11	96	22	4)
v(164	5	19	28	38	4)
v(165	1	26	128	52	3)
v(165	2	14	22	28	3)
v(165	3	29	81	58	3)
v(165	4	5	10	10	3)
v(166	1	11	23	22	3)
v(166	2	16	31	32	3)
v(166	3	12	143	24	4)
v(166	4	31	151	62	4)
v(166	5	1	126	2	4)
v(167	1	7	104	14	1)
v(167	2	18	21	36	1)
v(168	1	13	160	26	4)
v(168	2	19	142	38	3)
v(168	3	15	104	30	4)
v(168	4	6	100	12	4)
v(168	5	16	84	32	3)
v(169	1	6	23	12	3)
v(169	2	27	95	54	3)
v(169	3	5	52	10	3)
v(169	4	32	132	64	3)
v(170	1	16	166	32	4)
v(170	2	27	52	54	4)
v(170	3	4	140	8	3)
v(170	4	11	118	22	4)
v(170	5	28	170	56	3)
v(171	1	8	108	16	2)
v(171	2	29	177	58	2)
v(171	3	4	28	8	2)
v(172	1	1	83	2	0)
v(173	1	5	122	10	2)
v(173	2	15	121	30	1)
v(173	3	2	121	4	1)
v(174	1	25	132	50	2)
v(174	2	31	41	62	2)
v(174	3	26	136	52	2)
v(175	1	31	116	62	3)
v(175	2	26	126	52	3)
v(175	3	11	134	22	3)
v(175	4	29	146	58	3)
v(176	1	7	109	14	1)
v(176	2	16	161	32	1)
v(177	1	20	41	40	3)
v(177	2	3	29	6	4)
v(177	3	13	128	26	4)
v(177	4	9	164	18	4)
v(177	5	3	56	6	3)
v(178	1	22	91	44	0)
v(179	1	24	59	48	1)
v(179	2	17	42	34	1)
v(180	1	5	154	10	4)
v(180	2	27	58	54	4)
v(180	3	18	119	36	4)
v(180	4	21	169	42	4)
v(180	5	2	29	4	4)
v(181	1	16	153	32	3)
v(181	2	30	180	60	3)
v(181	3	4	144	8	3)
v(181	4	7	50	14	3)
v(182	1	26	184	52	1)
v(182	2	12	172	24	1)
v(183	1	11	99	22	0)
v(184	1	24	85	48	4)
v(184	2	14	150	28	4)
v(184	3	32	89	64	4)
v(184	4	30	123	60	4)
v(184	5	32	150	64	4)
v(185	1	26	186	52	2)
v(185	2	11	114	22	2)
v(185	3	30	115	60	2)
v(186	1	21	133	42	1)
v(186	2	28	152	56	1)
v(187	1	22	144	44	1)
v(187	2	13	154	26	1)
v(188	1	11	72	22	0)
v(189	1	2	146	4	1)
v(189	2	22	147	44	1)
v(190	1	27	170	54	4)
v(190	2	27	181	54	4)
v(190	3	29	149	58	4)
v(190	4	25	170	50	4)
v(190	5	13	92	26	4)
v(191	1	14	174	28	0)
v(192	1	4	25	8	1)
v(192	2	28	87	56	1)
v(193	1	25	94	50	4)
v(193	2	8	111	16	4)
v(193	3	7	71	14	4)
v(193	4	17	100	34	4)
v(193	5	25	72	50	4)
v(194	1	23	36	46	3)
v(194	2	21	49	42	3)
v(194	3	24	25	48	3)
v(194	4	10	48	20	3)
v(195	1	24	33	48	0)
v(196	1	19	130	38	4)
v(196	2	3	91	6	4)
v(196	3	11	39	22	4)
v(196	4	25	165	50	4)
v(196	5	23	136	46	4)
v(197	1	30	148	60	1)
v(197	2	16	160	32	3)
v(197	3	27	102	54	2)
v(197	4	25	95	50	2)
v(198	1	18	35	36	2)
v(198	2	22	130	44	3)
v(198	3	11	21	22	2)
v(198	4	22	91	44	1)
v(199	1	20	74	40	3)
v(199	2	12	92	24	3)
v(199	3	26	44	52	3)
v(199	4	29	179	58	3)
v(200	1	19	143	38	1)
v(200	2	19	173	38	1)
v(201	1	1	6	2	2)
v(201	2	24	96	48	2)
v(201	3	7	43	14	2)
v(202	1	31	46	62	3)
v(202	2	19	129	38	4)
v(202	3	22	49	44	4)
v(202	4	30	54	60	3)
v(202	5	7	128	14	4)
v(203	1	16	150	32	4)
v(203	2	8	158	16	4)
v(203	3	31	185	62	4)
v(203	4	17	167	34	4)
v(203	5	11	145	22	4)
v(204	1	2	83	4	4)
v(204	2	7	152	14	4)
v(204	3	11	168	22	4)
v(204	4	16	98	32	4)
v(204	5	4	73	8	4)
v(205	1	12	157	24	4)
v(205	2	26	160	52	4)
v(205	3	2	57	4	4)
v(205	4	23	37	46	4)
v(205	5	6	63	12	4)
v(206	1	11	162	22	3)
v(206	2	16	159	32	3)
v(206	3	22	32	44	3)
v(206	4	16	108	32	3)
v(207	1	27	139	54	1)
v(207	2	26	130	52	1)
v(208	1	15	171	30	4)
v(208	2	6	149	12	3)
v(208	3	9	82	18	4)
v(208	4	32	104	64	4)
v(208	5	6	43	12	3)
v(209	1	20	69	40	1)
v(209	2	25	126	50	1)
v(210	1	6	64	12	1)
v(210	2	29	159	58	1)
v(211	1	20	85	40	2)
v(211	2	3	5	6	2)
v(211	3	6	121	12	2)
v(212	1	18	162	36	2)
v(212	2	2	37	4	2)
v(212	3	31	171	62	2)
v(213	1	2	24	4	0)
v(214	1	7	16	14	4)
v(214	2	19	132	38	3)
v(214	3	25	90	50	3)
v(214	4	27	164	54	4)
v(214	5	14	140	28	2)
v(215	1	22	51	44	0)
v(216	1	30	160	60	3)
v(216	2	19	46	38	2)
v(216	3	13	69	26	3)
v(216	4	16	21	32	2)
v(217	1	19	108	38	4)
v(217	2	2	145	4	4)
v(217	3	16	167	32	4)
v(217	4	5	97	10	4)
v(217	5	17	173	34	4)
v(218	1	21	111	42	1)
v(218	2	31	140	62	1)
v(219	1	13	46	26	3)
v(219	2	26	128	52	3)
v(219	3	19	111	38	3)
v(219	4	7	29	14	3)
v(220	1	14	158	28	1)
v(220	2	14	143	28	1)
v(221	1	18	135	36	0)
v(222	1	32	54	64	3)
v(222	2	23	134	46	3)
v(222	3	29	133	58	3)
v(222	4	5	18	10	3)
v(223	1	8	52	16	2)
v(223	2	4	163	8	2)
v(223	3	29	151	58	2)
v(224	1	4	81	8	0)
v(225	1	3	118	6	2)
v(225	2	26	135	52	2)
v(225	3	21	49	42	2)
v(226	1	22	94	44	0)
v(227	1	18	153	36	1)
v(227	2	8	17	16	1)
v(228	1	26	164	52	2)
v(228	2	20	57	40	2)
v(228	3	20	180	40	2)
v(229	1	18	111	36	3)
v(229	2	27	140	54	3)
v(229	3	12	131	24	3)
v(229	4	21	45	42	3)
v(229	5	23	33	46	4)
v(230	1	17	21	34	0)
v(231	1	9	105	18	2)
v(231	2	22	176	44	2)
v(231	3	4	60	8	2)
v(232	1	11	152	22	3)
v(232	2	25	134	50	4)
v(232	3	2	151	4	4)
v(232	4	15	98	30	4)
v(232	5	15	57	30	3)
v(233	1	31	75	62	1)
v(233	2	31	129	62	1)
v(234	1	1	107	2	0)
v(235	1	18	144	36	4)
v(235	2	13	15	26	4)
v(235	3	5	112	10	4)
v(235	4	3	73	6	4)
v(235	5	26	49	52	4)
v(236	1	25	78	50	4)
v(236	2	25	115	50	4)
v(236	3	3	142	6	4)
v(236	4	12	41	24	4)
v(236	5	26	89	52	4)
v(237	1	2	106	4	3)
v(237	2	2	105	4	3)
v(237	3	24	36	48	3)
v(237	4	29	74	58	3)
v(238	1	31	32	62	4)
v(238	2	13	16	26	4)
v(238	3	20	147	40	3)
v(238	4	24	155	48	3)
v(238	5	32	44	64	2)
v(239	1	13	95	26	2)
v(239	2	1	111	2	2)
v(239	3	12	171	24	2)
v(240	1	1	142	2	3)
v(240	2	6	54	12	4)
v(240	3	5	110	10	4)
v(240	4	6	131	12	4)
v(240	5	5	160	10	3)
v(241	1	15	41	30	0)
v(242	1	3	44	6	2)
v(242	2	5	122	10	2)
v(242	3	26	142	52	2)
v(243	1	5	80	10	0)
v(244	1	27	103	54	1)
v(244	2	29	154	58	1)
v(245	1	25	63	50	0)
v(246	1	16	80	32	3)
v(246	2	10	143	20	3)
v(246	3	16	82	32	3)
v(246	4	9	168	18	3)
v(247	1	18	164	36	0)
v(248	1	10	149	20	1)
v(248	2	18	72	36	1)
v(249	1	19	160	38	4)
v(249	2	16	156	32	4)
v(249	3	12	137	24	4)
v(249	4	23	39	46	3)
v(249	5	7	167	14	3)
v(250	1	2	148	4	0)
v(251	1	26	38	52	2)
v(251	2	18	56	36	2)
v(251	3	13	17	26	2)
v(252	1	30	150	60	1)
v(252	2	17	48	34	2)
v(252	3	29	132	58	1)
v(253	1	28	49	56	2)
v(253	2	31	137	62	3)
v(253	3	1	151	2	2)
v(253	4	31	187	62	3)
v(254	1	2	103	4	1)
v(254	2	12	37	24	1)
v(255	1	21	22	42	1)
v(255	2	29	152	58	1)
v(256	1	8	81	16	0)
v(257	1	26	27	52	0)
v(258	1	4	20	8	1)
v(258	2	18	174	36	1)
v(259	1	30	90	60	0)
v(260	1	16	91	32	2)
v(260	2	14	142	28	1)
v(260	3	17	93	34	1)
v(261	1	21	149	42	4)
v(261	2	25	86	50	4)
v(261	3	28	128	56	4)
v(261	4	17	38	34	4)
v(261	5	20	124	40	4)
v(262	1	19	80	38	2)
v(262	2	20	133	40	2)
v(262	3	16	46	32	3)
v(262	4	9	117	18	3)
v(263	1	5	153	10	2)
v(263	2	5	152	10	2)
v(263	3	1	97	2	3)
v(263	4	3	102	6	1)
v(264	1	19	152	38	2)
v(264	2	8	133	16	2)
v(264	3	23	75	46	2)
v(265	1	13	78	26	4)
v(265	2	3	154	6	4)
v(265	3	3	97	6	4)
v(265	4	18	26	36	4)
v(265	5	17	118	34	4)
v(266	1	16	76	32	1)
v(266	2	30	167	60	1)
v(267	1	17	102	34	3)
v(267	2	14	108	28	3)
v(267	3	30	150	60	3)
v(267	4	6	97	12	3)
v(268	1	23	33	46	1)
v(268	2	20	110	40	1)
v(269	1	16	54	32	2)
v(269	2	24	106	48	2)
v(269	3	25	120	50	2)
v(270	1	24	140	48	4)
v(270	2	4	88	8	2)
v(270	3	18	76	36	3)
v(270	4	31	77	62	4)
v(270	5	9	87	18	3)
v(271	1	5	22	10	2)
v(271	2	1	139	2	2)
v(271	3	23	120	46	2)
v(272	1	4	139	8	3)
v(272	2	4	131	8	2)
v(272	3	32	135	64	3)
v(272	4	3	122	6	2)
v(273	1	15	128	30	4)
v(273	2	19	25	38	4)
v(273	3	16	98	32	3)
v(273	4	9	77	18	4)
v(273	5	20	53	40	3)
v(274	1	21	82	42	3)
v(274	2	17	83	34	3)
v(274	3	22	97	44	3)
v(274	4	27	168	54	3)
v(275	1	30	151	60	4)
v(275	2	18	169	36	4)
v(275	3	17	103	34	4)
v(275	4	23	167	46	4)
v(275	5	11	67	22	4)
v(276	1	14	161	28	1)
v(276	2	5	46	10	1)
v(277	1	10	161	20	0)
v(278	1	15	149	30	0)
v(279	1	13	173	26	3)
v(279	2	3	39	6	3)
v(279	3	3	34	6	3)
v(279	4	27	187	54	3)
v(280	1	20	82	40	3)
v(280	2	5	140	10	2)
v(280	3	13	72	26	3)
v(280	4	4	19	8	2)
v(281	1	14	16	28	1)
v(281	2	9	129	18	1)
v(282	1	21	89	42	4)
v(282	2	11	111	22	4)
v(282	3	23	143	46	4)
v(282	4	11	137	22	4)
v(282	5	7	128	14	4)
v(283	1	27	144	54	3)
v(283	2	26	138	52	3)
v(283	3	1	90	2	3)
v(283	4	10	60	20	3)
v(284	1	16	66	32	2)
v(284	2	32	129	64	2)
v(284	3	4	48	8	2)
v(285	1	5	67	10	0)
v(286	1	31	133	62	4)
v(286	2	13	130	26	4)
v(286	3	5	47	10	4)
v(286	4	29	70	58	4)
v(286	5	29	132	58	4)
v(287	1	5	96	10	4)
v(287	2	27	123	54	4)
v(287	3	7	126	14	4)
v(287	4	11	21	22	4)
v(287	5	3	106	6	4)
v(288	1	7	61	14	3)
v(288	2	22	116	44	3)
v(288	3	20	56	40	3)
v(288	4	10	151	20	3)
v(289	1	24	146	48	2)
v(289	2	17	130	34	2)
v(289	3	8	46	16	2)
v(290	1	5	116	10	1)
v(290	2	1	137	2	1)
v(291	1	20	149	40	2)
v(291	2	1	38	2	2)
v(291	3	26	41	52	2)
v(292	1	19	61	38	3)
v(292	2	5	54	10	3)
v(292	3	32	97	64	3)
v(292	4	13	101	26	3)
v(293	1	23	89	46	4)
v(293	2	13	118	26	4)
v(293	3	16	72	32	4)
v(293	4	2	126	4	4)
v(293	5	15	160	30	4)
v(294	1	1	43	2	3)
v(294	2	29	185	58	2)
v(294	3	17	45	34	3)
v(294	4	23	161	46	2)
v(295	1	29	104	58	0)
v(296	1	22	76	44	3)
v(296	2	25	28	50	3)
v(296	3	21	161	42	3)
v(296	4	16	148	32	3)
v(297	1	21	133	42	4)
v(297	2	29	179	58	4)
v(297	3	12	52	24	3)
v(297	4	27	99	54	3)
v(297	5	10	55	20	4)
v(298	1	14	165	28	1)
v(298	2	5	38	10	1)
v(299	1	11	158	22	3)
v(299	2	27	137	54	3)
v(299	3	3	47	6	3)
v(299	4	1	102	2	3)
v(300	1	5	106	10	3)
v(300	2	23	145	46	3)
v(300	3	24	154	48	3)
v(300	4	25	107	50	3)
v(301	1	12	25	24	3)
v(301	2	24	32	48	3)
v(301	3	2	11	4	3)
v(301	4	22	113	44	3)
v(302	1	7	162	14	0)
v(303	1	20	147	40	3)
v(303	2	25	170	50	3)
v(303	3	24	51	48	3)
v(303	4	28	142	56	3)
v(304	1	24	31	48	0)
v(305	1	19	47	38	1)
v(305	2	25	181	50	1)
v(306	1	19	30	38	0)
v(307	1	15	18	30	0)
v(308	1	1	149	2	2)
v(308	2	20	58	40	2)
v(308	3	14	137	28	2)
v(309	1	28	170	56	1)
v(309	2	8	14	16	1)
v(310	1	20	119	40	3)
v(310	2	5	69	10	3)
v(310	3	27	128	54	3)
v(310	4	3	101	6	3)
v(311	1	26	94	52	0)
v(312	1	30	153	60	4)
v(312	2	22	52	44	3)
v(312	3	25	122	50	3)
v(312	4	7	121	14	4)
v(312	5	3	159	6	4)
v(313	1	11	26	22	4)
v(313	2	30	121	60	4)
v(313	3	16	108	32	4)
v(313	4	28	75	56	4)
v(313	5	8	63	16	4)
v(314	1	30	40	60	2)
v(314	2	27	58	54	2)
v(314	3	28	172	56	2)
v(315	1	21	59	42	2)
v(315	2	4	109	8	2)
v(315	3	31	137	62	2)
v(316	1	8	90	16	0)
v(317	1	15	138	30	4)
v(317	2	25	116	50	3)
v(317	3	27	164	54	2)
v(317	4	17	155	34	4)
v(317	5	19	71	38	3)
v(318	1	8	83	16	1)
v(318	2	1	90	2	1)
v(319	1	22	64	44	3)
v(319	2	9	64	18	3)
v(319	3	24	131	48	3)
v(319	4	2	57	4	3)
v(320	1	10	77	20	2)
v(320	2	13	43	26	2)
v(320	3	9	37	18	2)
v(321	1	9	20	18	0)
v(322	1	15	142	30	1)
v(322	2	10	146	20	1)
v(323	1	1	92	2	1)
v(323	2	27	110	54	1)
v(324	1	25	67	50	2)
v(324	2	19	61	38	2)
v(324	3	15	93	30	2)
v(325	1	24	177	48	0)
v(326	1	29	101	58	0)
v(327	1	20	122	40	1)
v(327	2	30	117	60	1)
v(328	1	27	158	54	1)
v(328	2	3	110	6	1)
v(329	1	21	62	42	4)
v(329	2	1	160	2	4)
v(329	3	24	163	48	4)
v(329	4	32	96	64	4)
v(329	5	17	72	34	4)
v(330	1	23	74	46	2)
v(330	2	3	11	6	2)
v(330	3	1	16	2	3)
v(330	4	16	50	32	3)
v(331	1	19	92	38	2)
v(331	2	19	43	38	2)
v(331	3	18	95	36	2)
v(332	1	30	86	60	3)
v(332	2	22	113	44	3)
v(332	3	22	122	44	3)
v(332	4	30	106	60	3)
v(333	1	14	79	28	1)
v(333	2	11	95	22	1)
v(334	1	2	160	4	1)
v(334	2	26	86	52	1)
v(335	1	12	61	24	4)
v(335	2	25	107	50	4)
v(335	3	20	39	40	4)
v(335	4	18	58	36	4)
v(335	5	21	73	42	4)
v(336	1	26	97	52	4)
v(336	2	7	128	14	4)
v(336	3	1	108	2	4)
v(336	4	27	103	54	4)
v(336	5	19	115	38	4)
v(337	1	27	96	54	0)
v(338	1	4	99	8	3)
v(338	2	12	171	24	3)
v(338	3	6	128	12	3)
v(338	4	28	164	56	3)
v(339	1	29	100	58	1)
v(339	2	20	74	40	1)
v(340	1	27	127	54	3)
v(340	2	32	117	64	3)
v(340	3	15	123	30	3)
v(340	4	25	70	50	3)
v(341	1	32	93	64	1)
v(341	2	3	36	6	1)
v(342	1	23	134	46	2)
v(342	2	23	72	46	2)
v(342	3	22	34	44	2)
v(343	1	3	20	6	0)
v(344	1	6	100	12	2)
v(344	2	27	134	54	2)
v(344	3	18	28	36	2)
v(345	1	32	139	64	1)
v(345	2	13	84	26	1)
v(346	1	30	52	60	0)
v(347	1	15	152	30	2)
v(347	2	18	99	36	2)
v(347	3	5	113	10	2)
v(348	1	14	170	28	0)
v(349	1	12	61	24	2)
v(349	2	20	48	40	3)
v(349	3	24	148	48	3)
v(349	4	28	73	56	3)
v(349	5	32	69	64	3)
v(350	1	16	44	32	4)
v(350	2	13	57	26	3)
v(350	3	21	74	42	3)
v(350	4	26	112	52	4)
v(350	5	12	35	24	4)
v(351	1	8	145	16	1)
v(351	2	16	134	32	1)
v(352	1	25	61	50	4)
v(352	2	13	81	26	4)
v(352	3	12	45	24	4)
v(352	4	13	116	26	4)
v(352	5	21	173	42	4)
v(353	1	8	39	16	4)
v(353	2	3	5	6	3)
v(353	3	6	89	12	4)
v(353	4	9	87	18	3)
v(353	5	27	43	54	4)
v(354	1	23	53	46	0)
v(354	2	14	97	28	0)
v(355	1	22	93	44	0)
v(356	1	1	127	2	2)
v(356	2	4	138	8	2)
v(356	3	17	152	34	2)
v(357	1	11	128	22	0)
v(358	1	30	37	60	4)
v(358	2	1	51	2	4)
v(358	3	12	99	24	3)
v(358	4	17	66	34	4)
v(358	5	26	186	52	3)
v(359	1	25	160	50	4)
v(359	2	4	142	8	4)
v(359	3	23	108	46	4)
v(359	4	7	141	14	4)
v(359	5	29	138	58	4)
v(360	1	22	179	44	3)
v(360	2	7	8	14	3)
v(360	3	7	29	14	3)
v(360	4	19	41	38	3)
v(361	1	18	72	36	2)
v(361	2	16	159	32	2)
v(361	3	20	26	40	2)
v(362	1	5	51	10	3)
v(362	2	15	92	30	3)
v(362	3	12	102	24	3)
v(362	4	23	55	46	3)
v(363	1	2	99	4	4)
v(363	2	29	81	58	4)
v(363	3	13	137	26	4)
v(363	4	10	107	20	4)
v(363	5	25	170	50	4)
v(364	1	6	123	12	3)
v(364	2	19	161	38	3)
v(364	3	13	52	26	3)
v(364	4	24	116	48	3)
v(365	1	17	173	34	4)
v(365	2	11	76	22	4)
v(365	3	14	146	28	4)
v(365	4	1	21	2	4)
v(365	5	15	30	30	4)
v(366	1	4	76	8	2)
v(366	2	12	89	24	3)
v(366	3	16	34	32	2)
v(366	4	18	99	36	3)
v(367	1	29	76	58	0)
v(368	1	11	93	22	4)
v(368	2	14	54	28	3)
v(368	3	12	61	24	4)
v(368	4	24	109	48	3)
v(368	5	3	133	6	4)
v(369	1	8	33	16	3)
v(369	2	32	51	64	4)
v(369	3	28	69	56	3)
v(369	4	25	159	50	3)
v(369	5	21	144	42	3)
v(370	1	30	167	60	2)
v(370	2	32	58	64	2)
v(370	3	3	14	6	2)
v(371	1	22	139	44	0)
v(372	1	15	54	30	2)
v(372	2	2	135	4	2)
v(372	3	15	120	30	2)
v(373	1	27	153	54	2)
v(373	2	9	137	18	2)
v(373	3	21	25	42	2)
v(374	1	22	44	44	4)
v(374	2	7	39	14	4)
v(374	3	25	39	50	4)
v(374	4	28	69	56	4)
v(374	5	11	85	22	4)
v(375	1	10	136	20	1)
v(375	2	30	114	60	1)
v(376	1	30	161	60	1)
v(376	2	9	148	18	1)
v(377	1	24	168	48	2)
v(377	2	21	59	42	2)
v(377	3	2	116	4	2)
v(378	1	1	124	2	0)
v(379	1	24	150	48	3)
v(379	2	10	26	20	2)
v(379	3	31	108	62	3)
v(379	4	32	133	64	2)
v(380	1	27	156	54	3)
v(380	2	20	21	40	2)
v(380	3	23	40	46	2)
v(380	4	1	13	2	3)
v(381	1	26	51	52	0)
v(382	1	17	174	34	1)
v(382	2	10	25	20	1)
v(382	3	28	71	56	2)
v(383	1	13	99	26	1)
v(383	2	10	65	20	1)
v(384	1	22	145	44	2)
v(384	2	9	69	18	2)
v(384	3	14	99	28	2)
v(385	1	18	59	36	1)
v(385	2	31	114	62	1)
v(386	1	2	128	4	2)
v(386	2	18	72	36	3)
v(386	3	23	89	46	2)
v(386	4	22	33	44	3)
v(387	1	7	133	14	3)
v(387	2	31	182	62	3)
v(387	3	11	66	22	3)
v(387	4	15	109	30	3)
v(387	5	25	62	50	4)
v(388	1	18	55	36	2)
v(388	2	1	76	2	3)
v(388	3	29	36	58	3)
v(388	4	30	77	60	2)
v(389	1	12	136	24	3)
v(389	2	30	107	60	2)
v(389	3	21	97	42	3)
v(389	4	14	46	28	2)
v(390	1	2	84	4	4)
v(390	2	23	53	46	4)
v(390	3	27	156	54	4)
v(390	4	23	154	46	4)
v(390	5	1	134	2	4)
v(391	1	22	123	44	3)
v(391	2	6	29	12	2)
v(391	3	14	27	28	3)
v(391	4	23	63	46	2)
v(392	1	31	165	62	3)
v(392	2	22	137	44	3)
v(392	3	15	118	30	3)
v(392	4	21	157	42	3)
v(393	1	14	136	28	2)
v(393	2	4	105	8	2)
v(393	3	19	49	38	2)
v(394	1	5	56	10	0)
v(395	1	32	189	64	3)
v(395	2	17	36	34	3)
v(395	3	15	123	30	3)
v(395	4	28	108	56	3)
v(396	1	17	24	34	0)
v(397	1	21	99	42	4)
v(397	2	4	94	8	3)
v(397	3	3	52	6	3)
v(397	4	32	173	64	4)
v(397	5	22	102	44	4)
v(398	1	10	30	20	1)
v(398	2	11	71	22	1)
v(399	1	23	153	46	4)
v(399	2	5	126	10	4)
v(399	3	28	164	56	3)
v(399	4	17	135	34	3)
v(399	5	26	77	52	4)
v(400	1	27	49	54	0)
v(401	1	1	43	2	4)
v(401	2	19	172	38	3)
v(401	3	5	110	10	4)
v(401	4	30	46	60	3)
v(401	5	7	154	14	4)
v(402	1	16	73	32	4)
v(402	2	16	139	32	3)
v(402	3	6	47	12	3)
v(402	4	8	111	16	4)
v(402	5	19	49	38	4)
v(403	1	21	134	42	0)
v(404	1	3	133	6	1)
v(404	2	17	118	34	1)
v(405	1	31	120	62	2)
v(405	2	7	103	14	2)
v(405	3	14	165	28	2)
v(406	1	13	162	26	2)
v(406	2	27	154	54	2)
v(406	3	3	146	6	2)
v(407	1	24	85	48	4)
v(407	2	16	150	32	2)
v(407	3	13	117	26	3)
v(407	4	27	80	54	3)
v(407	5	24	100	48	4)
v(408	1	25	149	50	0)
v(409	1	3	64	6	1)
v(409	2	25	78	50	1)
v(410	1	14	142	28	0)
v(411	1	19	83	38	0)
v(412	1	10	124	20	4)
v(412	2	11	160	22	3)
v(412	3	3	69	6	4)
v(412	4	5	93	10	3)
v(412	5	21	107	42	4)
v(413	1	12	153	24	0)
v(414	1	20	31	40	2)
v(414	2	19	129	38	2)
v(414	3	3	47	6	3)
v(414	4	16	58	32	3)
v(415	1	24	79	48	3)
v(415	2	19	163	38	3)
v(415	3	24	101	48	3)
v(415	4	22	181	44	3)
v(416	1	24	154	48	3)
v(416	2	28	76	56	3)
v(416	3	18	139	36	3)
v(416	4	1	65	2	3)
v(417	1	5	52	10	0)
v(418	1	25	35	50	4)
v(418	2	26	124	52	4)
v(418	3	8	52	16	3)
v(418	4	24	93	48	4)
v(418	5	26	97	52	3)
v(419	1	29	154	58	2)
v(419	2	22	106	44	3)
v(419	3	16	93	32	2)
v(419	4	17	108	34	3)
v(420	1	6	81	12	1)
v(420	2	22	87	44	1)
v(421	1	26	92	52	2)
v(421	2	1	75	2	2)
v(421	3	7	94	14	2)
v(422	1	21	24	42	2)
v(422	2	1	136	2	2)
v(422	3	8	84	16	2)
v(422	4	4	54	8	2)
v(423	1	26	95	52	3)
v(423	2	20	147	40	3)
v(423	3	1	111	2	3)
v(423	4	27	67	54	3)
v(424	1	27	162	54	2)
v(424	2	27	120	54	2)
v(424	3	19	166	38	2)
v(425	1	28	41	56	1)
v(425	2	29	43	58	1)
v(426	1	18	73	36	1)
v(426	2	14	109	28	1)
v(427	1	19	144	38	0)
v(428	1	9	120	18	3)
v(428	2	19	177	38	3)
v(428	3	31	49	62	3)
v(428	4	2	12	4	3)
v(429	1	2	33	4	0)
v(430	1	17	137	34	3)
v(430	2	26	69	52	2)
v(430	3	15	174	30	3)
v(430	4	12	71	24	2)
v(431	1	30	117	60	3)
v(431	2	6	148	12	3)
v(431	3	29	35	58	3)
v(431	4	6	48	12	3)
v(432	1	18	127	36	2)
v(432	2	30	119	60	2)
v(432	3	4	88	8	2)
v(433	1	29	133	58	1)
v(433	2	5	112	10	1)
v(434	1	22	151	44	4)
v(434	2	17	134	34	3)
v(434	3	20	92	40	4)
v(434	4	3	35	6	3)
v(434	5	14	48	28	4)
v(435	1	11	157	22	2)
v(435	2	27	177	54	2)
v(435	3	3	37	6	2)
v(436	1	17	69	34	3)
v(436	2	4	70	8	3)
v(436	3	18	121	36	3)
v(436	4	24	119	48	3)
v(437	1	23	147	46	4)
v(437	2	28	78	56	4)
v(437	3	13	70	26	4)
v(437	4	14	27	28	4)
v(437	5	10	102	20	4)
v(438	1	25	153	50	3)
v(438	2	23	145	46	4)
v(438	3	1	56	2	2)
v(438	4	27	74	54	4)
v(438	5	32	183	64	3)
v(439	1	22	61	44	1)
v(439	2	19	50	38	1)
v(440	1	8	11	16	2)
v(440	2	2	124	4	1)
v(440	3	18	158	36	1)
v(441	1	25	178	50	2)
v(441	2	4	32	8	2)
v(441	3	5	74	10	2)
v(442	1	5	73	10	3)
v(442	2	16	37	32	4)
v(442	3	3	29	6	3)
v(442	4	21	24	42	4)
v(442	5	20	25	40	4)
v(443	1	29	180	58	4)
v(443	2	24	34	48	4)
v(443	3	6	28	12	4)
v(443	4	12	114	24	4)
v(443	5	28	119	56	4)
v(444	1	10	156	20	3)
v(444	2	9	79	18	3)
v(444	3	29	137	58	3)
v(444	4	8	91	16	3)
v(445	1	10	65	20	0)
v(446	1	28	112	56	3)
v(446	2	22	144	44	4)
v(446	3	9	37	18	3)
v(446	4	9	162	18	4)
v(446	5	8	16	16	4)
v(447	1	14	152	28	0)
v(448	1	27	72	54	0)
v(449	1	6	115	12	2)
v(449	2	6	158	12	2)
v(449	3	32	36	64	2)
v(450	1	1	14	2	0)
v(451	1	17	103	34	1)
v(451	2	16	69	32	2)
v(451	3	19	73	38	1)
v(452	1	14	112	28	3)
v(452	2	12	170	24	3)
v(452	3	3	137	6	3)
v(452	4	9	60	18	3)
v(453	1	25	114	50	0)
v(454	1	14	91	28	2)
v(454	2	5	59	10	3)
v(454	3	13	79	26	3)
v(454	4	9	33	18	2)
v(455	1	19	88	38	0)
v(455	2	25	80	50	0)
v(456	1	27	186	54	0)
v(457	1	6	59	12	3)
v(457	2	5	16	10	4)
v(457	3	27	43	54	4)
v(457	4	17	82	34	3)
v(457	5	28	188	56	4)
v(458	1	9	130	18	0)
v(459	1	15	152	30	2)
v(459	2	12	130	24	2)
v(459	3	3	83	6	2)
v(460	1	21	33	42	0)
v(461	1	8	92	16	3)
v(461	2	3	17	6	2)
v(461	3	26	43	52	2)
v(461	4	27	148	54	3)
v(462	1	11	122	22	4)
v(462	2	6	56	12	4)
v(462	3	30	69	60	4)
v(462	4	32	168	64	4)
v(462	5	12	170	24	4)
v(463	1	3	89	6	3)
v(463	2	22	168	44	3)
v(463	3	2	160	4	3)
v(463	4	26	74	52	3)
v(464	1	3	68	6	1)
v(464	2	12	24	24	1)
v(465	1	31	133	62	2)
v(465	2	4	156	8	2)
v(465	3	2	70	4	2)
v(466	1	10	18	20	2)
v(466	2	24	64	48	3)
v(466	3	23	117	46	2)
v(466	4	21	116	42	3)
v(467	1	14	107	28	4)
v(467	2	32	82	64	4)
v(467	3	16	176	32	4)
v(467	4	6	67	12	4)
v(467	5	5	133	10	4)
v(468	1	29	166	58	0)
v(469	1	24	92	48	2)
v(469	2	23	61	46	2)
v(469	3	3	116	6	2)
v(470	1	28	91	56	2)
v(470	2	13	100	26	2)
v(470	3	19	34	38	2)
v(471	1	31	139	62	4)
v(471	2	7	108	14	4)
v(471	3	18	81	36	2)
v(471	4	23	74	46	3)
v(471	5	13	68	26	3)
v(472	1	28	108	56	1)
v(472	2	18	82	36	1)
v(473	1	13	166	26	1)
v(473	2	6	130	12	2)
v(473	3	14	89	28	1)
v(474	1	10	88	20	0)
v(475	1	16	50	32	0)
v(476	1	3	29	6	0)
v(477	1	10	15	20	2)
v(477	2	22	136	44	2)
v(477	3	4	139	8	2)
v(478	1	28	178	56	2)
v(478	2	4	20	8	1)
v(478	3	14	153	28	1)
v(479	1	11	100	22	0)
v(480	1	30	139	60	3)
v(480	2	10	16	20	3)
v(480	3	17	110	34	4)
v(480	4	24	58	48	4)
v(480	5	14	136	28	4)
v(481	1	2	99	4	4)
v(481	2	27	84	54	4)
v(481	3	1	133	2	4)
v(481	4	21	79	42	4)
v(481	5	3	71	6	4)
v(482	1	23	77	46	3)
v(482	2	27	119	54	4)
v(482	3	24	99	48	3)
v(482	4	5	135	10	4)
v(482	5	26	45	52	2)
v(483	1	19	134	38	3)
v(483	2	28	133	56	3)
v(483	3	31	69	62	3)
v(483	4	29	80	58	3)
v(484	1	29	92	58	2)
v(484	2	26	154	52	2)
v(484	3	29	58	58	2)
v(485	1	15	59	30	0)
v(486	1	19	42	38	3)
v(486	2	30	37	60	3)
v(486	3	16	80	32	3)
v(486	4	8	126	16	3)
v(487	1	30	58	60	0)
v(488	1	31	81	62	4)
v(488	2	20	140	40	4)
v(488	3	30	64	60	4)
v(488	4	13	14	26	4)
v(488	5	21	107	42	4)
v(489	1	11	42	22	1)
v(489	2	14	141	28	1)
v(490	1	9	97	18	4)
v(490	2	23	101	46	4)
v(490	3	19	136	38	4)
v(490	4	7	18	14	4)
v(490	5	22	149	44	4)
v(491	1	28	89	56	4)
v(491	2	25	66	50	3)
v(491	3	3	72	6	4)
v(491	4	4	155	8	3)
v(491	5	21	73	42	4)
v(492	1	22	78	44	3)
v(492	2	30	83	60	3)
v(492	3	2	68	4	3)
v(492	4	18	110	36	3)
v(493	1	13	112	26	0)
v(494	1	7	152	14	3)
v(494	2	5	129	10	3)
v(494	3	27	93	54	3)
v(494	4	13	100	26	3)
v(495	1	4	114	8	2)
v(495	2	2	49	4	2)
v(495	3	3	34	6	2)
v(496	1	12	55	24	0)
v(497	1	8	104	16	1)
v(497	2	24	87	48	1)
v(498	1	6	141	12	2)
v(498	2	31	57	62	2)
v(498	3	22	148	44	2)
v(499	1	5	23	10	4)
v(499	2	26	121	52	4)
v(499	3	6	130	12	4)
v(499	4	8	66	16	4)
v(499	5	9	87	18	4)
v(500	1	11	36	22	2)
v(500	2	8	34	16	2)
v(500	3	6	15	12	2)
v(501	1	23	104	46	0)
v(502	1	20	28	40	2)
v(502	2	21	144	42	2)
v(502	3	4	11	8	2)
v(503	1	22	41	44	3)
v(503	2	31	186	62	3)
v(503	3	25	155	50	2)
v(503	4	9	101	18	2)
v(504	1	29	112	58	1)
v(504	2	5	160	10	1)
v(505	1	13	147	26	0)
v(506	1	17	122	34	3)
v(506	2	3	81	6	3)
v(506	3	21	179	42	3)
v(506	4	32	111	64	3)
v(507	1	6	144	12	3)
v(507	2	29	86	58	2)
v(507	3	12	73	24	3)
v(507	4	20	166	40	2)
v(508	1	20	67	40	3)
v(508	2	15	156	30	3)
v(508	3	9	16	18	3)
v(508	4	19	26	38	3)
v(509	1	25	98	50	0)
v(510	1	5	58	10	1)
v(510	2	30	169	60	1)
v(511	1	17	25	34	3)
v(511	2	13	158	26	3)
v(511	3	31	66	62	3)
v(511	4	26	120	52	3)
v(512	1	4	76	8	4)
v(512	2	32	149	64	4)
v(512	3	28	188	56	4)
v(512	4	10	117	20	4)
v(512	5	1	84	2	4)
v(513	1	19	55	38	1)
v(513	2	16	43	32	2)
v(513	3	3	38	6	2)
v(513	4	22	61	44	3)
v(514	1	23	169	46	3)
v(514	2	17	86	34	3)
v(514	3	12	101	24	3)
v(514	4	9	124	18	3)
v(515	1	13	145	26	0)
v(516	1	3	111	6	3)
v(516	2	6	57	12	3)
v(516	3	5	8	10	3)
v(516	4	5	59	10	3)
v(517	1	24	96	48	4)
v(517	2	2	122	4	4)
v(517	3	20	66	40	4)
v(517	4	9	33	18	4)
v(517	5	13	78	26	4)
v(518	1	32	60	64	2)
v(518	2	16	22	32	2)
v(518	3	18	98	36	2)
v(519	1	23	119	46	3)
v(519	2	17	123	34	3)
v(519	3	24	42	48	3)
v(519	4	5	84	10	3)
v(520	1	9	58	18	1)
v(520	2	30	92	60	1)
v(521	1	31	110	62	2)
v(521	2	25	91	50	2)
v(521	3	17	84	34	2)
v(522	1	9	148	18	3)
v(522	2	24	151	48	3)
v(522	3	29	99	58	3)
v(522	4	5	165	10	3)
v(523	1	9	19	18	0)
v(524	1	31	124	62	2)
v(524	2	2	72	4	2)
v(524	3	28	108	56	3)
v(524	4	24	43	48	3)
v(525	1	31	144	62	3)
v(525	2	30	138	60	3)
v(525	3	12	107	24	3)
v(525	4	5	90	10	3)
v(526	1	20	173	40	4)
v(526	2	11	73	22	4)
v(526	3	28	183	56	4)
v(526	4	26	89	52	4)
v(526	5	18	42	36	4)
v(527	1	24	67	48	2)
v(527	2	20	166	40	2)
v(527	3	23	172	46	2)
v(528	1	11	32	22	4)
v(528	2	14	88	28	3)
v(528	3	27	142	54	4)
v(528	4	1	64	2	4)
v(528	5	7	91	14	3)
v(529	1	29	113	58	1)
v(529	2	22	160	44	2)
v(529	3	11	66	22	1)
v(530	1	3	87	6	3)
v(530	2	2	117	4	3)
v(530	3	31	71	62	3)
v(530	4	26	133	52	3)
v(531	1	2	107	4	0)
v(532	1	11	131	22	3)
v(532	2	16	140	32	3)
v(532	3	18	84	36	3)
v(532	4	7	121	14	3)
v(533	1	23	25	46	2)
v(533	2	2	119	4	2)
v(533	3	17	117	34	2)
v(534	1	26	34	52	2)
v(534	2	18	137	36	2)
v(534	3	20	72	40	2)
v(535	1	4	85	8	0)
v(536	1	2	83	4	2)
v(536	2	12	146	24	2)
v(536	3	4	41	8	2)
v(537	1	13	43	26	1)
v(537	2	30	178	60	1)
v(538	1	28	46	56	2)
v(538	2	12	45	24	2)
v(538	3	19	30	38	2)
v(539	1	23	42	46	3)
v(539	2	4	24	8	3)
v(539	3	4	117	8	3)
v(539	4	7	64	14	3)
v(540	1	1	5	2	2)
v(540	2	25	146	50	3)
v(540	3	5	125	10	3)
v(540	4	1	53	2	2)
v(541	1	26	180	52	0)
v(542	1	2	125	4	0)
v(543	1	15	95	30	4)
v(543	2	6	19	12	4)
v(543	3	2	120	4	4)
v(543	4	24	158	48	4)
v(543	5	29	144	58	4)
v(544	1	32	81	64	2)
v(544	2	12	32	24	2)
v(544	3	6	49	12	2)
v(545	1	20	88	40	1)
v(545	2	31	83	62	1)
v(546	1	18	84	36	2)
v(546	2	31	132	62	4)
v(546	3	31	141	62	3)
v(546	4	31	38	62	3)
v(546	5	11	57	22	4)
v(547	1	12	51	24	0)
v(548	1	23	45	46	2)
v(548	2	5	74	10	2)
v(548	3	12	87	24	2)
v(549	1	1	57	2	3)
v(549	2	25	99	50	3)
v(549	3	27	52	54	3)
v(549	4	1	156	2	3)
v(550	1	18	36	36	3)
v(550	2	7	64	14	3)
v(550	3	30	137	60	2)
v(550	4	30	98	60	2)
v(551	1	28	62	56	1)
v(551	2	15	116	30	1)
v(552	1	16	160	32	3)
v(552	2	29	43	58	4)
v(552	3	19	145	38	4)
v(552	4	14	32	28	3)
v(552	5	12	73	24	4)
v(553	1	5	17	10	2)
v(553	2	11	96	22	2)
v(553	3	19	62	38	2)
v(554	1	21	101	42	2)
v(554	2	8	133	16	3)
v(554	3	19	84	38	2)
v(554	4	18	42	36	3)
v(555	1	6	82	12	0)
v(556	1	27	72	54	3)
v(556	2	30	142	60	2)
v(556	3	11	163	22	1)
v(556	4	29	91	58	2)
v(557	1	9	120	18	4)
v(557	2	23	96	46	4)
v(557	3	28	98	56	3)
v(557	4	24	125	48	3)
v(557	5	22	165	44	4)
v(558	1	5	154	10	4)
v(558	2	31	57	62	4)
v(558	3	7	155	14	4)
v(558	4	13	54	26	4)
v(558	5	17	120	34	4)
v(559	1	5	15	10	3)
v(559	2	9	57	18	3)
v(559	3	26	76	52	3)
v(559	4	20	146	40	3)
v(560	1	1	25	2	3)
v(560	2	10	38	20	3)
v(560	3	12	66	24	3)
v(560	4	2	79	4	3)
v(561	1	11	82	22	1)
v(561	2	6	134	12	1)
v(562	1	17	109	34	2)
v(562	2	3	118	6	3)
v(562	3	24	151	48	2)
v(562	4	7	131	14	3)
v(563	1	25	89	50	1)
v(563	2	19	164	38	1)
v(564	1	28	94	56	4)
v(564	2	14	140	28	4)
v(564	3	27	139	54	4)
v(564	4	19	109	38	4)
v(564	5	10	107	20	4)
v(565	1	30	113	60	1)
v(565	2	16	24	32	1)
v(566	1	6	134	12	2)
v(566	2	32	64	64	2)
v(566	3	32	177	64	2)
v(567	1	30	162	60	4)
v(567	2	18	154	36	4)
v(567	3	23	125	46	4)
v(567	4	29	38	58	4)
v(567	5	2	50	4	4)
v(568	1	8	50	16	4)
v(568	2	7	21	14	4)
v(568	3	25	137	50	4)
v(568	4	5	62	10	3)
v(568	5	14	101	28	3)
v(569	1	21	153	42	2)
v(569	2	18	34	36	2)
v(569	3	5	65	10	2)
v(570	1	2	125	4	2)
v(570	2	7	137	14	2)
v(570	3	1	16	2	2)
v(571	1	24	43	48	3)
v(571	2	3	115	6	3)
v(571	3	5	160	10	3)
v(571	4	7	160	14	3)
v(572	1	11	154	22	3)
v(572	2	28	95	56	3)
v(572	3	22	26	44	3)
v(572	4	20	143	40	3)
v(573	1	17	97	34	4)
v(573	2	7	93	14	4)
v(573	3	3	161	6	4)
v(573	4	11	136	22	4)
v(573	5	29	145	58	4)
v(574	1	23	66	46	4)
v(574	2	23	109	46	4)
v(574	3	10	73	20	4)
v(574	4	27	144	54	4)
v(574	5	7	43	14	4)
v(575	1	26	129	52	1)
v(575	2	22	167	44	1)
v(576	1	25	70	50	1)
v(576	2	28	88	56	1)
v(577	1	32	66	64	2)
v(577	2	7	57	14	2)
v(577	3	29	134	58	2)
v(578	1	14	46	28	2)
v(578	2	12	134	24	2)
v(578	3	16	152	32	2)
v(579	1	26	166	52	1)
v(579	2	9	108	18	1)
v(580	1	22	122	44	2)
v(580	2	28	72	56	2)
v(580	3	3	125	6	2)
v(581	1	25	84	50	1)
v(581	2	14	145	28	1)
v(582	1	27	180	54	3)
v(582	2	21	63	42	3)
v(582	3	10	84	20	3)
v(582	4	12	59	24	3)
v(583	1	3	85	6	3)
v(583	2	15	158	30	3)
v(583	3	21	170	42	3)
v(583	4	8	48	16	3)
v(584	1	19	154	38	0)
v(585	1	26	45	52	0)
v(586	1	4	125	8	0)
v(587	1	10	30	20	3)
v(587	2	15	27	30	4)
v(587	3	6	78	12	3)
v(587	4	1	138	2	4)
v(587	5	4	121	8	4)
v(588	1	20	124	40	3)
v(588	2	16	116	32	4)
v(588	3	27	155	54	4)
v(588	4	5	7	10	4)
v(588	5	8	121	16	3)
v(589	1	15	161	30	2)
v(589	2	9	78	18	2)
v(589	3	4	83	8	2)
v(590	1	17	51	34	0)
v(591	1	10	122	20	3)
v(591	2	12	168	24	2)
v(591	3	15	165	30	3)
v(591	4	7	127	14	3)
v(591	5	8	104	16	3)
v(592	1	9	13	18	2)
v(592	2	30	68	60	2)
v(592	3	8	41	16	2)
v(593	1	16	79	32	2)
v(593	2	8	164	16	3)
v(593	3	31	179	62	2)
v(593	4	15	35	30	3)
v(594	1	13	26	26	2)
v(594	2	9	124	18	2)
v(594	3	7	152	14	2)
v(595	1	19	150	38	3)
v(595	2	31	127	62	3)
v(595	3	5	73	10	3)
v(595	4	11	150	22	3)
v(596	1	14	32	28	2)
v(596	2	9	114	18	2)
v(596	3	19	57	38	2)
v(597	1	28	188	56	4)
v(597	2	31	78	62	4)
v(597	3	1	57	2	4)
v(597	4	7	108	14	4)
v(597	5	14	139	28	4)
v(598	1	9	23	18	3)
v(598	2	3	73	6	2)
v(598	3	20	52	40	2)
v(598	4	19	84	38	3)
v(599	1	19	31	38	4)
v(599	2	8	154	16	4)
v(599	3	29	169	58	4)
v(599	4	7	161	14	4)
v(599	5	24	148	48	4)
v(600	1	10	163	20	1)
v(600	2	5	134	10	1)
e(1	1	2	60)
e(1	1	3	50)
e(1	2	3	90)
e(1	1	4	140)
e(1	2	4	120)
e(1	3	4	120)
e(1	1	5	20)
e(1	2	5	10)
e(1	3	5	110)
e(1	4	5	70)
e(3	1	2	120)
e(3	1	3	70)
e(3	2	3	60)
e(3	1	4	90)
e(3	2	4	50)
e(3	3	4	50)
e(4	1	2	110)
e(4	1	3	50)
e(4	2	3	70)
e(4	1	4	60)
e(4	2	4	20)
e(4	3	4	10)
e(5	1	2	80)
e(5	1	3	20)
e(5	1	4	20)
e(5	2	4	150)
e(5	3	4	120)
e(5	1	5	100)
e(5	2	5	60)
e(5	3	5	60)
e(5	4	5	50)
e(6	1	2	130)
e(6	1	3	10)
e(6	2	3	40)
e(7	1	2	110)
e(8	1	2	40)
e(8	1	3	20)
e(8	2	3	150)
e(8	1	4	110)
e(8	2	4	70)
e(8	3	4	140)
e(8	1	5	70)
e(8	2	5	120)
e(8	3	5	60)
e(8	4	5	10)
e(9	1	2	120)
e(9	2	3	160)
e(9	1	4	140)
e(9	2	4	80)
e(9	3	4	160)
e(10	1	2	10)
e(11	1	2	100)
e(11	1	3	50)
e(11	2	3	30)
e(12	1	2	150)
e(12	1	3	30)
e(12	2	3	120)
e(12	2	4	50)
e(12	3	4	60)
e(13	1	2	70)
e(13	1	3	130)
e(13	2	3	100)
e(13	1	4	70)
e(13	2	4	50)
e(13	3	4	130)
e(13	1	5	140)
e(13	2	5	100)
e(13	3	5	70)
e(13	4	5	30)
e(14	1	2	80)
e(14	1	3	20)
e(14	2	3	140)
e(14	1	4	80)
e(14	2	4	50)
e(14	3	4	60)
e(15	1	2	30)
e(15	1	3	140)
e(15	2	3	130)
e(15	1	4	160)
e(15	2	4	140)
e(15	3	4	20)
e(15	1	5	140)
e(15	2	5	90)
e(15	3	5	60)
e(16	1	2	70)
e(17	1	2	110)
e(17	1	3	80)
e(17	2	3	120)
e(18	1	2	90)
e(18	1	3	110)
e(18	2	3	10)
e(19	1	2	60)
e(19	1	3	80)
e(19	2	3	20)
e(20	1	2	90)
e(20	1	3	90)
e(20	2	3	50)
e(20	1	4	150)
e(20	2	4	30)
e(20	3	4	130)
e(22	1	2	50)
e(22	1	3	70)
e(22	2	3	160)
e(22	1	4	90)
e(22	3	4	80)
e(22	1	5	20)
e(22	2	5	90)
e(22	3	5	110)
e(22	4	5	140)
e(23	1	2	70)
e(23	1	3	100)
e(23	2	3	10)
e(26	1	2	100)
e(26	1	3	140)
e(26	2	3	10)
e(28	1	2	160)
e(28	1	3	100)
e(28	2	3	150)
e(28	1	4	160)
e(28	2	4	90)
e(28	3	4	30)
e(28	1	5	60)
e(28	2	5	150)
e(28	3	5	120)
e(28	4	5	30)
e(30	1	2	80)
e(30	1	3	160)
e(30	2	3	160)
e(30	1	4	90)
e(30	2	4	70)
e(30	3	4	10)
e(30	1	5	10)
e(30	2	5	150)
e(30	3	5	10)
e(30	4	5	100)
e(31	1	2	30)
e(31	1	3	70)
e(31	2	3	140)
e(31	1	4	80)
e(31	3	4	160)
e(31	1	5	130)
e(31	2	5	30)
e(31	3	5	160)
e(31	4	5	30)
e(32	1	2	130)
e(33	1	2	150)
e(35	1	2	150)
e(35	1	3	20)
e(35	2	3	40)
e(35	1	4	50)
e(35	2	4	120)
e(35	3	4	130)
e(35	1	5	130)
e(35	2	5	10)
e(35	3	5	100)
e(35	4	5	30)
e(36	1	2	80)
e(37	1	2	150)
e(37	1	3	10)
e(37	2	3	10)
e(37	1	4	20)
e(37	2	4	20)
e(37	3	4	80)
e(37	1	5	10)
e(37	2	5	120)
e(37	3	5	100)
e(37	4	5	30)
e(38	1	2	110)
e(38	1	3	30)
e(38	2	3	60)
e(38	1	4	70)
e(38	2	4	70)
e(38	3	4	40)
e(38	1	5	90)
e(38	2	5	30)
e(38	3	5	30)
e(38	4	5	140)
e(39	1	2	150)
e(39	2	3	30)
e(40	1	2	80)
e(41	1	2	70)
e(41	1	3	110)
e(41	2	3	120)
e(42	1	2	30)
e(42	1	3	110)
e(42	2	3	100)
e(42	1	4	100)
e(42	2	4	140)
e(42	3	4	10)
e(42	1	5	130)
e(42	2	5	90)
e(42	4	5	20)
e(43	1	2	40)
e(43	1	3	60)
e(43	2	3	50)
e(43	1	4	20)
e(43	2	4	100)
e(43	3	4	70)
e(43	1	5	60)
e(43	2	5	40)
e(43	3	5	100)
e(43	4	5	160)
e(44	1	2	30)
e(44	2	3	20)
e(44	1	4	40)
e(44	2	4	40)
e(44	3	4	120)
e(45	1	2	60)
e(45	1	3	110)
e(45	2	3	100)
e(46	1	2	150)
e(46	1	3	90)
e(46	2	3	130)
e(47	1	2	50)
e(48	1	2	90)
e(48	1	3	160)
e(48	2	3	60)
e(49	1	3	150)
e(49	2	3	160)
e(49	1	4	130)
e(49	2	4	140)
e(49	3	4	30)
e(49	1	5	110)
e(49	2	5	60)
e(49	3	5	160)
e(49	4	5	80)
e(50	1	2	50)
e(50	1	3	150)
e(50	2	3	50)
e(50	1	4	20)
e(50	2	4	20)
e(50	3	4	130)
e(53	1	2	40)
e(53	1	3	10)
e(53	2	3	160)
e(53	1	4	100)
e(53	2	4	100)
e(53	3	4	130)
e(53	1	5	50)
e(53	2	5	160)
e(53	3	5	10)
e(53	4	5	130)
e(54	1	2	50)
e(55	1	2	140)
e(55	1	3	60)
e(55	2	3	110)
e(55	1	4	80)
e(55	2	4	20)
e(55	3	4	60)
e(56	1	2	140)
e(56	1	3	150)
e(56	2	3	50)
e(56	1	4	60)
e(56	2	4	30)
e(56	3	4	120)
e(56	1	5	120)
e(56	2	5	30)
e(56	3	5	110)
e(56	4	5	70)
e(57	1	2	130)
e(57	1	3	20)
e(59	1	2	130)
e(59	2	3	50)
e(60	1	2	60)
e(61	1	2	60)
e(61	1	3	90)
e(61	2	3	40)
e(61	1	4	80)
e(61	2	4	160)
e(61	3	4	60)
e(61	1	5	30)
e(61	3	5	160)
e(61	4	5	160)
e(63	1	2	140)
e(63	1	3	70)
e(63	2	3	140)
e(63	2	4	160)
e(63	3	4	50)
e(63	1	5	80)
e(63	2	5	50)
e(63	3	5	70)
e(64	1	2	50)
e(64	1	3	90)
e(64	2	4	70)
e(64	3	4	120)
e(64	1	5	90)
e(64	2	5	110)
e(64	3	5	120)
e(64	4	5	70)
e(65	1	2	30)
e(65	1	3	130)
e(65	2	3	30)
e(65	1	4	80)
e(65	2	4	110)
e(65	3	4	20)
e(65	1	5	20)
e(65	2	5	90)
e(65	4	5	90)
e(67	1	2	90)
e(67	1	3	80)
e(67	2	3	140)
e(68	1	2	100)
e(69	1	3	50)
e(69	2	3	80)
e(69	2	4	10)
e(69	3	4	40)
e(69	1	5	140)
e(69	2	5	110)
e(69	3	5	50)
e(69	4	5	130)
e(71	1	2	10)
e(71	1	3	110)
e(71	2	3	40)
e(71	1	4	60)
e(71	2	4	130)
e(71	3	4	40)
e(72	1	2	90)
e(72	1	3	40)
e(72	2	3	130)
e(72	1	4	130)
e(72	2	4	80)
e(72	3	4	80)
e(72	1	5	120)
e(72	2	5	150)
e(72	3	5	30)
e(72	4	5	10)
e(73	1	3	160)
e(73	2	3	80)
e(74	1	2	70)
e(75	1	2	100)
e(77	1	3	100)
e(77	2	3	140)
e(77	1	4	140)
e(77	3	4	100)
e(77	1	5	110)
e(77	3	5	160)
e(77	4	5	80)
e(80	1	2	60)
e(82	1	2	60)
e(82	1	3	30)
e(82	2	3	60)
e(82	1	4	160)
e(82	2	4	10)
e(82	3	4	30)
e(84	1	2	100)
e(84	1	3	80)
e(84	2	3	120)
e(84	1	4	160)
e(84	3	4	60)
e(85	1	2	60)
e(87	1	2	50)
e(87	1	3	10)
e(87	2	3	80)
e(87	1	4	110)
e(87	2	4	90)
e(87	3	4	80)
e(87	1	5	100)
e(87	2	5	50)
e(89	1	2	100)
e(89	1	3	10)
e(89	2	3	90)
e(89	1	4	40)
e(89	2	4	30)
e(89	3	4	50)
e(89	1	5	30)
e(89	2	5	80)
e(89	3	5	70)
e(89	4	5	50)
e(90	1	2	30)
e(90	1	3	90)
e(90	2	3	150)
e(90	1	4	70)
e(90	2	4	90)
e(90	3	4	110)
e(92	1	2	20)
e(92	1	3	90)
e(92	2	3	40)
e(92	1	4	20)
e(92	2	4	150)
e(92	3	4	100)
e(92	1	5	90)
e(92	2	5	60)
e(92	3	5	100)
e(92	4	5	70)
e(93	1	2	50)
e(93	2	3	50)
e(93	1	4	60)
e(93	3	4	100)
e(94	1	2	130)
e(94	1	3	120)
e(94	2	3	60)
e(95	1	2	30)
e(96	1	2	120)
e(96	1	3	90)
e(96	2	3	60)
e(96	1	4	100)
e(96	2	4	70)
e(96	3	4	120)
e(97	1	2	160)
e(97	1	3	130)
e(97	2	3	60)
e(97	1	4	110)
e(97	2	4	160)
e(98	1	2	120)
e(98	1	3	10)
e(98	2	3	100)
e(99	1	2	150)
e(99	1	3	70)
e(99	2	3	90)
e(99	1	4	150)
e(99	2	4	20)
e(99	3	4	100)
e(99	1	5	130)
e(99	2	5	160)
e(99	3	5	70)
e(99	4	5	60)
e(100	1	2	130)
e(103	1	2	40)
e(103	1	3	140)
e(103	2	3	30)
e(104	1	2	50)
e(105	1	2	30)
e(105	1	3	140)
e(105	2	3	140)
e(106	1	2	50)
e(106	1	3	30)
e(106	2	3	80)
e(106	1	4	140)
e(106	2	4	80)
e(106	3	4	20)
e(106	1	5	40)
e(106	2	5	150)
e(106	3	5	40)
e(108	1	2	10)
e(110	1	2	50)
e(110	1	3	160)
e(110	2	3	20)
e(110	1	4	80)
e(110	2	4	160)
e(110	3	4	10)
e(110	1	5	20)
e(110	2	5	160)
e(110	3	5	110)
e(110	4	5	50)
e(112	1	3	90)
e(112	2	3	20)
e(112	1	4	80)
e(112	2	4	40)
e(112	3	4	160)
e(113	1	2	60)
e(113	1	3	60)
e(113	2	3	160)
e(114	1	2	20)
e(114	1	3	50)
e(114	2	3	90)
e(114	1	4	70)
e(114	2	4	60)
e(114	1	5	150)
e(114	2	5	70)
e(114	3	5	10)
e(114	4	5	130)
e(115	1	2	40)
e(115	1	3	140)
e(115	2	3	80)
e(115	1	4	10)
e(115	2	4	120)
e(115	3	4	20)
e(116	1	2	110)
e(117	1	2	60)
e(117	2	3	70)
e(119	1	2	70)
e(119	1	3	150)
e(119	2	3	60)
e(120	1	2	20)
e(120	1	3	40)
e(120	2	3	90)
e(121	1	2	140)
e(122	1	2	30)
e(122	1	3	70)
e(122	2	3	70)
e(122	1	4	90)
e(122	2	4	40)
e(122	3	4	70)
e(123	1	2	110)
e(123	1	3	120)
e(123	2	3	120)
e(123	1	4	140)
e(123	2	4	110)
e(123	3	4	10)
e(123	1	5	90)
e(123	2	5	160)
e(123	3	5	130)
e(123	4	5	140)
e(124	1	2	150)
e(124	1	3	60)
e(124	2	3	20)
e(126	1	2	50)
e(126	1	3	100)
e(126	2	3	60)
e(127	1	2	60)
e(127	1	3	150)
e(127	2	3	60)
e(128	1	2	80)
e(128	1	3	110)
e(128	2	3	80)
e(129	1	2	140)
e(129	1	3	40)
e(129	2	3	70)
e(130	1	2	160)
e(131	1	3	60)
e(131	2	3	120)
e(132	1	2	90)
e(132	1	3	40)
e(132	2	3	90)
e(132	1	4	90)
e(132	2	4	10)
e(132	3	4	60)
e(133	1	2	80)
e(133	1	3	100)
e(133	2	3	130)
e(133	1	4	50)
e(133	2	4	60)
e(133	3	4	140)
e(137	1	2	60)
e(137	1	3	10)
e(137	2	3	110)
e(138	1	2	90)
e(138	1	3	90)
e(138	2	3	150)
e(138	1	4	70)
e(138	2	4	90)
e(138	3	4	160)
e(138	1	5	100)
e(138	2	5	60)
e(138	4	5	50)
e(139	1	2	150)
e(139	1	3	160)
e(139	2	3	90)
e(139	1	4	40)
e(139	2	4	70)
e(139	3	4	90)
e(140	1	2	10)
e(140	1	3	50)
e(140	2	3	100)
e(140	1	4	40)
e(140	2	4	20)
e(140	1	5	70)
e(140	2	5	110)
e(140	3	5	40)
e(140	4	5	30)
e(141	1	2	150)
e(145	1	2	70)
e(145	1	3	40)
e(145	2	3	20)
e(145	1	4	100)
e(145	2	4	50)
e(145	3	4	40)
e(145	1	5	110)
e(145	2	5	50)
e(145	3	5	70)
e(145	4	5	10)
e(146	1	2	60)
e(146	1	3	150)
e(146	2	3	130)
e(146	1	4	130)
e(146	2	4	120)
e(146	3	4	80)
e(146	1	5	70)
e(146	2	5	70)
e(146	3	5	30)
e(147	1	2	120)
e(148	1	2	100)
e(148	1	3	20)
e(148	2	3	60)
e(148	1	4	120)
e(148	2	4	160)
e(148	3	4	110)
e(148	1	5	60)
e(148	2	5	50)
e(148	3	5	90)
e(148	4	5	100)
e(149	1	2	140)
e(149	1	3	130)
e(149	2	3	80)
e(150	1	2	30)
e(151	1	2	110)
e(151	1	3	30)
e(151	2	3	80)
e(151	1	4	40)
e(151	2	4	130)
e(151	3	4	50)
e(151	1	5	90)
e(151	2	5	100)
e(151	3	5	50)
e(151	4	5	40)
e(153	1	2	50)
e(154	1	2	30)
e(154	1	3	140)
e(154	2	3	40)
e(154	1	4	60)
e(154	2	4	140)
e(154	3	4	70)
e(155	1	2	30)
e(155	1	3	130)
e(155	2	3	70)
e(157	1	2	150)
e(158	1	2	50)
e(158	2	3	110)
e(158	1	4	30)
e(158	2	4	130)
e(158	3	4	100)
e(159	1	2	120)
e(159	1	3	90)
e(159	2	3	20)
e(159	1	4	90)
e(159	2	4	70)
e(159	3	4	160)
e(160	1	2	110)
e(160	1	3	100)
e(160	2	3	50)
e(160	1	4	110)
e(160	3	4	20)
e(161	1	2	40)
e(161	1	3	40)
e(161	2	3	120)
e(161	1	4	60)
e(161	2	4	50)
e(161	3	4	90)
e(162	1	2	90)
e(163	1	2	30)
e(163	1	3	160)
e(163	2	3	140)
e(163	1	4	160)
e(163	3	4	10)
e(163	1	5	130)
e(163	2	5	60)
e(163	3	5	120)
e(163	4	5	120)
e(164	1	2	20)
e(164	1	3	160)
e(164	2	3	130)
e(164	1	4	80)
e(164	2	4	70)
e(164	3	4	120)
e(164	1	5	60)
e(164	2	5	10)
e(164	3	5	120)
e(164	4	5	30)
e(165	1	2	40)
e(165	1	3	80)
e(165	2	3	10)
e(165	1	4	20)
e(165	2	4	40)
e(165	3	4	20)
e(166	1	3	60)
e(166	2	3	60)
e(166	1	4	30)
e(166	2	4	100)
e(166	3	4	110)
e(166	1	5	100)
e(166	2	5	80)
e(166	3	5	130)
e(166	4	5	30)
e(167	1	2	90)
e(168	1	2	50)
e(168	1	3	100)
e(168	2	3	140)
e(168	1	4	20)
e(168	2	4	50)
e(168	3	4	10)
e(168	1	5	80)
e(168	3	5	100)
e(168	4	5	50)
e(169	1	2	80)
e(169	1	3	130)
e(169	2	3	150)
e(169	1	4	70)
e(169	2	4	90)
e(169	3	4	10)
e(170	1	2	80)
e(170	1	3	90)
e(170	2	3	160)
e(170	1	4	140)
e(170	2	4	50)
e(170	3	4	120)
e(170	1	5	100)
e(170	2	5	150)
e(170	4	5	110)
e(171	1	2	20)
e(171	1	3	70)
e(171	2	3	160)
e(173	1	2	50)
e(173	1	3	100)
e(174	1	2	60)
e(174	1	3	160)
e(174	2	3	70)
e(175	1	2	20)
e(175	1	3	140)
e(175	2	3	110)
e(175	1	4	140)
e(175	2	4	60)
e(175	3	4	20)
e(176	1	2	10)
e(177	1	2	110)
e(177	1	3	70)
e(177	2	3	160)
e(177	1	4	160)
e(177	2	4	70)
e(177	3	4	80)
e(177	2	5	80)
e(177	3	5	150)
e(177	4	5	50)
e(179	1	2	30)
e(180	1	2	100)
e(180	1	3	130)
e(180	2	3	140)
e(180	1	4	90)
e(180	2	4	80)
e(180	3	4	10)
e(180	1	5	120)
e(180	2	5	70)
e(180	3	5	140)
e(180	4	5	90)
e(181	1	2	140)
e(181	1	3	150)
e(181	2	3	100)
e(181	1	4	80)
e(181	2	4	50)
e(181	3	4	40)
e(182	1	2	70)
e(184	1	2	20)
e(184	1	3	160)
e(184	2	3	130)
e(184	1	4	160)
e(184	2	4	60)
e(184	3	4	120)
e(184	1	5	120)
e(184	2	5	40)
e(184	3	5	70)
e(184	4	5	90)
e(185	1	2	130)
e(185	1	3	120)
e(185	2	3	140)
e(186	1	2	90)
e(187	1	2	110)
e(189	1	2	20)
e(190	1	2	130)
e(190	1	3	30)
e(190	2	3	70)
e(190	1	4	100)
e(190	2	4	160)
e(190	3	4	70)
e(190	1	5	90)
e(190	2	5	130)
e(190	3	5	160)
e(190	4	5	20)
e(192	1	2	90)
e(193	1	2	110)
e(193	1	3	60)
e(193	2	3	60)
e(193	1	4	130)
e(193	2	4	60)
e(193	3	4	10)
e(193	1	5	40)
e(193	2	5	120)
e(193	3	5	60)
e(193	4	5	40)
e(194	1	2	120)
e(194	1	3	80)
e(194	2	3	10)
e(194	1	4	160)
e(194	2	4	100)
e(194	3	4	110)
e(196	1	2	100)
e(196	1	3	100)
e(196	2	3	70)
e(196	1	4	20)
e(196	2	4	110)
e(196	3	4	30)
e(196	1	5	70)
e(196	2	5	150)
e(196	3	5	130)
e(196	4	5	30)
e(197	1	2	40)
e(197	2	3	40)
e(197	2	4	60)
e(197	3	4	100)
e(198	1	2	150)
e(198	1	3	160)
e(198	2	3	100)
e(198	2	4	160)
e(199	1	2	100)
e(199	1	3	90)
e(199	2	3	10)
e(199	1	4	20)
e(199	2	4	160)
e(199	3	4	120)
e(200	1	2	110)
e(201	1	2	40)
e(201	1	3	120)
e(201	2	3	10)
e(202	1	2	80)
e(202	1	3	30)
e(202	2	3	60)
e(202	2	4	80)
e(202	3	4	110)
e(202	1	5	160)
e(202	2	5	110)
e(202	3	5	30)
e(202	4	5	150)
e(203	1	2	70)
e(203	1	3	10)
e(203	2	3	40)
e(203	1	4	10)
e(203	2	4	70)
e(203	3	4	30)
e(203	1	5	100)
e(203	2	5	120)
e(203	3	5	140)
e(203	4	5	20)
e(204	1	2	80)
e(204	1	3	70)
e(204	2	3	110)
e(204	1	4	80)
e(204	2	4	80)
e(204	3	4	50)
e(204	1	5	130)
e(204	2	5	160)
e(204	3	5	50)
e(204	4	5	160)
e(205	1	2	80)
e(205	1	3	60)
e(205	2	3	130)
e(205	1	4	120)
e(205	2	4	10)
e(205	3	4	10)
e(205	1	5	160)
e(205	2	5	140)
e(205	3	5	130)
e(205	4	5	80)
e(206	1	2	110)
e(206	1	3	130)
e(206	2	3	160)
e(206	1	4	40)
e(206	2	4	70)
e(206	3	4	30)
e(207	1	2	140)
e(208	1	2	40)
e(208	1	3	20)
e(208	2	3	90)
e(208	1	4	60)
e(208	2	4	110)
e(208	3	4	150)
e(208	1	5	70)
e(208	3	5	80)
e(208	4	5	110)
e(209	1	2	140)
e(210	1	2	140)
e(211	1	2	150)
e(211	1	3	90)
e(211	2	3	110)
e(212	1	2	70)
e(212	1	3	160)
e(212	2	3	110)
e(214	1	2	150)
e(214	1	3	80)
e(214	2	3	40)
e(214	1	4	160)
e(214	2	4	160)
e(214	3	4	120)
e(214	1	5	160)
e(214	4	5	70)
e(216	1	2	100)
e(216	1	3	30)
e(216	2	3	60)
e(216	1	4	40)
e(216	3	4	40)
e(217	1	2	140)
e(217	1	3	160)
e(217	2	3	20)
e(217	1	4	30)
e(217	2	4	90)
e(217	3	4	140)
e(217	1	5	140)
e(217	2	5	150)
e(217	3	5	130)
e(217	4	5	70)
e(218	1	2	50)
e(219	1	2	70)
e(219	1	3	40)
e(219	2	3	70)
e(219	1	4	10)
e(219	2	4	130)
e(219	3	4	20)
e(220	1	2	80)
e(222	1	2	130)
e(222	1	3	160)
e(222	2	3	100)
e(222	1	4	20)
e(222	2	4	130)
e(222	3	4	50)
e(223	1	2	80)
e(223	1	3	90)
e(223	2	3	40)
e(225	1	2	80)
e(225	1	3	20)
e(225	2	3	160)
e(227	1	2	10)
e(228	1	2	140)
e(228	1	3	10)
e(228	2	3	10)
e(229	1	2	80)
e(229	1	3	60)
e(229	2	4	70)
e(229	3	4	80)
e(229	1	5	60)
e(229	2	5	10)
e(229	3	5	80)
e(229	4	5	140)
e(231	1	2	160)
e(231	1	3	100)
e(231	2	3	40)
e(232	1	2	50)
e(232	1	3	160)
e(232	2	3	10)
e(232	1	4	110)
e(232	2	4	30)
e(232	3	4	50)
e(232	2	5	130)
e(232	3	5	90)
e(232	4	5	150)
e(233	1	2	120)
e(235	1	2	40)
e(235	1	3	120)
e(235	2	3	30)
e(235	1	4	90)
e(235	2	4	140)
e(235	3	4	30)
e(235	1	5	150)
e(235	2	5	110)
e(235	3	5	100)
e(235	4	5	10)
e(236	1	2	80)
e(236	1	3	40)
e(236	2	3	30)
e(236	1	4	80)
e(236	2	4	160)
e(236	3	4	110)
e(236	1	5	140)
e(236	2	5	30)
e(236	3	5	130)
e(236	4	5	90)
e(237	1	2	90)
e(237	1	3	20)
e(237	2	3	40)
e(237	1	4	100)
e(237	2	4	90)
e(237	3	4	150)
e(238	1	2	150)
e(238	1	3	70)
e(238	2	3	10)
e(238	1	4	110)
e(238	2	4	10)
e(238	3	4	80)
e(238	1	5	110)
e(238	2	5	110)
e(239	1	2	50)
e(239	1	3	10)
e(239	2	3	140)
e(240	1	2	90)
e(240	1	3	40)
e(240	2	3	160)
e(240	1	4	50)
e(240	2	4	130)
e(240	3	4	150)
e(240	2	5	60)
e(240	3	5	20)
e(240	4	5	150)
e(242	1	2	80)
e(242	1	3	50)
e(242	2	3	150)
e(244	1	2	70)
e(246	1	2	20)
e(246	1	3	160)
e(246	2	3	90)
e(246	1	4	120)
e(246	2	4	60)
e(246	3	4	160)
e(248	1	2	80)
e(249	1	2	90)
e(249	1	3	90)
e(249	2	3	150)
e(249	1	4	90)
e(249	2	4	60)
e(249	3	4	50)
e(249	1	5	110)
e(249	2	5	150)
e(249	3	5	100)
e(251	1	2	100)
e(251	1	3	150)
e(251	2	3	60)
e(252	1	2	110)
e(252	2	3	20)
e(253	1	2	160)
e(253	2	3	10)
e(253	1	4	60)
e(253	2	4	150)
e(253	3	4	140)
e(254	1	2	20)
e(255	1	2	50)
e(258	1	2	30)
e(260	1	2	40)
e(260	1	3	90)
e(261	1	2	10)
e(261	1	3	40)
e(261	2	3	90)
e(261	1	4	50)
e(261	2	4	20)
e(261	3	4	30)
e(261	1	5	150)
e(261	2	5	160)
e(261	3	5	90)
e(261	4	5	90)
e(262	1	3	110)
e(262	2	3	10)
e(262	1	4	150)
e(262	2	4	70)
e(262	3	4	70)
e(263	1	2	40)
e(263	1	3	90)
e(263	2	3	150)
e(263	3	4	80)
e(264	1	2	130)
e(264	1	3	70)
e(264	2	3	40)
e(265	1	2	80)
e(265	1	3	140)
e(265	2	3	140)
e(265	1	4	160)
e(265	2	4	120)
e(265	3	4	120)
e(265	1	5	40)
e(265	2	5	100)
e(265	3	5	120)
e(265	4	5	70)
e(266	1	2	30)
e(267	1	2	100)
e(267	1	3	10)
e(267	2	3	140)
e(267	1	4	80)
e(267	2	4	40)
e(267	3	4	50)
e(268	1	2	150)
e(269	1	2	50)
e(269	1	3	110)
e(269	2	3	20)
e(270	1	2	150)
e(270	1	3	20)
e(270	1	4	140)
e(270	2	4	130)
e(270	3	4	140)
e(270	1	5	20)
e(270	3	5	130)
e(270	4	5	80)
e(271	1	2	60)
e(271	1	3	30)
e(271	2	3	100)
e(272	1	2	30)
e(272	1	3	60)
e(272	2	3	90)
e(272	1	4	60)
e(272	3	4	120)
e(273	1	2	80)
e(273	1	3	40)
e(273	2	3	60)
e(273	1	4	40)
e(273	2	4	80)
e(273	3	4	70)
e(273	1	5	50)
e(273	2	5	90)
e(273	4	5	130)
e(274	1	2	20)
e(274	1	3	70)
e(274	2	3	150)
e(274	1	4	130)
e(274	2	4	140)
e(274	3	4	130)
e(275	1	2	80)
e(275	1	3	130)
e(275	2	3	130)
e(275	1	4	50)
e(275	2	4	140)
e(275	3	4	70)
e(275	1	5	140)
e(275	2	5	120)
e(275	3	5	140)
e(275	4	5	120)
e(276	1	2	40)
e(279	1	2	10)
e(279	1	3	130)
e(279	2	3	10)
e(279	1	4	40)
e(279	2	4	50)
e(279	3	4	50)
e(280	1	2	90)
e(280	1	3	150)
e(280	2	3	100)
e(280	1	4	160)
e(280	3	4	20)
e(281	1	2	100)
e(282	1	2	100)
e(282	1	3	50)
e(282	2	3	80)
e(282	1	4	80)
e(282	2	4	90)
e(282	3	4	160)
e(282	1	5	150)
e(282	2	5	140)
e(282	3	5	10)
e(282	4	5	20)
e(283	1	2	10)
e(283	1	3	80)
e(283	2	3	40)
e(283	1	4	120)
e(283	2	4	50)
e(283	3	4	50)
e(284	1	2	50)
e(284	1	3	10)
e(284	2	3	110)
e(286	1	2	130)
e(286	1	3	40)
e(286	2	3	60)
e(286	1	4	140)
e(286	2	4	20)
e(286	3	4	60)
e(286	1	5	60)
e(286	2	5	10)
e(286	3	5	60)
e(286	4	5	60)
e(287	1	2	80)
e(287	1	3	130)
e(287	2	3	50)
e(287	1	4	10)
e(287	2	4	30)
e(287	3	4	60)
e(287	1	5	40)
e(287	2	5	160)
e(287	3	5	130)
e(287	4	5	110)
e(288	1	2	120)
e(288	1	3	40)
e(288	2	3	40)
e(288	1	4	50)
e(288	2	4	40)
e(288	3	4	40)
e(289	1	2	130)
e(289	1	3	70)
e(289	2	3	30)
e(290	1	2	30)
e(291	1	2	70)
e(291	1	3	120)
e(291	2	3	80)
e(292	1	2	10)
e(292	1	3	120)
e(292	2	3	120)
e(292	1	4	140)
e(292	2	4	70)
e(292	3	4	150)
e(293	1	2	70)
e(293	1	3	50)
e(293	2	3	80)
e(293	1	4	40)
e(293	2	4	140)
e(293	3	4	160)
e(293	1	5	110)
e(293	2	5	10)
e(293	3	5	50)
e(293	4	5	90)
e(294	1	2	90)
e(294	1	3	120)
e(294	2	3	10)
e(294	1	4	130)
e(294	3	4	50)
e(296	1	2	30)
e(296	1	3	140)
e(296	2	3	110)
e(296	1	4	10)
e(296	2	4	120)
e(296	3	4	30)
e(297	1	2	10)
e(297	1	3	160)
e(297	2	3	160)
e(297	1	4	140)
e(297	2	4	120)
e(297	1	5	30)
e(297	2	5	120)
e(297	3	5	80)
e(297	4	5	120)
e(298	1	2	90)
e(299	1	2	10)
e(299	1	3	140)
e(299	2	3	110)
e(299	1	4	70)
e(299	2	4	150)
e(299	3	4	110)
e(300	1	2	60)
e(300	1	3	100)
e(300	2	3	130)
e(300	1	4	30)
e(300	2	4	120)
e(300	3	4	20)
e(301	1	2	60)
e(301	1	3	90)
e(301	2	3	40)
e(301	1	4	150)
e(301	2	4	120)
e(301	3	4	90)
e(303	1	2	130)
e(303	1	3	100)
e(303	2	3	140)
e(303	1	4	100)
e(303	2	4	150)
e(303	3	4	140)
e(305	1	2	80)
e(308	1	2	150)
e(308	1	3	140)
e(308	2	3	60)
e(309	1	2	160)
e(310	1	2	150)
e(310	1	3	30)
e(310	2	3	70)
e(310	1	4	140)
e(310	2	4	70)
e(310	3	4	90)
e(312	1	2	80)
e(312	1	3	110)
e(312	1	4	140)
e(312	2	4	140)
e(312	3	4	150)
e(312	1	5	10)
e(312	2	5	80)
e(312	3	5	90)
e(312	4	5	160)
e(313	1	2	140)
e(313	1	3	100)
e(313	2	3	10)
e(313	1	4	130)
e(313	2	4	60)
e(313	3	4	160)
e(313	1	5	60)
e(313	2	5	70)
e(313	3	5	160)
e(313	4	5	100)
e(314	1	2	150)
e(314	1	3	90)
e(314	2	3	110)
e(315	1	2	20)
e(315	1	3	140)
e(315	2	3	20)
e(317	1	2	140)
e(317	1	3	120)
e(317	1	4	120)
e(317	2	4	110)
e(317	3	4	110)
e(317	1	5	160)
e(317	2	5	160)
e(317	4	5	150)
e(318	1	2	150)
e(319	1	2	110)
e(319	1	3	30)
e(319	2	3	60)
e(319	1	4	60)
e(319	2	4	130)
e(319	3	4	70)
e(320	1	2	70)
e(320	1	3	90)
e(320	2	3	120)
e(322	1	2	140)
e(323	1	2	130)
e(324	1	2	130)
e(324	1	3	20)
e(324	2	3	110)
e(327	1	2	140)
e(328	1	2	30)
e(329	1	2	100)
e(329	1	3	80)
e(329	2	3	160)
e(329	1	4	120)
e(329	2	4	120)
e(329	3	4	40)
e(329	1	5	140)
e(329	2	5	30)
e(329	3	5	130)
e(329	4	5	130)
e(330	1	3	80)
e(330	2	3	40)
e(330	1	4	50)
e(330	2	4	70)
e(330	3	4	140)
e(331	1	2	150)
e(331	1	3	40)
e(331	2	3	150)
e(332	1	2	150)
e(332	1	3	100)
e(332	2	3	60)
e(332	1	4	10)
e(332	2	4	60)
e(332	3	4	60)
e(333	1	2	80)
e(334	1	2	50)
e(335	1	2	130)
e(335	1	3	20)
e(335	2	3	70)
e(335	1	4	160)
e(335	2	4	10)
e(335	3	4	60)
e(335	1	5	100)
e(335	2	5	30)
e(335	3	5	50)
e(335	4	5	50)
e(336	1	2	10)
e(336	1	3	110)
e(336	2	3	70)
e(336	1	4	160)
e(336	2	4	130)
e(336	3	4	60)
e(336	1	5	30)
e(336	2	5	140)
e(336	3	5	60)
e(336	4	5	160)
e(338	1	2	70)
e(338	1	3	30)
e(338	2	3	60)
e(338	1	4	50)
e(338	2	4	160)
e(338	3	4	60)
e(339	1	2	30)
e(340	1	2	40)
e(340	1	3	120)
e(340	2	3	110)
e(340	1	4	70)
e(340	2	4	140)
e(340	3	4	50)
e(341	1	2	140)
e(342	1	2	120)
e(342	1	3	40)
e(342	2	3	70)
e(344	1	2	30)
e(344	1	3	160)
e(344	2	3	20)
e(345	1	2	10)
e(347	1	2	70)
e(347	1	3	100)
e(347	2	3	20)
e(349	1	2	70)
e(349	2	3	10)
e(349	1	4	160)
e(349	3	4	110)
e(349	2	5	40)
e(349	3	5	160)
e(349	4	5	110)
e(350	1	2	30)
e(350	1	3	10)
e(350	1	4	100)
e(350	2	4	110)
e(350	3	4	150)
e(350	1	5	100)
e(350	2	5	150)
e(350	3	5	80)
e(350	4	5	160)
e(351	1	2	120)
e(352	1	2	70)
e(352	1	3	10)
e(352	2	3	80)
e(352	1	4	50)
e(352	2	4	30)
e(352	3	4	120)
e(352	1	5	60)
e(352	2	5	140)
e(352	3	5	80)
e(352	4	5	150)
e(353	1	2	40)
e(353	1	3	90)
e(353	2	3	70)
e(353	1	4	130)
e(353	3	4	70)
e(353	1	5	70)
e(353	2	5	110)
e(353	3	5	20)
e(353	4	5	40)
e(356	1	2	90)
e(356	1	3	130)
e(356	2	3	90)
e(358	1	2	140)
e(358	1	3	160)
e(358	2	3	100)
e(358	1	4	110)
e(358	2	4	100)
e(358	3	4	160)
e(358	1	5	130)
e(358	2	5	10)
e(358	4	5	10)
e(359	1	2	140)
e(359	1	3	110)
e(359	2	3	120)
e(359	1	4	30)
e(359	2	4	150)
e(359	3	4	140)
e(359	1	5	100)
e(359	2	5	120)
e(359	3	5	20)
e(359	4	5	20)
e(360	1	2	160)
e(360	1	3	50)
e(360	2	3	10)
e(360	1	4	80)
e(360	2	4	20)
e(360	3	4	50)
e(361	1	2	20)
e(361	1	3	30)
e(361	2	3	80)
e(362	1	2	20)
e(362	1	3	10)
e(362	2	3	120)
e(362	1	4	20)
e(362	2	4	120)
e(362	3	4	10)
e(363	1	2	150)
e(363	1	3	160)
e(363	2	3	50)
e(363	1	4	70)
e(363	2	4	40)
e(363	3	4	50)
e(363	1	5	130)
e(363	2	5	80)
e(363	3	5	50)
e(363	4	5	140)
e(364	1	2	120)
e(364	1	3	120)
e(364	2	3	100)
e(364	1	4	10)
e(364	2	4	110)
e(364	3	4	140)
e(365	1	2	60)
e(365	1	3	120)
e(365	2	3	90)
e(365	1	4	140)
e(365	2	4	80)
e(365	3	4	70)
e(365	1	5	140)
e(365	2	5	30)
e(365	3	5	100)
e(365	4	5	120)
e(366	1	2	120)
e(366	2	3	130)
e(366	1	4	50)
e(366	2	4	120)
e(366	3	4	140)
e(368	1	2	20)
e(368	1	3	150)
e(368	2	3	140)
e(368	1	4	110)
e(368	3	4	10)
e(368	1	5	70)
e(368	2	5	40)
e(368	3	5	60)
e(368	4	5	10)
e(369	1	2	50)
e(369	1	3	60)
e(369	2	3	20)
e(369	2	4	160)
e(369	3	4	110)
e(369	1	5	140)
e(369	2	5	30)
e(369	4	5	70)
e(370	1	2	60)
e(370	1	3	60)
e(370	2	3	110)
e(372	1	2	120)
e(372	1	3	110)
e(372	2	3	160)
e(373	1	2	70)
e(373	1	3	50)
e(373	2	3	140)
e(374	1	2	80)
e(374	1	3	10)
e(374	2	3	90)
e(374	1	4	40)
e(374	2	4	160)
e(374	3	4	70)
e(374	1	5	160)
e(374	2	5	100)
e(374	3	5	110)
e(374	4	5	70)
e(375	1	2	80)
e(376	1	2	60)
e(377	1	2	30)
e(377	1	3	140)
e(377	2	3	30)
e(379	1	2	110)
e(379	1	3	10)
e(379	2	3	40)
e(379	1	4	50)
e(379	3	4	130)
e(380	1	2	60)
e(380	1	3	130)
e(380	1	4	40)
e(380	2	4	100)
e(380	3	4	100)
e(382	1	3	130)
e(382	2	3	90)
e(383	1	2	40)
e(384	1	2	40)
e(384	1	3	70)
e(384	2	3	130)
e(385	1	2	130)
e(386	1	2	30)
e(386	2	3	30)
e(386	1	4	30)
e(386	2	4	10)
e(386	3	4	50)
e(387	1	2	80)
e(387	1	3	90)
e(387	2	4	150)
e(387	3	4	60)
e(387	1	5	50)
e(387	2	5	130)
e(387	3	5	20)
e(387	4	5	60)
e(388	1	2	30)
e(388	1	3	90)
e(388	2	3	30)
e(388	2	4	100)
e(388	3	4	30)
e(389	1	2	20)
e(389	1	3	20)
e(389	2	3	110)
e(389	1	4	40)
e(389	3	4	130)
e(390	1	2	90)
e(390	1	3	150)
e(390	2	3	50)
e(390	1	4	140)
e(390	2	4	150)
e(390	3	4	70)
e(390	1	5	140)
e(390	2	5	120)
e(390	3	5	80)
e(390	4	5	60)
e(391	1	2	50)
e(391	1	3	30)
e(391	2	3	150)
e(391	1	4	110)
e(391	3	4	60)
e(392	1	2	150)
e(392	1	3	160)
e(392	2	3	40)
e(392	1	4	40)
e(392	2	4	120)
e(392	3	4	110)
e(393	1	2	30)
e(393	1	3	70)
e(393	2	3	60)
e(395	1	2	60)
e(395	1	3	130)
e(395	2	3	140)
e(395	1	4	20)
e(395	2	4	100)
e(395	3	4	30)
e(397	1	2	100)
e(397	1	3	150)
e(397	1	4	20)
e(397	2	4	90)
e(397	3	4	10)
e(397	1	5	30)
e(397	2	5	90)
e(397	3	5	140)
e(397	4	5	120)
e(398	1	2	160)
e(399	1	2	160)
e(399	1	3	80)
e(399	2	3	80)
e(399	1	4	20)
e(399	2	4	120)
e(399	1	5	150)
e(399	2	5	80)
e(399	3	5	60)
e(399	4	5	20)
e(401	1	2	100)
e(401	1	3	80)
e(401	2	3	60)
e(401	1	4	140)
e(401	3	4	130)
e(401	1	5	110)
e(401	2	5	110)
e(401	3	5	110)
e(401	4	5	120)
e(402	1	2	20)
e(402	1	3	160)
e(402	1	4	110)
e(402	2	4	40)
e(402	3	4	140)
e(402	1	5	100)
e(402	2	5	50)
e(402	3	5	20)
e(402	4	5	40)
e(404	1	2	90)
e(405	1	2	50)
e(405	1	3	10)
e(405	2	3	50)
e(406	1	2	110)
e(406	1	3	140)
e(406	2	3	150)
e(407	1	2	100)
e(407	1	3	40)
e(407	1	4	10)
e(407	3	4	110)
e(407	1	5	50)
e(407	2	5	60)
e(407	3	5	160)
e(407	4	5	130)
e(409	1	2	10)
e(412	1	2	70)
e(412	1	3	140)
e(412	2	3	100)
e(412	1	4	40)
e(412	3	4	80)
e(412	1	5	20)
e(412	2	5	70)
e(412	3	5	140)
e(412	4	5	100)
e(414	1	3	120)
e(414	2	3	70)
e(414	1	4	60)
e(414	2	4	40)
e(414	3	4	20)
e(415	1	2	80)
e(415	1	3	150)
e(415	2	3	80)
e(415	1	4	80)
e(415	2	4	80)
e(415	3	4	140)
e(416	1	2	20)
e(416	1	3	40)
e(416	2	3	20)
e(416	1	4	80)
e(416	2	4	30)
e(416	3	4	120)
e(418	1	2	160)
e(418	1	3	130)
e(418	2	3	120)
e(418	1	4	110)
e(418	2	4	160)
e(418	3	4	60)
e(418	1	5	150)
e(418	2	5	50)
e(418	4	5	110)
e(419	1	2	50)
e(419	2	3	90)
e(419	1	4	10)
e(419	2	4	60)
e(419	3	4	30)
e(420	1	2	150)
e(421	1	2	70)
e(421	1	3	120)
e(421	2	3	40)
e(422	1	2	50)
e(422	1	3	150)
e(422	2	4	50)
e(422	3	4	120)
e(423	1	2	150)
e(423	1	3	90)
e(423	2	3	100)
e(423	1	4	10)
e(423	2	4	10)
e(423	3	4	70)
e(424	1	2	140)
e(424	1	3	80)
e(424	2	3	60)
e(425	1	2	50)
e(426	1	2	10)
e(428	1	2	60)
e(428	1	3	60)
e(428	2	3	20)
e(428	1	4	130)
e(428	2	4	130)
e(428	3	4	40)
e(430	1	2	20)
e(430	1	3	30)
e(430	2	3	100)
e(430	1	4	30)
e(430	3	4	60)
e(431	1	2	30)
e(431	1	3	110)
e(431	2	3	130)
e(431	1	4	120)
e(431	2	4	130)
e(431	3	4	10)
e(432	1	2	100)
e(432	1	3	140)
e(432	2	3	60)
e(433	1	2	90)
e(434	1	2	50)
e(434	1	3	70)
e(434	2	3	90)
e(434	1	4	60)
e(434	3	4	100)
e(434	1	5	50)
e(434	2	5	20)
e(434	3	5	40)
e(434	4	5	120)
e(435	1	2	80)
e(435	1	3	160)
e(435	2	3	10)
e(436	1	2	90)
e(436	1	3	80)
e(436	2	3	130)
e(436	1	4	30)
e(436	2	4	150)
e(436	3	4	150)
e(437	1	2	100)
e(437	1	3	20)
e(437	2	3	20)
e(437	1	4	120)
e(437	2	4	110)
e(437	3	4	50)
e(437	1	5	30)
e(437	2	5	130)
e(437	3	5	110)
e(437	4	5	160)
e(438	1	2	40)
e(438	2	3	80)
e(438	1	4	60)
e(438	2	4	70)
e(438	3	4	50)
e(438	1	5	140)
e(438	2	5	40)
e(438	4	5	80)
e(439	1	2	130)
e(440	1	2	10)
e(440	1	3	100)
e(441	1	2	130)
e(441	1	3	10)
e(441	2	3	100)
e(442	1	2	40)
e(442	2	3	130)
e(442	1	4	100)
e(442	2	4	110)
e(442	3	4	10)
e(442	1	5	160)
e(442	2	5	160)
e(442	3	5	30)
e(442	4	5	80)
e(443	1	2	80)
e(443	1	3	50)
e(443	2	3	20)
e(443	1	4	10)
e(443	2	4	10)
e(443	3	4	130)
e(443	1	5	160)
e(443	2	5	50)
e(443	3	5	130)
e(443	4	5	70)
e(444	1	2	100)
e(444	1	3	130)
e(444	2	3	100)
e(444	1	4	90)
e(444	2	4	20)
e(444	3	4	150)
e(446	1	2	160)
e(446	2	3	70)
e(446	1	4	40)
e(446	2	4	20)
e(446	3	4	110)
e(446	1	5	90)
e(446	2	5	130)
e(446	3	5	30)
e(446	4	5	70)
e(449	1	2	150)
e(449	1	3	20)
e(449	2	3	90)
e(451	1	2	20)
e(451	2	3	10)
e(452	1	2	100)
e(452	1	3	120)
e(452	2	3	60)
e(452	1	4	140)
e(452	2	4	160)
e(452	3	4	130)
e(454	1	2	140)
e(454	1	3	50)
e(454	2	3	10)
e(454	2	4	10)
e(454	3	4	150)
e(457	1	2	10)
e(457	1	3	40)
e(457	2	3	30)
e(457	2	4	50)
e(457	3	4	60)
e(457	1	5	80)
e(457	2	5	90)
e(457	3	5	100)
e(457	4	5	40)
e(459	1	2	120)
e(459	1	3	140)
e(459	2	3	160)
e(461	1	2	90)
e(461	1	3	110)
e(461	1	4	40)
e(461	2	4	80)
e(461	3	4	40)
e(462	1	2	140)
e(462	1	3	150)
e(462	2	3	80)
e(462	1	4	120)
e(462	2	4	130)
e(462	3	4	100)
e(462	1	5	60)
e(462	2	5	60)
e(462	3	5	20)
e(462	4	5	100)
e(463	1	2	140)
e(463	1	3	20)
e(463	2	3	10)
e(463	1	4	100)
e(463	2	4	50)
e(463	3	4	30)
e(464	1	2	70)
e(465	1	2	150)
e(465	1	3	130)
e(465	2	3	60)
e(466	1	2	90)
e(466	2	3	150)
e(466	1	4	30)
e(466	2	4	30)
e(466	3	4	60)
e(467	1	2	150)
e(467	1	3	60)
e(467	2	3	120)
e(467	1	4	60)
e(467	2	4	40)
e(467	3	4	30)
e(467	1	5	130)
e(467	2	5	40)
e(467	3	5	30)
e(467	4	5	90)
e(469	1	2	140)
e(469	1	3	160)
e(469	2	3	130)
e(470	1	2	10)
e(470	1	3	30)
e(470	2	3	10)
e(471	1	2	110)
e(471	1	3	130)
e(471	2	3	90)
e(471	1	4	60)
e(471	2	4	130)
e(471	1	5	110)
e(471	2	5	150)
e(471	4	5	70)
e(472	1	2	70)
e(473	1	2	50)
e(473	2	3	140)
e(477	1	2	150)
e(477	1	3	20)
e(477	2	3	150)
e(478	1	2	30)
e(478	1	3	130)
e(480	1	3	100)
e(480	2	3	110)
e(480	1	4	120)
e(480	2	4	140)
e(480	3	4	40)
e(480	1	5	50)
e(480	2	5	80)
e(480	3	5	40)
e(480	4	5	120)
e(481	1	2	120)
e(481	1	3	140)
e(481	2	3	10)
e(481	1	4	50)
e(481	2	4	10)
e(481	3	4	150)
e(481	1	5	20)
e(481	2	5	30)
e(481	3	5	40)
e(481	4	5	60)
e(482	1	2	20)
e(482	1	3	80)
e(482	2	3	70)
e(482	1	4	160)
e(482	2	4	80)
e(482	3	4	160)
e(482	2	5	60)
e(482	4	5	30)
e(483	1	2	120)
e(483	1	3	80)
e(483	2	3	40)
e(483	1	4	10)
e(483	2	4	70)
e(483	3	4	10)
e(484	1	2	50)
e(484	1	3	130)
e(484	2	3	60)
e(486	1	2	110)
e(486	1	3	60)
e(486	2	3	130)
e(486	1	4	60)
e(486	2	4	160)
e(486	3	4	150)
e(488	1	2	100)
e(488	1	3	160)
e(488	2	3	100)
e(488	1	4	130)
e(488	2	4	90)
e(488	3	4	110)
e(488	1	5	60)
e(488	2	5	20)
e(488	3	5	110)
e(488	4	5	90)
e(489	1	2	60)
e(490	1	2	90)
e(490	1	3	70)
e(490	2	3	100)
e(490	1	4	150)
e(490	2	4	70)
e(490	3	4	150)
e(490	1	5	120)
e(490	2	5	40)
e(490	3	5	100)
e(490	4	5	60)
e(491	1	2	60)
e(491	1	3	40)
e(491	2	3	70)
e(491	1	4	10)
e(491	3	4	80)
e(491	1	5	150)
e(491	2	5	20)
e(491	3	5	70)
e(491	4	5	140)
e(492	1	2	40)
e(492	1	3	110)
e(492	2	3	80)
e(492	1	4	160)
e(492	2	4	40)
e(492	3	4	50)
e(494	1	2	20)
e(494	1	3	30)
e(494	2	3	50)
e(494	1	4	90)
e(494	2	4	30)
e(494	3	4	20)
e(495	1	2	120)
e(495	1	3	60)
e(495	2	3	120)
e(497	1	2	150)
e(498	1	2	160)
e(498	1	3	120)
e(498	2	3	60)
e(499	1	2	20)
e(499	1	3	40)
e(499	2	3	40)
e(499	1	4	130)
e(499	2	4	70)
e(499	3	4	120)
e(499	1	5	150)
e(499	2	5	130)
e(499	3	5	50)
e(499	4	5	50)
e(500	1	2	10)
e(500	1	3	150)
e(500	2	3	50)
e(502	1	2	20)
e(502	1	3	60)
e(502	2	3	10)
e(503	1	2	110)
e(503	1	3	100)
e(503	2	3	30)
e(503	1	4	120)
e(503	2	4	20)
e(504	1	2	110)
e(506	1	2	80)
e(506	1	3	150)
e(506	2	3	90)
e(506	1	4	10)
e(506	2	4	90)
e(506	3	4	90)
e(507	1	2	100)
e(507	1	3	70)
e(507	2	3	150)
e(507	1	4	80)
e(507	3	4	130)
e(508	1	2	140)
e(508	1	3	40)
e(508	2	3	10)
e(508	1	4	20)
e(508	2	4	100)
e(508	3	4	60)
e(510	1	2	100)
e(511	1	2	140)
e(511	1	3	70)
e(511	2	3	110)
e(511	1	4	100)
e(511	2	4	40)
e(511	3	4	120)
e(512	1	2	150)
e(512	1	3	30)
e(512	2	3	120)
e(512	1	4	120)
e(512	2	4	20)
e(512	3	4	150)
e(512	1	5	90)
e(512	2	5	30)
e(512	3	5	40)
e(512	4	5	110)
e(513	2	3	70)
e(513	1	4	60)
e(513	2	4	70)
e(513	3	4	90)
e(514	1	2	120)
e(514	1	3	140)
e(514	2	3	130)
e(514	1	4	70)
e(514	2	4	150)
e(514	3	4	110)
e(516	1	2	60)
e(516	1	3	110)
e(516	2	3	140)
e(516	1	4	120)
e(516	2	4	30)
e(516	3	4	160)
e(517	1	2	120)
e(517	1	3	100)
e(517	2	3	80)
e(517	1	4	10)
e(517	2	4	80)
e(517	3	4	100)
e(517	1	5	100)
e(517	2	5	130)
e(517	3	5	50)
e(517	4	5	90)
e(518	1	2	90)
e(518	1	3	130)
e(518	2	3	100)
e(519	1	2	30)
e(519	1	3	160)
e(519	2	3	130)
e(519	1	4	160)
e(519	2	4	130)
e(519	3	4	70)
e(520	1	2	90)
e(521	1	2	150)
e(521	1	3	160)
e(521	2	3	90)
e(522	1	2	20)
e(522	1	3	30)
e(522	2	3	30)
e(522	1	4	90)
e(522	2	4	10)
e(522	3	4	80)
e(524	1	3	110)
e(524	2	3	130)
e(524	1	4	110)
e(524	2	4	50)
e(524	3	4	50)
e(525	1	2	40)
e(525	1	3	20)
e(525	2	3	110)
e(525	1	4	50)
e(525	2	4	140)
e(525	3	4	80)
e(526	1	2	70)
e(526	1	3	100)
e(526	2	3	70)
e(526	1	4	70)
e(526	2	4	30)
e(526	3	4	100)
e(526	1	5	110)
e(526	2	5	20)
e(526	3	5	130)
e(526	4	5	40)
e(527	1	2	20)
e(527	1	3	40)
e(527	2	3	40)
e(528	1	2	150)
e(528	1	3	150)
e(528	2	3	10)
e(528	1	4	60)
e(528	2	4	120)
e(528	3	4	70)
e(528	1	5	160)
e(528	3	5	130)
e(528	4	5	140)
e(529	1	2	80)
e(529	2	3	120)
e(530	1	2	10)
e(530	1	3	110)
e(530	2	3	150)
e(530	1	4	150)
e(530	2	4	40)
e(530	3	4	30)
e(532	1	2	70)
e(532	1	3	120)
e(532	2	3	80)
e(532	1	4	10)
e(532	2	4	40)
e(532	3	4	140)
e(533	1	2	140)
e(533	1	3	120)
e(533	2	3	10)
e(534	1	2	60)
e(534	1	3	40)
e(534	2	3	50)
e(536	1	2	30)
e(536	1	3	10)
e(536	2	3	60)
e(537	1	2	140)
e(538	1	2	120)
e(538	1	3	10)
e(538	2	3	50)
e(539	1	2	140)
e(539	1	3	20)
e(539	2	3	150)
e(539	1	4	20)
e(539	2	4	100)
e(539	3	4	160)
e(540	1	2	100)
e(540	1	3	120)
e(540	2	3	100)
e(540	2	4	100)
e(540	3	4	90)
e(543	1	2	140)
e(543	1	3	40)
e(543	2	3	50)
e(543	1	4	90)
e(543	2	4	120)
e(543	3	4	160)
e(543	1	5	80)
e(543	2	5	100)
e(543	3	5	100)
e(543	4	5	100)
e(544	1	2	130)
e(544	1	3	110)
e(544	2	3	30)
e(545	1	2	20)
e(546	1	2	40)
e(546	2	3	50)
e(546	2	4	90)
e(546	3	4	80)
e(546	1	5	30)
e(546	2	5	80)
e(546	3	5	150)
e(546	4	5	90)
e(548	1	2	100)
e(548	1	3	90)
e(548	2	3	80)
e(549	1	2	120)
e(549	1	3	80)
e(549	2	3	70)
e(549	1	4	60)
e(549	2	4	20)
e(549	3	4	40)
e(550	1	2	70)
e(550	1	3	20)
e(550	2	3	130)
e(550	1	4	20)
e(550	2	4	60)
e(551	1	2	100)
e(552	1	2	160)
e(552	1	3	30)
e(552	2	3	130)
e(552	2	4	110)
e(552	3	4	130)
e(552	1	5	100)
e(552	2	5	100)
e(552	3	5	100)
e(552	4	5	60)
e(553	1	2	20)
e(553	1	3	160)
e(553	2	3	60)
e(554	1	2	110)
e(554	2	3	40)
e(554	1	4	120)
e(554	2	4	100)
e(554	3	4	30)
e(556	1	2	50)
e(556	1	3	60)
e(556	1	4	40)
e(556	2	4	70)
e(557	1	2	10)
e(557	1	3	50)
e(557	2	3	90)
e(557	1	4	150)
e(557	2	4	160)
e(557	1	5	160)
e(557	2	5	150)
e(557	3	5	140)
e(557	4	5	60)
e(558	1	2	70)
e(558	1	3	120)
e(558	2	3	20)
e(558	1	4	160)
e(558	2	4	50)
e(558	3	4	30)
e(558	1	5	160)
e(558	2	5	40)
e(558	3	5	40)
e(558	4	5	30)
e(559	1	2	80)
e(559	1	3	60)
e(559	2	3	120)
e(559	1	4	120)
e(559	2	4	120)
e(559	3	4	110)
e(560	1	2	130)
e(560	1	3	80)
e(560	2	3	20)
e(560	1	4	40)
e(560	2	4	50)
e(560	3	4	120)
e(561	1	2	100)
e(562	1	2	160)
e(562	2	3	30)
e(562	1	4	30)
e(562	2	4	160)
e(562	3	4	90)
e(563	1	2	130)
e(564	1	2	50)
e(564	1	3	80)
e(564	2	3	50)
e(564	1	4	100)
e(564	2	4	50)
e(564	3	4	120)
e(564	1	5	30)
e(564	2	5	40)
e(564	3	5	100)
e(564	4	5	90)
e(565	1	2	90)
e(566	1	2	40)
e(566	1	3	120)
e(566	2	3	160)
e(567	1	2	70)
e(567	1	3	50)
e(567	2	3	90)
e(567	1	4	160)
e(567	2	4	160)
e(567	3	4	100)
e(567	1	5	50)
e(567	2	5	10)
e(567	3	5	150)
e(567	4	5	100)
e(568	1	2	60)
e(568	1	3	140)
e(568	2	3	140)
e(568	1	4	30)
e(568	2	4	90)
e(568	3	4	120)
e(568	1	5	50)
e(568	2	5	10)
e(568	3	5	40)
e(569	1	2	120)
e(569	1	3	30)
e(569	2	3	10)
e(570	1	2	80)
e(570	1	3	70)
e(570	2	3	100)
e(571	1	2	130)
e(571	1	3	40)
e(571	2	3	60)
e(571	1	4	120)
e(571	2	4	150)
e(571	3	4	100)
e(572	1	2	80)
e(572	1	3	160)
e(572	2	3	10)
e(572	1	4	70)
e(572	2	4	30)
e(572	3	4	120)
e(573	1	2	130)
e(573	1	3	110)
e(573	2	3	160)
e(573	1	4	140)
e(573	2	4	110)
e(573	3	4	80)
e(573	1	5	30)
e(573	2	5	20)
e(573	3	5	70)
e(573	4	5	40)
e(574	1	2	10)
e(574	1	3	150)
e(574	2	3	40)
e(574	1	4	50)
e(574	2	4	60)
e(574	3	4	110)
e(574	1	5	160)
e(574	2	5	140)
e(574	3	5	110)
e(574	4	5	40)
e(575	1	2	50)
e(576	1	2	10)
e(577	1	2	80)
e(577	1	3	10)
e(577	2	3	40)
e(578	1	2	150)
e(578	1	3	60)
e(578	2	3	150)
e(579	1	2	100)
e(580	1	2	80)
e(580	1	3	40)
e(580	2	3	110)
e(581	1	2	50)
e(582	1	2	130)
e(582	1	3	100)
e(582	2	3	70)
e(582	1	4	100)
e(582	2	4	140)
e(582	3	4	100)
e(583	1	2	100)
e(583	1	3	150)
e(583	2	3	100)
e(583	1	4	70)
e(583	2	4	110)
e(583	3	4	140)
e(587	1	2	100)
e(587	2	3	20)
e(587	1	4	120)
e(587	2	4	20)
e(587	3	4	150)
e(587	1	5	80)
e(587	2	5	80)
e(587	3	5	140)
e(587	4	5	140)
e(588	1	2	140)
e(588	1	3	10)
e(588	2	3	130)
e(588	1	4	90)
e(588	2	4	20)
e(588	3	4	20)
e(588	2	5	110)
e(588	3	5	20)
e(588	4	5	140)
e(589	1	2	140)
e(589	1	3	150)
e(589	2	3	120)
e(591	1	2	90)
e(591	1	3	90)
e(591	1	4	60)
e(591	3	4	100)
e(591	2	5	90)
e(591	3	5	100)
e(591	4	5	120)
e(592	1	2	10)
e(592	1	3	160)
e(592	2	3	30)
e(593	1	2	80)
e(593	2	3	130)
e(593	1	4	110)
e(593	2	4	80)
e(593	3	4	60)
e(594	1	2	90)
e(594	1	3	160)
e(594	2	3	130)
e(595	1	2	120)
e(595	1	3	100)
e(595	2	3	110)
e(595	1	4	20)
e(595	2	4	100)
e(595	3	4	140)
e(596	1	2	40)
e(596	1	3	70)
e(596	2	3	40)
e(597	1	2	80)
e(597	1	3	110)
e(597	2	3	40)
e(597	1	4	60)
e(597	2	4	110)
e(597	3	4	160)
e(597	1	5	40)
e(597	2	5	70)
e(597	3	5	140)
e(597	4	5	120)
e(598	1	2	120)
e(598	1	3	100)
e(598	1	4	50)
e(598	2	4	40)
e(598	3	4	30)
e(599	1	2	40)
e(599	1	3	130)
e(599	2	3	120)
e(599	1	4	80)
e(599	2	4	120)
e(599	3	4	40)
e(599	1	5	130)
e(599	2	5	150)
e(599	3	5	100)
e(599	4	5	60)
e(600	1	2	120)
