600

d(1	7	24	4	200000.0)
d(2	18	18	3	200000.0)
d(3	22	23	1	200000.0)
d(4	3	8	5	200000.0)
d(5	19	23	4	200000.0)
d(6	21	23	4	200000.0)
d(7	18	18	1	200000.0)
d(8	12	17	4	200000.0)
d(9	22	24	3	200000.0)
d(10	4	15	1	200000.0)
d(11	12	17	5	200000.0)
d(12	5	21	2	200000.0)
d(13	15	21	5	200000.0)
d(14	1	24	1	200000.0)
d(15	8	24	4	200000.0)
d(16	3	20	5	200000.0)
d(17	24	24	4	200000.0)
d(18	21	23	2	200000.0)
d(19	18	23	2	200000.0)
d(20	11	11	3	200000.0)
d(21	10	16	3	200000.0)
d(22	13	17	4	200000.0)
d(23	1	8	3	200000.0)
d(24	11	21	2	200000.0)
d(25	17	18	4	200000.0)
d(26	9	23	4	200000.0)
d(27	13	19	1	200000.0)
d(28	18	18	5	200000.0)
d(29	15	17	5	200000.0)
d(30	12	23	3	200000.0)
d(31	20	23	5	200000.0)
d(32	3	11	2	200000.0)
d(33	18	22	5	200000.0)
d(34	12	14	1	200000.0)
d(35	4	24	2	200000.0)
d(36	15	20	4	200000.0)
d(37	7	19	1	200000.0)
d(38	11	20	5	200000.0)
d(39	14	15	5	200000.0)
d(40	10	17	2	200000.0)
d(41	2	5	3	200000.0)
d(42	15	22	4	200000.0)
d(43	14	15	4	200000.0)
d(44	22	22	1	200000.0)
d(45	7	9	5	200000.0)
d(46	11	18	1	200000.0)
d(47	15	16	2	200000.0)
d(48	19	22	1	200000.0)
d(49	20	22	5	200000.0)
d(50	18	18	3	200000.0)
d(51	5	11	1	200000.0)
d(52	22	22	3	200000.0)
d(53	23	24	4	200000.0)
d(54	12	17	3	200000.0)
d(55	5	14	5	200000.0)
d(56	9	11	1	200000.0)
d(57	9	10	3	200000.0)
d(58	12	12	5	200000.0)
d(59	16	18	1	200000.0)
d(60	23	23	1	200000.0)
d(61	5	12	5	200000.0)
d(62	12	12	4	200000.0)
d(63	21	21	2	200000.0)
d(64	7	22	5	200000.0)
d(65	1	8	5	200000.0)
d(66	21	21	4	200000.0)
d(67	4	24	3	200000.0)
d(68	17	24	5	200000.0)
d(69	12	15	3	200000.0)
d(70	18	19	5	200000.0)
d(71	2	10	1	200000.0)
d(72	14	18	2	200000.0)
d(73	21	24	3	200000.0)
d(74	20	20	1	200000.0)
d(75	9	16	3	200000.0)
d(76	3	22	2	200000.0)
d(77	19	23	3	200000.0)
d(78	4	20	2	200000.0)
d(79	8	21	5	200000.0)
d(80	10	22	4	200000.0)
d(81	10	21	4	200000.0)
d(82	17	17	3	200000.0)
d(83	18	21	1	200000.0)
d(84	15	16	5	200000.0)
d(85	14	16	3	200000.0)
d(86	8	18	3	200000.0)
d(87	2	22	3	200000.0)
d(88	17	24	3	200000.0)
d(89	2	18	4	200000.0)
d(90	8	21	1	200000.0)
d(91	8	24	3	200000.0)
d(92	3	17	4	200000.0)
d(93	15	16	5	200000.0)
d(94	11	22	5	200000.0)
d(95	4	10	5	200000.0)
d(96	11	22	5	200000.0)
d(97	4	23	1	200000.0)
d(98	20	21	5	200000.0)
d(99	13	16	2	200000.0)
d(100	15	21	3	200000.0)
d(101	13	22	5	200000.0)
d(102	17	24	4	200000.0)
d(103	17	18	3	200000.0)
d(104	19	20	3	200000.0)
d(105	20	23	1	200000.0)
d(106	10	10	4	200000.0)
d(107	6	18	4	200000.0)
d(108	4	6	3	200000.0)
d(109	22	23	2	200000.0)
d(110	6	7	3	200000.0)
d(111	19	22	4	200000.0)
d(112	20	20	3	200000.0)
d(113	18	24	4	200000.0)
d(114	18	20	3	200000.0)
d(115	22	22	4	200000.0)
d(116	14	22	3	200000.0)
d(117	22	22	4	200000.0)
d(118	6	12	4	200000.0)
d(119	13	22	1	200000.0)
d(120	7	20	3	200000.0)
d(121	15	15	2	200000.0)
d(122	24	24	3	200000.0)
d(123	10	11	3	200000.0)
d(124	8	17	4	200000.0)
d(125	20	23	1	200000.0)
d(126	15	19	1	200000.0)
d(127	19	24	5	200000.0)
d(128	21	21	4	200000.0)
d(129	8	24	4	200000.0)
d(130	4	20	4	200000.0)
d(131	8	8	3	200000.0)
d(132	4	18	1	200000.0)
d(133	4	19	1	200000.0)
d(134	12	14	4	200000.0)
d(135	1	23	1	200000.0)
d(136	22	22	3	200000.0)
d(137	10	24	2	200000.0)
d(138	3	18	2	200000.0)
d(139	10	16	3	200000.0)
d(140	21	21	5	200000.0)
d(141	19	24	3	200000.0)
d(142	14	23	2	200000.0)
d(143	10	19	5	200000.0)
d(144	22	24	2	200000.0)
d(145	2	4	3	200000.0)
d(146	9	10	3	200000.0)
d(147	14	14	2	200000.0)
d(148	9	13	3	200000.0)
d(149	17	17	3	200000.0)
d(150	1	6	1	200000.0)
d(151	24	24	4	200000.0)
d(152	14	20	3	200000.0)
d(153	4	15	3	200000.0)
d(154	17	22	3	200000.0)
d(155	17	20	2	200000.0)
d(156	3	7	4	200000.0)
d(157	7	22	2	200000.0)
d(158	10	17	1	200000.0)
d(159	10	24	5	200000.0)
d(160	3	4	1	200000.0)
d(161	23	24	2	200000.0)
d(162	22	24	2	200000.0)
d(163	5	5	5	200000.0)
d(164	23	24	3	200000.0)
d(165	2	22	4	200000.0)
d(166	1	7	4	200000.0)
d(167	3	3	2	200000.0)
d(168	1	9	1	200000.0)
d(169	12	18	2	200000.0)
d(170	14	21	4	200000.0)
d(171	14	15	4	200000.0)
d(172	19	19	2	200000.0)
d(173	15	24	1	200000.0)
d(174	8	22	1	200000.0)
d(175	3	17	1	200000.0)
d(176	10	10	5	200000.0)
d(177	21	24	5	200000.0)
d(178	13	17	2	200000.0)
d(179	4	15	5	200000.0)
d(180	6	12	4	200000.0)
d(181	14	17	3	200000.0)
d(182	22	22	3	200000.0)
d(183	7	7	4	200000.0)
d(184	7	23	2	200000.0)
d(185	18	19	1	200000.0)
d(186	13	18	2	200000.0)
d(187	15	24	2	200000.0)
d(188	19	24	5	200000.0)
d(189	3	7	2	200000.0)
d(190	13	16	1	200000.0)
d(191	3	6	3	200000.0)
d(192	17	23	4	200000.0)
d(193	9	10	4	200000.0)
d(194	17	22	2	200000.0)
d(195	11	17	2	200000.0)
d(196	17	19	2	200000.0)
d(197	16	16	1	200000.0)
d(198	12	12	3	200000.0)
d(199	7	14	5	200000.0)
d(200	3	5	4	200000.0)
d(201	3	21	4	200000.0)
d(202	20	21	3	200000.0)
d(203	2	14	1	200000.0)
d(204	10	11	5	200000.0)
d(205	7	15	5	200000.0)
d(206	14	20	5	200000.0)
d(207	7	24	5	200000.0)
d(208	6	23	1	200000.0)
d(209	4	14	2	200000.0)
d(210	13	16	4	200000.0)
d(211	12	21	3	200000.0)
d(212	1	12	3	200000.0)
d(213	18	23	3	200000.0)
d(214	9	12	2	200000.0)
d(215	6	12	5	200000.0)
d(216	10	11	3	200000.0)
d(217	9	18	2	200000.0)
d(218	14	18	4	200000.0)
d(219	16	16	1	200000.0)
d(220	18	21	2	200000.0)
d(221	9	22	1	200000.0)
d(222	21	24	1	200000.0)
d(223	24	24	4	200000.0)
d(224	23	23	3	200000.0)
d(225	11	17	4	200000.0)
d(226	2	19	1	200000.0)
d(227	1	12	2	200000.0)
d(228	11	20	3	200000.0)
d(229	23	24	1	200000.0)
d(230	16	22	1	200000.0)
d(231	9	13	5	200000.0)
d(232	8	23	1	200000.0)
d(233	19	23	5	200000.0)
d(234	17	23	5	200000.0)
d(235	8	18	3	200000.0)
d(236	22	22	3	200000.0)
d(237	20	23	4	200000.0)
d(238	2	6	2	200000.0)
d(239	13	16	1	200000.0)
d(240	23	23	2	200000.0)
d(241	4	22	2	200000.0)
d(242	7	19	4	200000.0)
d(243	14	15	5	200000.0)
d(244	7	20	4	200000.0)
d(245	8	14	2	200000.0)
d(246	1	17	2	200000.0)
d(247	12	19	2	200000.0)
d(248	9	12	2	200000.0)
d(249	19	24	4	200000.0)
d(250	12	23	5	200000.0)
d(251	13	23	1	200000.0)
d(252	12	24	1	200000.0)
d(253	12	20	1	200000.0)
d(254	20	21	5	200000.0)
d(255	11	19	2	200000.0)
d(256	13	13	4	200000.0)
d(257	1	10	5	200000.0)
d(258	10	22	4	200000.0)
d(259	4	16	5	200000.0)
d(260	7	18	4	200000.0)
d(261	8	20	4	200000.0)
d(262	10	17	5	200000.0)
d(263	1	23	1	200000.0)
d(264	2	7	1	200000.0)
d(265	10	11	1	200000.0)
d(266	6	23	2	200000.0)
d(267	5	8	1	200000.0)
d(268	18	22	1	200000.0)
d(269	23	23	2	200000.0)
d(270	4	13	2	200000.0)
d(271	13	15	4	200000.0)
d(272	22	22	3	200000.0)
d(273	7	12	3	200000.0)
d(274	10	10	1	200000.0)
d(275	3	6	3	200000.0)
d(276	9	16	2	200000.0)
d(277	5	21	5	200000.0)
d(278	6	8	2	200000.0)
d(279	11	21	2	200000.0)
d(280	16	19	1	200000.0)
d(281	10	11	1	200000.0)
d(282	11	24	5	200000.0)
d(283	4	16	5	200000.0)
d(284	21	24	2	200000.0)
d(285	16	17	1	200000.0)
d(286	20	23	5	200000.0)
d(287	2	19	2	200000.0)
d(288	11	12	1	200000.0)
d(289	8	17	2	200000.0)
d(290	10	17	4	200000.0)
d(291	16	16	3	200000.0)
d(292	17	18	4	200000.0)
d(293	20	24	1	200000.0)
d(294	3	14	1	200000.0)
d(295	24	24	3	200000.0)
d(296	15	23	4	200000.0)
d(297	23	23	2	200000.0)
d(298	18	18	3	200000.0)
d(299	11	18	5	200000.0)
d(300	12	22	1	200000.0)
d(301	3	7	3	200000.0)
d(302	3	9	5	200000.0)
d(303	11	23	5	200000.0)
d(304	14	18	5	200000.0)
d(305	21	24	4	200000.0)
d(306	12	21	4	200000.0)
d(307	2	24	2	200000.0)
d(308	1	2	1	200000.0)
d(309	8	17	3	200000.0)
d(310	20	22	5	200000.0)
d(311	7	17	1	200000.0)
d(312	6	16	2	200000.0)
d(313	24	24	5	200000.0)
d(314	15	16	1	200000.0)
d(315	6	6	5	200000.0)
d(316	24	24	1	200000.0)
d(317	13	15	3	200000.0)
d(318	18	23	4	200000.0)
d(319	24	24	2	200000.0)
d(320	15	15	2	200000.0)
d(321	20	23	4	200000.0)
d(322	22	22	3	200000.0)
d(323	3	8	3	200000.0)
d(324	9	18	2	200000.0)
d(325	24	24	1	200000.0)
d(326	8	11	5	200000.0)
d(327	17	24	3	200000.0)
d(328	24	24	1	200000.0)
d(329	16	24	4	200000.0)
d(330	24	24	3	200000.0)
d(331	5	12	5	200000.0)
d(332	18	20	1	200000.0)
d(333	20	22	1	200000.0)
d(334	22	24	2	200000.0)
d(335	14	20	2	200000.0)
d(336	23	23	5	200000.0)
d(337	23	23	3	200000.0)
d(338	14	23	5	200000.0)
d(339	4	21	3	200000.0)
d(340	23	23	3	200000.0)
d(341	19	20	5	200000.0)
d(342	21	23	1	200000.0)
d(343	18	21	1	200000.0)
d(344	13	19	2	200000.0)
d(345	12	18	5	200000.0)
d(346	24	24	5	200000.0)
d(347	22	23	4	200000.0)
d(348	24	24	1	200000.0)
d(349	11	21	3	200000.0)
d(350	10	14	2	200000.0)
d(351	15	16	3	200000.0)
d(352	9	11	5	200000.0)
d(353	4	17	1	200000.0)
d(354	12	22	5	200000.0)
d(355	14	23	2	200000.0)
d(356	15	23	4	200000.0)
d(357	8	19	3	200000.0)
d(358	24	24	3	200000.0)
d(359	8	23	1	200000.0)
d(360	21	21	5	200000.0)
d(361	5	14	4	200000.0)
d(362	22	24	2	200000.0)
d(363	2	16	5	200000.0)
d(364	12	17	3	200000.0)
d(365	12	14	4	200000.0)
d(366	9	24	5	200000.0)
d(367	22	23	1	200000.0)
d(368	14	14	2	200000.0)
d(369	3	7	2	200000.0)
d(370	22	23	5	200000.0)
d(371	16	18	1	200000.0)
d(372	18	21	2	200000.0)
d(373	20	21	3	200000.0)
d(374	22	23	4	200000.0)
d(375	4	16	1	200000.0)
d(376	13	24	2	200000.0)
d(377	6	13	3	200000.0)
d(378	22	24	2	200000.0)
d(379	15	23	1	200000.0)
d(380	8	20	3	200000.0)
d(381	24	24	1	200000.0)
d(382	21	22	2	200000.0)
d(383	16	17	5	200000.0)
d(384	8	10	4	200000.0)
d(385	5	20	2	200000.0)
d(386	9	16	5	200000.0)
d(387	20	24	2	200000.0)
d(388	6	6	2	200000.0)
d(389	24	24	3	200000.0)
d(390	17	23	4	200000.0)
d(391	4	23	1	200000.0)
d(392	24	24	5	200000.0)
d(393	2	8	4	200000.0)
d(394	6	24	3	200000.0)
d(395	11	15	2	200000.0)
d(396	17	19	5	200000.0)
d(397	15	19	2	200000.0)
d(398	4	10	4	200000.0)
d(399	7	11	3	200000.0)
d(400	9	22	3	200000.0)
d(401	23	23	4	200000.0)
d(402	23	24	4	200000.0)
d(403	13	13	4	200000.0)
d(404	14	24	1	200000.0)
d(405	10	23	4	200000.0)
d(406	16	18	1	200000.0)
d(407	3	22	1	200000.0)
d(408	4	23	3	200000.0)
d(409	21	24	4	200000.0)
d(410	8	11	4	200000.0)
d(411	5	11	2	200000.0)
d(412	21	22	5	200000.0)
d(413	6	9	5	200000.0)
d(414	8	17	1	200000.0)
d(415	6	13	5	200000.0)
d(416	10	18	2	200000.0)
d(417	21	21	4	200000.0)
d(418	4	9	1	200000.0)
d(419	17	22	2	200000.0)
d(420	19	20	3	200000.0)
d(421	14	18	1	200000.0)
d(422	5	8	1	200000.0)
d(423	19	20	3	200000.0)
d(424	10	16	4	200000.0)
d(425	12	20	5	200000.0)
d(426	19	24	3	200000.0)
d(427	5	9	3	200000.0)
d(428	1	10	4	200000.0)
d(429	19	21	4	200000.0)
d(430	15	21	5	200000.0)
d(431	6	24	1	200000.0)
d(432	22	24	4	200000.0)
d(433	22	23	2	200000.0)
d(434	12	12	3	200000.0)
d(435	23	24	5	200000.0)
d(436	20	20	2	200000.0)
d(437	13	19	1	200000.0)
d(438	3	19	2	200000.0)
d(439	13	19	1	200000.0)
d(440	11	11	4	200000.0)
d(441	13	24	2	200000.0)
d(442	13	18	3	200000.0)
d(443	23	24	2	200000.0)
d(444	15	22	2	200000.0)
d(445	21	24	1	200000.0)
d(446	20	20	3	200000.0)
d(447	14	24	5	200000.0)
d(448	23	23	1	200000.0)
d(449	17	23	1	200000.0)
d(450	17	24	1	200000.0)
d(451	5	20	4	200000.0)
d(452	4	19	2	200000.0)
d(453	6	22	1	200000.0)
d(454	12	13	3	200000.0)
d(455	12	20	4	200000.0)
d(456	6	18	3	200000.0)
d(457	14	20	2	200000.0)
d(458	13	20	1	200000.0)
d(459	21	22	2	200000.0)
d(460	15	23	3	200000.0)
d(461	16	22	2	200000.0)
d(462	14	19	1	200000.0)
d(463	9	10	5	200000.0)
d(464	9	20	3	200000.0)
d(465	3	5	1	200000.0)
d(466	23	23	1	200000.0)
d(467	12	19	3	200000.0)
d(468	8	9	1	200000.0)
d(469	22	23	5	200000.0)
d(470	18	24	3	200000.0)
d(471	3	16	1	200000.0)
d(472	3	3	2	200000.0)
d(473	12	16	4	200000.0)
d(474	7	11	4	200000.0)
d(475	17	24	4	200000.0)
d(476	5	15	1	200000.0)
d(477	23	24	5	200000.0)
d(478	24	24	5	200000.0)
d(479	17	20	3	200000.0)
d(480	21	23	4	200000.0)
d(481	8	16	3	200000.0)
d(482	3	7	4	200000.0)
d(483	4	23	4	200000.0)
d(484	14	16	2	200000.0)
d(485	2	6	4	200000.0)
d(486	8	11	4	200000.0)
d(487	22	23	3	200000.0)
d(488	15	21	5	200000.0)
d(489	19	19	4	200000.0)
d(490	19	20	4	200000.0)
d(491	1	16	3	200000.0)
d(492	23	24	1	200000.0)
d(493	17	17	2	200000.0)
d(494	21	22	5	200000.0)
d(495	18	22	1	200000.0)
d(496	16	17	1	200000.0)
d(497	15	24	3	200000.0)
d(498	24	24	2	200000.0)
d(499	3	7	1	200000.0)
d(500	2	11	3	200000.0)
d(501	15	17	4	200000.0)
d(502	2	7	2	200000.0)
d(503	24	24	5	200000.0)
d(504	8	13	4	200000.0)
d(505	18	18	2	200000.0)
d(506	10	19	2	200000.0)
d(507	24	24	5	200000.0)
d(508	8	13	3	200000.0)
d(509	12	24	5	200000.0)
d(510	3	17	3	200000.0)
d(511	24	24	2	200000.0)
d(512	6	23	1	200000.0)
d(513	21	23	2	200000.0)
d(514	19	22	4	200000.0)
d(515	23	23	5	200000.0)
d(516	3	23	5	200000.0)
d(517	11	23	2	200000.0)
d(518	23	23	5	200000.0)
d(519	9	20	3	200000.0)
d(520	12	14	2	200000.0)
d(521	7	16	1	200000.0)
d(522	6	15	3	200000.0)
d(523	22	24	3	200000.0)
d(524	18	24	1	200000.0)
d(525	24	24	1	200000.0)
d(526	12	22	1	200000.0)
d(527	6	6	2	200000.0)
d(528	21	24	5	200000.0)
d(529	16	21	3	200000.0)
d(530	14	19	2	200000.0)
d(531	12	21	3	200000.0)
d(532	8	16	3	200000.0)
d(533	8	8	3	200000.0)
d(534	21	21	5	200000.0)
d(535	17	21	4	200000.0)
d(536	16	19	1	200000.0)
d(537	7	23	1	200000.0)
d(538	23	23	4	200000.0)
d(539	19	19	5	200000.0)
d(540	6	20	1	200000.0)
d(541	11	17	1	200000.0)
d(542	9	16	1	200000.0)
d(543	21	23	3	200000.0)
d(544	18	20	1	200000.0)
d(545	11	24	1	200000.0)
d(546	7	19	1	200000.0)
d(547	23	23	5	200000.0)
d(548	5	9	1	200000.0)
d(549	8	13	5	200000.0)
d(550	14	22	3	200000.0)
d(551	6	21	1	200000.0)
d(552	1	13	4	200000.0)
d(553	16	17	1	200000.0)
d(554	9	19	3	200000.0)
d(555	23	24	3	200000.0)
d(556	14	17	2	200000.0)
d(557	10	22	4	200000.0)
d(558	11	11	3	200000.0)
d(559	3	21	2	200000.0)
d(560	12	17	2	200000.0)
d(561	13	24	4	200000.0)
d(562	24	24	1	200000.0)
d(563	11	11	4	200000.0)
d(564	6	21	4	200000.0)
d(565	12	23	1	200000.0)
d(566	23	24	4	200000.0)
d(567	8	23	5	200000.0)
d(568	8	9	1	200000.0)
d(569	2	15	3	200000.0)
d(570	1	9	4	200000.0)
d(571	8	18	1	200000.0)
d(572	17	22	4	200000.0)
d(573	3	16	2	200000.0)
d(574	3	13	2	200000.0)
d(575	15	15	4	200000.0)
d(576	7	21	3	200000.0)
d(577	16	22	3	200000.0)
d(578	15	17	2	200000.0)
d(579	10	12	4	200000.0)
d(580	4	23	3	200000.0)
d(581	24	24	3	200000.0)
d(582	24	24	4	200000.0)
d(583	18	18	1	200000.0)
d(584	17	19	2	200000.0)
d(585	21	22	3	200000.0)
d(586	10	20	2	200000.0)
d(587	11	23	4	200000.0)
d(588	18	21	3	200000.0)
d(589	7	24	1	200000.0)
d(590	1	23	2	200000.0)
d(591	19	22	5	200000.0)
d(592	5	24	4	200000.0)
d(593	10	12	5	200000.0)
d(594	13	24	3	200000.0)
d(595	14	21	4	200000.0)
d(596	22	23	2	200000.0)
d(597	11	14	5	200000.0)
d(598	21	23	4	200000.0)
d(599	9	23	4	200000.0)
d(600	17	18	5	200000.0)
v(1	1	17	53	34	3)
v(1	2	31	136	62	3)
v(1	3	9	62	18	3)
v(1	4	17	94	34	3)
v(2	1	12	17	24	2)
v(2	2	22	140	44	2)
v(2	3	5	61	10	2)
v(3	1	23	80	46	0)
v(4	1	6	76	12	4)
v(4	2	6	42	12	4)
v(4	3	9	126	18	4)
v(4	4	3	161	6	4)
v(4	5	32	164	64	4)
v(5	1	20	74	40	3)
v(5	2	31	168	62	3)
v(5	3	28	145	56	3)
v(5	4	1	50	2	3)
v(6	1	14	18	28	3)
v(6	2	5	42	10	3)
v(6	3	18	102	36	3)
v(6	4	18	94	36	3)
v(7	1	23	159	46	0)
v(8	1	10	49	20	3)
v(8	2	20	110	40	3)
v(8	3	25	111	50	2)
v(8	4	11	148	22	2)
v(9	1	32	93	64	2)
v(9	2	14	35	28	2)
v(9	3	29	172	58	2)
v(10	1	30	136	60	0)
v(11	1	18	113	36	3)
v(11	2	2	152	4	4)
v(11	3	18	69	36	4)
v(11	4	5	39	10	4)
v(11	5	24	139	48	3)
v(12	1	31	129	62	1)
v(12	2	28	57	56	1)
v(13	1	12	104	24	4)
v(13	2	4	140	8	4)
v(13	3	1	78	2	4)
v(13	4	10	65	20	4)
v(13	5	32	139	64	4)
v(14	1	10	46	20	0)
v(15	1	7	152	14	2)
v(15	2	15	18	30	3)
v(15	3	15	151	30	3)
v(15	4	30	151	60	2)
v(16	1	20	57	40	3)
v(16	2	17	28	34	4)
v(16	3	31	172	62	4)
v(16	4	16	88	32	3)
v(16	5	6	62	12	4)
v(17	1	23	46	46	3)
v(17	2	5	113	10	3)
v(17	3	22	79	44	3)
v(17	4	7	165	14	3)
v(18	1	19	155	38	1)
v(18	2	16	116	32	1)
v(19	1	6	117	12	1)
v(19	2	20	55	40	1)
v(20	1	27	86	54	2)
v(20	2	20	163	40	2)
v(20	3	10	65	20	2)
v(21	1	3	13	6	2)
v(21	2	5	64	10	1)
v(21	3	3	63	6	1)
v(22	1	10	61	20	3)
v(22	2	14	22	28	3)
v(22	3	18	45	36	3)
v(22	4	19	95	38	3)
v(23	1	17	124	34	2)
v(23	2	19	138	38	1)
v(23	3	26	183	52	1)
v(24	1	3	22	6	1)
v(24	2	9	40	18	1)
v(25	1	20	69	40	3)
v(25	2	25	33	50	3)
v(25	3	28	141	56	3)
v(25	4	21	47	42	3)
v(26	1	8	70	16	3)
v(26	2	17	110	34	3)
v(26	3	11	152	22	3)
v(26	4	30	130	60	3)
v(27	1	30	32	60	0)
v(28	1	24	45	48	4)
v(28	2	5	29	10	4)
v(28	3	16	94	32	4)
v(28	4	2	47	4	4)
v(28	5	27	54	54	4)
v(29	1	27	109	54	4)
v(29	2	22	55	44	4)
v(29	3	27	46	54	4)
v(29	4	19	52	38	4)
v(29	5	11	70	22	4)
v(30	1	18	135	36	2)
v(30	2	7	57	14	1)
v(30	3	8	166	16	1)
v(31	1	16	151	32	4)
v(31	2	20	95	40	4)
v(31	3	32	133	64	4)
v(31	4	4	156	8	4)
v(31	5	22	94	44	4)
v(32	1	14	57	28	1)
v(32	2	6	127	12	1)
v(33	1	10	117	20	4)
v(33	2	18	103	36	4)
v(33	3	10	18	20	4)
v(33	4	8	131	16	4)
v(33	5	20	180	40	4)
v(34	1	29	160	58	0)
v(35	1	31	102	62	1)
v(35	2	27	128	54	1)
v(36	1	5	111	10	2)
v(36	2	32	67	64	2)
v(36	3	5	28	10	3)
v(36	4	29	93	58	3)
v(37	1	28	174	56	0)
v(38	1	31	157	62	4)
v(38	2	21	141	42	4)
v(38	3	26	28	52	4)
v(38	4	5	107	10	4)
v(38	5	13	173	26	4)
v(39	1	24	57	48	4)
v(39	2	8	167	16	3)
v(39	3	14	159	28	4)
v(39	4	23	182	46	3)
v(39	5	30	183	60	4)
v(40	1	30	94	60	1)
v(40	2	32	107	64	1)
v(41	1	15	32	30	2)
v(41	2	5	44	10	2)
v(41	3	21	171	42	2)
v(42	1	15	26	30	3)
v(42	2	29	172	58	3)
v(42	3	16	66	32	3)
v(42	4	9	134	18	3)
v(43	1	22	138	44	3)
v(43	2	19	31	38	3)
v(43	3	3	74	6	3)
v(43	4	4	115	8	3)
v(44	1	13	139	26	0)
v(45	1	2	93	4	4)
v(45	2	20	50	40	4)
v(45	3	10	115	20	4)
v(45	4	8	72	16	4)
v(45	5	5	155	10	4)
v(46	1	26	75	52	0)
v(47	1	7	38	14	1)
v(47	2	32	49	64	1)
v(48	1	7	128	14	0)
v(49	1	6	28	12	4)
v(49	2	6	104	12	3)
v(49	3	21	178	42	4)
v(49	4	26	143	52	4)
v(49	5	21	148	42	3)
v(50	1	21	155	42	2)
v(50	2	12	109	24	2)
v(50	3	7	86	14	2)
v(51	1	18	19	36	0)
v(52	1	14	53	28	2)
v(52	2	18	176	36	2)
v(52	3	25	104	50	2)
v(53	1	19	169	38	3)
v(53	2	7	25	14	3)
v(53	3	1	53	2	3)
v(53	4	14	43	28	3)
v(54	1	26	134	52	2)
v(54	2	8	116	16	2)
v(54	3	18	140	36	2)
v(55	1	15	148	30	4)
v(55	2	6	156	12	4)
v(55	3	12	116	24	4)
v(55	4	4	82	8	4)
v(55	5	22	45	44	4)
v(56	1	3	10	6	0)
v(57	1	12	24	24	2)
v(57	2	13	137	26	2)
v(57	3	2	70	4	2)
v(58	1	13	135	26	4)
v(58	2	10	61	20	4)
v(58	3	6	147	12	4)
v(58	4	17	141	34	4)
v(58	5	31	68	62	4)
v(59	1	6	32	12	0)
v(60	1	11	100	22	0)
v(61	1	30	64	60	3)
v(61	2	5	82	10	4)
v(61	3	13	51	26	4)
v(61	4	30	88	60	3)
v(61	5	8	120	16	4)
v(62	1	11	28	22	3)
v(62	2	30	64	60	3)
v(62	3	21	143	42	3)
v(62	4	25	156	50	3)
v(63	1	27	64	54	0)
v(63	2	7	13	14	0)
v(64	1	31	163	62	4)
v(64	2	1	108	2	4)
v(64	3	31	67	62	4)
v(64	4	2	13	4	4)
v(64	5	30	71	60	4)
v(65	1	2	66	4	4)
v(65	2	7	67	14	4)
v(65	3	28	187	56	4)
v(65	4	10	25	20	4)
v(65	5	7	23	14	4)
v(66	1	13	114	26	3)
v(66	2	1	146	2	3)
v(66	3	26	148	52	3)
v(66	4	18	42	36	3)
v(67	1	14	172	28	2)
v(67	2	17	116	34	2)
v(67	3	9	158	18	2)
v(68	1	27	116	54	4)
v(68	2	25	95	50	4)
v(68	3	29	174	58	4)
v(68	4	16	161	32	4)
v(68	5	25	66	50	4)
v(69	1	17	101	34	2)
v(69	2	32	102	64	2)
v(69	3	15	112	30	2)
v(70	1	13	94	26	4)
v(70	2	20	48	40	4)
v(70	3	5	133	10	4)
v(70	4	21	136	42	4)
v(70	5	18	130	36	4)
v(71	1	17	68	34	0)
v(72	1	4	51	8	1)
v(72	2	26	48	52	1)
v(73	1	29	35	58	2)
v(73	2	21	23	42	2)
v(73	3	15	110	30	2)
v(74	1	30	60	60	0)
v(75	1	27	140	54	2)
v(75	2	20	172	40	2)
v(75	3	22	155	44	2)
v(76	1	7	139	14	1)
v(76	2	18	19	36	1)
v(77	1	10	127	20	2)
v(77	2	29	180	58	2)
v(77	3	22	138	44	2)
v(78	1	10	38	20	1)
v(78	2	7	107	14	1)
v(79	1	3	151	6	3)
v(79	2	13	48	26	4)
v(79	3	3	56	6	4)
v(79	4	19	102	38	3)
v(79	5	7	71	14	4)
v(80	1	6	121	12	3)
v(80	2	22	180	44	3)
v(80	3	25	72	50	3)
v(80	4	17	50	34	3)
v(81	1	22	136	44	3)
v(81	2	9	88	18	3)
v(81	3	6	69	12	3)
v(81	4	27	174	54	3)
v(82	1	29	73	58	2)
v(82	2	29	94	58	2)
v(82	3	6	110	12	2)
v(83	1	25	86	50	0)
v(84	1	26	58	52	4)
v(84	2	1	67	2	4)
v(84	3	20	168	40	4)
v(84	4	12	68	24	4)
v(84	5	9	121	18	4)
v(85	1	1	88	2	2)
v(85	2	14	80	28	2)
v(85	3	30	55	60	2)
v(86	1	20	78	40	2)
v(86	2	13	122	26	2)
v(86	3	7	60	14	2)
v(87	1	12	95	24	2)
v(87	2	2	120	4	2)
v(87	3	17	36	34	2)
v(88	1	20	90	40	2)
v(88	2	5	108	10	2)
v(88	3	6	46	12	2)
v(89	1	29	36	58	3)
v(89	2	15	148	30	2)
v(89	3	15	136	30	2)
v(89	4	25	140	50	3)
v(90	1	20	49	40	0)
v(91	1	26	101	52	2)
v(91	2	5	79	10	2)
v(91	3	5	49	10	2)
v(92	1	16	109	32	2)
v(92	2	6	54	12	3)
v(92	3	28	75	56	2)
v(92	4	32	37	64	1)
v(93	1	17	30	34	4)
v(93	2	16	73	32	4)
v(93	3	10	92	20	4)
v(93	4	15	65	30	4)
v(93	5	20	78	40	4)
v(94	1	29	124	58	4)
v(94	2	31	135	62	4)
v(94	3	19	54	38	4)
v(94	4	31	60	62	4)
v(94	5	14	174	28	4)
v(95	1	24	123	48	4)
v(95	2	15	25	30	4)
v(95	3	3	153	6	4)
v(95	4	29	180	58	4)
v(95	5	23	27	46	4)
v(96	1	18	159	36	4)
v(96	2	9	112	18	4)
v(96	3	10	21	20	4)
v(96	4	30	134	60	4)
v(96	5	14	136	28	4)
v(97	1	12	72	24	0)
v(98	1	14	110	28	4)
v(98	2	23	49	46	4)
v(98	3	14	145	28	4)
v(98	4	6	38	12	4)
v(98	5	5	115	10	4)
v(99	1	10	81	20	1)
v(99	2	20	48	40	1)
v(100	1	18	173	36	1)
v(100	2	15	45	30	2)
v(100	3	18	121	36	1)
v(101	1	17	156	34	4)
v(101	2	18	123	36	3)
v(101	3	15	120	30	3)
v(101	4	12	166	24	4)
v(101	5	29	161	58	4)
v(102	1	22	115	44	3)
v(102	2	23	182	46	3)
v(102	3	28	105	56	3)
v(102	4	14	25	28	3)
v(103	1	26	126	52	2)
v(103	2	20	95	40	2)
v(103	3	32	36	64	2)
v(104	1	8	40	16	2)
v(104	2	15	126	30	2)
v(104	3	15	174	30	2)
v(105	1	25	29	50	0)
v(106	1	26	171	52	3)
v(106	2	9	80	18	3)
v(106	3	9	142	18	3)
v(106	4	31	68	62	3)
v(107	1	14	119	28	3)
v(107	2	15	16	30	3)
v(107	3	11	142	22	3)
v(107	4	6	78	12	3)
v(108	1	10	72	20	2)
v(108	2	2	122	4	2)
v(108	3	31	172	62	2)
v(109	1	12	112	24	1)
v(109	2	3	59	6	1)
v(110	1	28	161	56	2)
v(110	2	30	39	60	2)
v(110	3	31	131	62	2)
v(111	1	12	13	24	3)
v(111	2	12	24	24	3)
v(111	3	16	95	32	3)
v(111	4	5	36	10	3)
v(112	1	3	143	6	2)
v(112	2	17	76	34	2)
v(112	3	27	107	54	2)
v(113	1	29	133	58	3)
v(113	2	8	116	16	3)
v(113	3	23	174	46	3)
v(113	4	6	111	12	3)
v(114	1	25	134	50	2)
v(114	2	21	131	42	2)
v(114	3	13	90	26	2)
v(115	1	5	36	10	3)
v(115	2	2	116	4	2)
v(115	3	9	124	18	2)
v(115	4	10	26	20	3)
v(116	1	18	110	36	2)
v(116	2	25	30	50	2)
v(116	3	6	158	12	2)
v(117	1	20	67	40	2)
v(117	2	8	13	16	2)
v(117	3	18	51	36	1)
v(117	4	6	114	12	3)
v(118	1	21	171	42	3)
v(118	2	17	101	34	3)
v(118	3	32	186	64	3)
v(118	4	30	131	60	3)
v(119	1	26	73	52	0)
v(120	1	12	18	24	2)
v(120	2	30	61	60	2)
v(120	3	29	98	58	2)
v(121	1	30	68	60	1)
v(121	2	13	39	26	1)
v(122	1	26	123	52	2)
v(122	2	29	38	58	2)
v(122	3	6	165	12	2)
v(123	1	24	168	48	2)
v(123	2	14	128	28	2)
v(123	3	4	113	8	2)
v(124	1	20	30	40	2)
v(124	2	28	70	56	3)
v(124	3	27	110	54	2)
v(124	4	24	183	48	3)
v(125	1	26	124	52	0)
v(126	1	26	108	52	0)
v(127	1	2	56	4	4)
v(127	2	10	84	20	4)
v(127	3	18	66	36	4)
v(127	4	20	175	40	3)
v(127	5	24	90	48	3)
v(128	1	18	90	36	3)
v(128	2	31	85	62	3)
v(128	3	31	167	62	3)
v(128	4	7	89	14	3)
v(129	1	30	82	60	3)
v(129	2	20	112	40	2)
v(129	3	14	16	28	3)
v(129	4	19	113	38	2)
v(130	1	16	117	32	3)
v(130	2	22	52	44	3)
v(130	3	10	112	20	2)
v(130	4	28	136	56	2)
v(131	1	14	107	28	1)
v(131	2	26	178	52	2)
v(131	3	5	66	10	1)
v(132	1	5	62	10	0)
v(133	1	12	49	24	0)
v(134	1	10	161	20	3)
v(134	2	4	11	8	3)
v(134	3	13	84	26	3)
v(134	4	11	62	22	3)
v(135	1	19	63	38	0)
v(136	1	5	71	10	2)
v(136	2	21	32	42	2)
v(136	3	13	132	26	2)
v(137	1	6	143	12	1)
v(137	2	9	12	18	1)
v(138	1	14	89	28	1)
v(138	2	4	56	8	1)
v(139	1	12	59	24	2)
v(139	2	9	32	18	2)
v(139	3	1	29	2	2)
v(140	1	17	20	34	3)
v(140	2	1	19	2	4)
v(140	3	22	153	44	4)
v(140	4	18	138	36	3)
v(140	5	29	100	58	4)
v(141	1	14	148	28	2)
v(141	2	6	114	12	2)
v(141	3	8	40	16	2)
v(142	1	19	166	38	1)
v(142	2	31	156	62	1)
v(143	1	17	54	34	4)
v(143	2	29	106	58	4)
v(143	3	12	65	24	4)
v(143	4	15	90	30	4)
v(143	5	11	80	22	4)
v(144	1	26	82	52	1)
v(144	2	14	148	28	1)
v(145	1	14	145	28	2)
v(145	2	23	140	46	2)
v(145	3	12	103	24	2)
v(146	1	10	113	20	2)
v(146	2	31	121	62	2)
v(146	3	23	127	46	2)
v(147	1	27	129	54	1)
v(147	2	13	111	26	1)
v(148	1	23	126	46	2)
v(148	2	7	147	14	2)
v(148	3	18	74	36	2)
v(149	1	11	107	22	2)
v(149	2	20	161	40	2)
v(149	3	14	57	28	2)
v(150	1	14	93	28	0)
v(151	1	29	137	58	3)
v(151	2	21	126	42	3)
v(151	3	31	79	62	3)
v(151	4	12	43	24	3)
v(152	1	9	112	18	2)
v(152	2	3	83	6	2)
v(152	3	9	61	18	2)
v(153	1	25	52	50	2)
v(153	2	4	38	8	2)
v(153	3	14	62	28	2)
v(154	1	30	55	60	2)
v(154	2	6	70	12	2)
v(154	3	3	133	6	2)
v(155	1	6	43	12	0)
v(155	2	16	36	32	0)
v(156	1	17	62	34	3)
v(156	2	29	33	58	3)
v(156	3	28	47	56	3)
v(156	4	11	145	22	3)
v(157	1	16	165	32	1)
v(157	2	3	63	6	1)
v(158	1	21	44	42	0)
v(159	1	25	104	50	4)
v(159	2	20	166	40	3)
v(159	3	8	30	16	4)
v(159	4	9	13	18	3)
v(159	5	31	168	62	4)
v(160	1	29	105	58	0)
v(161	1	17	28	34	1)
v(161	2	9	25	18	1)
v(162	1	25	156	50	1)
v(162	2	9	156	18	1)
v(163	1	23	138	46	3)
v(163	2	7	103	14	2)
v(163	3	28	67	56	4)
v(163	4	7	163	14	3)
v(163	5	28	44	56	4)
v(164	1	29	118	58	2)
v(164	2	23	165	46	2)
v(164	3	7	22	14	2)
v(165	1	28	148	56	3)
v(165	2	13	20	26	3)
v(165	3	20	23	40	3)
v(165	4	13	112	26	3)
v(166	1	11	114	22	3)
v(166	2	26	85	52	3)
v(166	3	30	115	60	3)
v(166	4	11	161	22	3)
v(167	1	23	78	46	1)
v(167	2	11	79	22	1)
v(168	1	3	17	6	0)
v(169	1	26	160	52	1)
v(169	2	16	36	32	1)
v(170	1	16	58	32	2)
v(170	2	17	78	34	2)
v(170	3	16	61	32	3)
v(170	4	27	71	54	1)
v(171	1	14	75	28	3)
v(171	2	19	166	38	2)
v(171	3	24	28	48	3)
v(171	4	4	50	8	2)
v(172	1	31	124	62	1)
v(172	2	25	74	50	1)
v(173	1	19	137	38	0)
v(174	1	7	29	14	0)
v(175	1	6	160	12	0)
v(176	1	22	167	44	4)
v(176	2	3	159	6	4)
v(176	3	32	69	64	4)
v(176	4	29	80	58	4)
v(176	5	20	159	40	4)
v(177	1	3	61	6	4)
v(177	2	7	54	14	4)
v(177	3	12	152	24	4)
v(177	4	32	78	64	4)
v(177	5	3	162	6	4)
v(178	1	23	93	46	1)
v(178	2	30	102	60	1)
v(179	1	6	36	12	4)
v(179	2	21	128	42	4)
v(179	3	23	98	46	4)
v(179	4	12	130	24	4)
v(179	5	12	30	24	4)
v(180	1	26	102	52	3)
v(180	2	7	102	14	3)
v(180	3	9	10	18	3)
v(180	4	28	157	56	3)
v(181	1	26	42	52	2)
v(181	2	16	150	32	2)
v(181	3	21	76	42	2)
v(182	1	14	22	28	2)
v(182	2	29	59	58	1)
v(182	3	29	185	58	1)
v(183	1	24	50	48	3)
v(183	2	25	60	50	3)
v(183	3	21	79	42	3)
v(183	4	22	121	44	3)
v(184	1	17	100	34	1)
v(184	2	1	50	2	1)
v(185	1	31	149	62	0)
v(186	1	31	111	62	1)
v(186	2	2	39	4	1)
v(187	1	21	138	42	1)
v(187	2	14	47	28	1)
v(188	1	23	136	46	4)
v(188	2	23	84	46	4)
v(188	3	5	85	10	4)
v(188	4	25	178	50	4)
v(188	5	14	171	28	4)
v(189	1	23	142	46	1)
v(189	2	32	191	64	1)
v(190	1	22	38	44	0)
v(191	1	18	20	36	2)
v(191	2	14	23	28	1)
v(191	3	8	155	16	1)
v(192	1	23	118	46	3)
v(192	2	32	150	64	3)
v(192	3	15	16	30	3)
v(192	4	8	30	16	3)
v(193	1	8	125	16	3)
v(193	2	15	21	30	3)
v(193	3	11	114	22	3)
v(193	4	30	172	60	3)
v(194	1	8	49	16	1)
v(194	2	15	144	30	1)
v(195	1	23	119	46	1)
v(195	2	9	15	18	1)
v(196	1	13	114	26	1)
v(196	2	10	156	20	1)
v(197	1	8	84	16	0)
v(198	1	9	68	18	2)
v(198	2	14	20	28	2)
v(198	3	15	75	30	2)
v(199	1	23	150	46	4)
v(199	2	24	172	48	4)
v(199	3	29	84	58	4)
v(199	4	4	43	8	4)
v(199	5	2	101	4	4)
v(200	1	28	60	56	3)
v(200	2	5	81	10	3)
v(200	3	22	154	44	3)
v(200	4	17	60	34	3)
v(201	1	18	141	36	3)
v(201	2	2	101	4	3)
v(201	3	13	83	26	3)
v(201	4	14	27	28	3)
v(202	1	17	76	34	2)
v(202	2	5	93	10	2)
v(202	3	29	107	58	2)
v(203	1	19	116	38	0)
v(204	1	3	155	6	4)
v(204	2	23	182	46	4)
v(204	3	24	120	48	4)
v(204	4	9	136	18	4)
v(204	5	22	51	44	4)
v(205	1	15	147	30	3)
v(205	2	2	158	4	4)
v(205	3	11	164	22	3)
v(205	4	6	100	12	4)
v(205	5	10	21	20	4)
v(206	1	15	116	30	3)
v(206	2	3	129	6	4)
v(206	3	24	83	48	3)
v(206	4	17	99	34	4)
v(206	5	18	164	36	4)
v(207	1	12	54	24	3)
v(207	2	26	75	52	3)
v(207	3	20	108	40	4)
v(207	4	3	98	6	4)
v(207	5	15	44	30	4)
v(208	1	9	162	18	0)
v(209	1	16	129	32	1)
v(209	2	24	71	48	1)
v(210	1	25	66	50	3)
v(210	2	32	97	64	3)
v(210	3	3	80	6	3)
v(210	4	23	32	46	3)
v(211	1	15	69	30	2)
v(211	2	4	52	8	2)
v(211	3	15	162	30	2)
v(212	1	5	44	10	2)
v(212	2	6	76	12	2)
v(212	3	15	57	30	2)
v(213	1	12	22	24	2)
v(213	2	8	118	16	2)
v(213	3	15	102	30	2)
v(214	1	3	156	6	1)
v(214	2	26	91	52	1)
v(215	1	20	36	40	4)
v(215	2	27	101	54	4)
v(215	3	7	16	14	3)
v(215	4	29	83	58	4)
v(215	5	9	127	18	3)
v(216	1	28	119	56	2)
v(216	2	8	35	16	2)
v(216	3	5	58	10	2)
v(217	1	2	161	4	1)
v(217	2	18	106	36	1)
v(218	1	2	79	4	3)
v(218	2	28	159	56	3)
v(218	3	26	73	52	2)
v(218	4	7	119	14	2)
v(219	1	4	36	8	0)
v(220	1	29	81	58	1)
v(220	2	5	140	10	1)
v(221	1	27	87	54	0)
v(222	1	4	5	8	0)
v(223	1	3	55	6	2)
v(223	2	10	59	20	2)
v(223	3	3	31	6	3)
v(223	4	14	93	28	3)
v(224	1	12	63	24	1)
v(224	2	7	9	14	1)
v(224	3	19	169	38	2)
v(225	1	24	54	48	3)
v(225	2	1	2	2	3)
v(225	3	5	142	10	3)
v(225	4	13	21	26	3)
v(226	1	14	107	28	0)
v(227	1	30	183	60	0)
v(227	2	6	22	12	0)
v(228	1	30	121	60	2)
v(228	2	3	25	6	2)
v(228	3	14	83	28	2)
v(229	1	12	53	24	0)
v(230	1	6	100	12	0)
v(231	1	28	95	56	4)
v(231	2	32	134	64	3)
v(231	3	12	40	24	4)
v(231	4	25	183	50	3)
v(231	5	20	122	40	4)
v(232	1	10	36	20	0)
v(233	1	15	56	30	4)
v(233	2	32	130	64	3)
v(233	3	20	142	40	4)
v(233	4	29	137	58	3)
v(233	5	6	69	12	4)
v(234	1	32	61	64	4)
v(234	2	4	98	8	4)
v(234	3	26	31	52	4)
v(234	4	14	70	28	4)
v(234	5	23	108	46	4)
v(235	1	18	169	36	2)
v(235	2	14	117	28	2)
v(235	3	19	27	38	2)
v(236	1	2	25	4	2)
v(236	2	10	43	20	2)
v(236	3	11	63	22	2)
v(237	1	27	149	54	3)
v(237	2	21	130	42	3)
v(237	3	6	95	12	3)
v(237	4	27	119	54	3)
v(238	1	24	47	48	0)
v(238	2	25	108	50	0)
v(239	1	3	74	6	0)
v(240	1	28	109	56	1)
v(240	2	5	47	10	1)
v(241	1	15	165	30	1)
v(241	2	6	67	12	1)
v(242	1	9	53	18	3)
v(242	2	30	177	60	3)
v(242	3	22	68	44	3)
v(242	4	14	162	28	3)
v(243	1	15	154	30	4)
v(243	2	23	68	46	4)
v(243	3	7	25	14	4)
v(243	4	30	154	60	4)
v(243	5	16	108	32	4)
v(244	1	29	175	58	2)
v(244	2	6	43	12	3)
v(244	3	19	112	38	2)
v(244	4	4	57	8	1)
v(245	1	23	32	46	1)
v(245	2	26	91	52	1)
v(246	1	14	166	28	1)
v(246	2	14	74	28	1)
v(247	1	10	51	20	1)
v(247	2	21	106	42	1)
v(248	1	15	147	30	1)
v(248	2	9	77	18	1)
v(249	1	3	97	6	3)
v(249	2	24	145	48	3)
v(249	3	23	129	46	3)
v(249	4	31	131	62	3)
v(250	1	18	27	36	4)
v(250	2	19	33	38	4)
v(250	3	16	104	32	4)
v(250	4	8	28	16	4)
v(250	5	20	131	40	4)
v(251	1	28	79	56	0)
v(252	1	21	109	42	0)
v(253	1	5	66	10	0)
v(254	1	7	81	14	4)
v(254	2	32	123	64	4)
v(254	3	9	65	18	4)
v(254	4	28	45	56	4)
v(254	5	26	69	52	4)
v(255	1	22	176	44	1)
v(255	2	22	70	44	1)
v(256	1	1	105	2	3)
v(256	2	21	156	42	3)
v(256	3	10	156	20	3)
v(256	4	23	171	46	3)
v(257	1	21	133	42	4)
v(257	2	31	38	62	4)
v(257	3	7	151	14	4)
v(257	4	15	78	30	4)
v(257	5	31	100	62	4)
v(258	1	28	72	56	3)
v(258	2	3	112	6	3)
v(258	3	14	167	28	3)
v(258	4	32	125	64	3)
v(259	1	21	43	42	4)
v(259	2	11	125	22	4)
v(259	3	3	88	6	4)
v(259	4	19	170	38	4)
v(259	5	22	130	44	4)
v(260	1	19	81	38	3)
v(260	2	11	107	22	3)
v(260	3	22	62	44	3)
v(260	4	16	98	32	3)
v(261	1	17	91	34	3)
v(261	2	6	163	12	3)
v(261	3	15	88	30	2)
v(261	4	2	28	4	2)
v(262	1	29	65	58	4)
v(262	2	30	87	60	4)
v(262	3	20	21	40	4)
v(262	4	2	117	4	4)
v(262	5	28	77	56	4)
v(263	1	16	26	32	0)
v(264	1	32	57	64	0)
v(265	1	8	52	16	0)
v(266	1	18	138	36	1)
v(266	2	16	140	32	1)
v(267	1	11	26	22	0)
v(268	1	9	86	18	0)
v(269	1	10	139	20	1)
v(269	2	25	119	50	1)
v(270	1	2	4	4	1)
v(270	2	22	140	44	1)
v(271	1	27	98	54	3)
v(271	2	6	36	12	3)
v(271	3	13	29	26	3)
v(271	4	19	174	38	3)
v(272	1	30	102	60	2)
v(272	2	11	23	22	2)
v(272	3	8	125	16	2)
v(273	1	22	172	44	2)
v(273	2	17	67	34	2)
v(273	3	1	113	2	2)
v(274	1	32	189	64	0)
v(275	1	20	100	40	2)
v(275	2	29	119	58	2)
v(275	3	7	79	14	2)
v(276	1	28	61	56	1)
v(276	2	24	91	48	1)
v(277	1	18	147	36	4)
v(277	2	27	144	54	4)
v(277	3	17	41	34	3)
v(277	4	7	34	14	3)
v(277	5	4	27	8	4)
v(278	1	16	36	32	1)
v(278	2	4	110	8	1)
v(279	1	30	146	60	1)
v(279	2	21	169	42	1)
v(280	1	19	24	38	0)
v(281	1	3	145	6	0)
v(282	1	23	56	46	4)
v(282	2	31	120	62	4)
v(282	3	30	167	60	4)
v(282	4	19	71	38	4)
v(282	5	15	44	30	4)
v(283	1	1	9	2	4)
v(283	2	25	121	50	4)
v(283	3	29	134	58	4)
v(283	4	18	23	36	4)
v(283	5	25	129	50	4)
v(284	1	21	76	42	1)
v(284	2	12	21	24	1)
v(285	1	3	69	6	0)
v(286	1	19	29	38	3)
v(286	2	19	48	38	3)
v(286	3	31	106	62	4)
v(286	4	17	55	34	4)
v(286	5	15	77	30	4)
v(287	1	26	180	52	1)
v(287	2	2	33	4	1)
v(288	1	23	176	46	0)
v(289	1	5	19	10	1)
v(289	2	12	100	24	1)
v(290	1	26	136	52	3)
v(290	2	10	126	20	3)
v(290	3	24	78	48	3)
v(290	4	26	51	52	3)
v(291	1	20	89	40	2)
v(291	2	10	40	20	2)
v(291	3	3	40	6	2)
v(292	1	31	54	62	3)
v(292	2	2	4	4	3)
v(292	3	21	53	42	3)
v(292	4	6	89	12	3)
v(293	1	1	51	2	0)
v(294	1	9	127	18	0)
v(295	1	24	113	48	2)
v(295	2	3	58	6	1)
v(295	3	13	164	26	1)
v(296	1	5	14	10	3)
v(296	2	1	40	2	3)
v(296	3	3	58	6	3)
v(296	4	27	62	54	3)
v(297	1	14	63	28	1)
v(297	2	10	81	20	1)
v(298	1	12	112	24	2)
v(298	2	30	81	60	2)
v(298	3	32	111	64	2)
v(299	1	31	103	62	4)
v(299	2	23	141	46	3)
v(299	3	10	94	20	4)
v(299	4	14	79	28	4)
v(299	5	3	9	6	3)
v(300	1	9	150	18	0)
v(301	1	22	91	44	2)
v(301	2	32	74	64	2)
v(301	3	2	36	4	2)
v(302	1	5	63	10	4)
v(302	2	32	37	64	3)
v(302	3	18	148	36	4)
v(302	4	28	140	56	4)
v(302	5	12	20	24	3)
v(303	1	21	111	42	4)
v(303	2	8	59	16	4)
v(303	3	3	38	6	4)
v(303	4	25	128	50	4)
v(303	5	6	148	12	4)
v(304	1	28	31	56	4)
v(304	2	4	15	8	4)
v(304	3	27	115	54	4)
v(304	4	28	181	56	4)
v(304	5	27	75	54	4)
v(305	1	4	161	8	2)
v(305	2	27	163	54	3)
v(305	3	2	114	4	2)
v(305	4	28	84	56	3)
v(306	1	22	116	44	2)
v(306	2	5	148	10	3)
v(306	3	31	93	62	2)
v(306	4	5	130	10	3)
v(307	1	14	59	28	1)
v(307	2	22	176	44	1)
v(308	1	4	62	8	0)
v(309	1	7	52	14	2)
v(309	2	11	135	22	2)
v(309	3	6	30	12	2)
v(310	1	15	155	30	4)
v(310	2	1	123	2	4)
v(310	3	20	138	40	4)
v(310	4	16	74	32	4)
v(310	5	32	169	64	4)
v(311	1	3	160	6	0)
v(312	1	25	158	50	1)
v(312	2	2	93	4	1)
v(313	1	20	77	40	3)
v(313	2	30	110	60	3)
v(313	3	15	157	30	4)
v(313	4	11	81	22	4)
v(313	5	13	86	26	4)
v(314	1	1	82	2	0)
v(315	1	24	170	48	4)
v(315	2	31	96	62	4)
v(315	3	14	57	28	4)
v(315	4	23	128	46	4)
v(315	5	19	90	38	4)
v(316	1	13	43	26	0)
v(317	1	32	122	64	1)
v(317	2	26	72	52	1)
v(317	3	19	56	38	2)
v(318	1	20	160	40	3)
v(318	2	13	26	26	3)
v(318	3	4	126	8	2)
v(318	4	24	135	48	2)
v(319	1	1	125	2	1)
v(319	2	15	65	30	1)
v(320	1	5	56	10	1)
v(320	2	18	123	36	1)
v(321	1	7	52	14	3)
v(321	2	20	151	40	3)
v(321	3	21	132	42	3)
v(321	4	13	47	26	3)
v(322	1	1	94	2	2)
v(322	2	19	97	38	2)
v(322	3	20	91	40	2)
v(323	1	18	19	36	2)
v(323	2	24	85	48	2)
v(323	3	1	93	2	2)
v(324	1	6	137	12	1)
v(324	2	24	74	48	1)
v(325	1	27	114	54	0)
v(326	1	23	91	46	4)
v(326	2	10	17	20	3)
v(326	3	29	181	58	4)
v(326	4	25	116	50	4)
v(326	5	10	13	20	3)
v(327	1	31	113	62	2)
v(327	2	25	49	50	2)
v(327	3	14	124	28	2)
v(328	1	16	39	32	0)
v(329	1	32	85	64	2)
v(329	2	23	64	46	3)
v(329	3	5	74	10	2)
v(329	4	10	135	20	3)
v(330	1	32	192	64	2)
v(330	2	4	94	8	2)
v(330	3	14	100	28	2)
v(331	1	14	75	28	4)
v(331	2	15	167	30	3)
v(331	3	6	128	12	3)
v(331	4	31	182	62	2)
v(331	5	2	35	4	4)
v(332	1	28	64	56	0)
v(333	1	12	110	24	0)
v(334	1	9	167	18	1)
v(334	2	16	118	32	1)
v(335	1	20	124	40	1)
v(335	2	15	74	30	1)
v(336	1	5	162	10	3)
v(336	2	5	52	10	4)
v(336	3	23	164	46	3)
v(336	4	4	149	8	4)
v(336	5	11	109	22	4)
v(337	1	23	24	46	2)
v(337	2	31	116	62	2)
v(337	3	2	58	4	2)
v(338	1	20	93	40	4)
v(338	2	12	137	24	4)
v(338	3	4	54	8	3)
v(338	4	27	122	54	4)
v(338	5	17	107	34	3)
v(339	1	19	131	38	2)
v(339	2	13	64	26	2)
v(339	3	15	169	30	2)
v(340	1	5	20	10	2)
v(340	2	15	69	30	2)
v(340	3	12	153	24	2)
v(341	1	31	33	62	4)
v(341	2	18	152	36	4)
v(341	3	12	70	24	4)
v(341	4	22	63	44	4)
v(341	5	9	40	18	4)
v(342	1	26	151	52	0)
v(343	1	16	83	32	0)
v(344	1	19	96	38	1)
v(344	2	1	20	2	1)
v(345	1	28	176	56	2)
v(345	2	32	71	64	3)
v(345	3	1	145	2	3)
v(345	4	4	158	8	4)
v(345	5	28	101	56	4)
v(346	1	17	121	34	3)
v(346	2	1	152	2	3)
v(346	3	29	65	58	2)
v(346	4	32	165	64	4)
v(346	5	17	58	34	4)
v(347	1	28	167	56	1)
v(347	2	19	40	38	3)
v(347	3	32	102	64	2)
v(347	4	30	98	60	2)
v(348	1	29	52	58	0)
v(349	1	19	107	38	2)
v(349	2	19	143	38	2)
v(349	3	16	156	32	2)
v(350	1	4	81	8	0)
v(350	2	15	120	30	0)
v(351	1	19	83	38	2)
v(351	2	14	48	28	2)
v(351	3	22	181	44	2)
v(352	1	13	115	26	4)
v(352	2	8	53	16	4)
v(352	3	19	80	38	4)
v(352	4	9	21	18	4)
v(352	5	23	164	46	4)
v(353	1	20	164	40	0)
v(354	1	8	28	16	4)
v(354	2	10	20	20	4)
v(354	3	24	67	48	4)
v(354	4	12	163	24	4)
v(354	5	11	51	22	4)
v(355	1	9	72	18	1)
v(355	2	9	126	18	1)
v(356	1	22	47	44	3)
v(356	2	8	77	16	3)
v(356	3	16	166	32	2)
v(356	4	7	122	14	2)
v(357	1	25	83	50	2)
v(357	2	17	95	34	2)
v(357	3	3	31	6	2)
v(358	1	14	155	28	2)
v(358	2	12	104	24	2)
v(358	3	10	158	20	2)
v(359	1	16	83	32	0)
v(360	1	5	132	10	4)
v(360	2	15	75	30	4)
v(360	3	24	93	48	4)
v(360	4	8	65	16	4)
v(360	5	27	158	54	4)
v(361	1	4	56	8	3)
v(361	2	22	85	44	3)
v(361	3	1	26	2	3)
v(361	4	6	161	12	3)
v(362	1	6	83	12	1)
v(362	2	14	68	28	1)
v(363	1	6	93	12	4)
v(363	2	22	175	44	4)
v(363	3	9	65	18	4)
v(363	4	2	61	4	4)
v(363	5	17	109	34	4)
v(364	1	32	126	64	2)
v(364	2	9	39	18	2)
v(364	3	29	58	58	2)
v(365	1	24	128	48	3)
v(365	2	17	177	34	3)
v(365	3	30	126	60	3)
v(365	4	2	45	4	3)
v(366	1	2	9	4	4)
v(366	2	5	99	10	4)
v(366	3	14	83	28	4)
v(366	4	6	67	12	4)
v(366	5	12	102	24	4)
v(367	1	32	135	64	0)
v(368	1	29	146	58	1)
v(368	2	22	138	44	1)
v(369	1	29	76	58	1)
v(369	2	13	43	26	1)
v(370	1	13	128	26	4)
v(370	2	1	81	2	4)
v(370	3	20	145	40	4)
v(370	4	6	28	12	4)
v(370	5	24	52	48	4)
v(371	1	14	52	28	0)
v(372	1	6	99	12	1)
v(372	2	4	96	8	1)
v(373	1	21	165	42	2)
v(373	2	24	40	48	2)
v(373	3	27	152	54	2)
v(374	1	32	40	64	3)
v(374	2	31	148	62	3)
v(374	3	4	144	8	3)
v(374	4	13	66	26	3)
v(375	1	30	86	60	0)
v(376	1	13	124	26	1)
v(376	2	8	23	16	1)
v(377	1	10	135	20	2)
v(377	2	28	83	56	2)
v(377	3	14	123	28	2)
v(378	1	5	157	10	1)
v(378	2	32	68	64	1)
v(379	1	9	39	18	0)
v(380	1	20	88	40	2)
v(380	2	4	81	8	2)
v(380	3	2	78	4	2)
v(381	1	6	135	12	0)
v(382	1	20	157	40	1)
v(382	2	20	93	40	1)
v(383	1	4	20	8	4)
v(383	2	2	109	4	4)
v(383	3	9	29	18	4)
v(383	4	12	123	24	4)
v(383	5	15	66	30	4)
v(384	1	2	69	4	3)
v(384	2	27	126	54	3)
v(384	3	2	117	4	3)
v(384	4	16	24	32	3)
v(385	1	22	156	44	1)
v(385	2	3	77	6	1)
v(386	1	7	92	14	4)
v(386	2	16	59	32	4)
v(386	3	17	21	34	4)
v(386	4	5	99	10	4)
v(386	5	15	44	30	4)
v(387	1	21	62	42	1)
v(387	2	3	57	6	1)
v(388	1	15	138	30	1)
v(388	2	28	79	56	1)
v(389	1	21	181	42	2)
v(389	2	3	144	6	2)
v(389	3	9	46	18	2)
v(390	1	27	68	54	3)
v(390	2	25	184	50	3)
v(390	3	5	81	10	3)
v(390	4	2	16	4	3)
v(391	1	20	59	40	0)
v(392	1	2	49	4	3)
v(392	2	1	157	2	3)
v(392	3	26	88	52	4)
v(392	4	27	56	54	4)
v(392	5	25	163	50	4)
v(393	1	27	66	54	3)
v(393	2	26	79	52	3)
v(393	3	13	23	26	3)
v(393	4	24	182	48	3)
v(394	1	26	134	52	2)
v(394	2	8	140	16	2)
v(394	3	27	156	54	2)
v(395	1	19	27	38	1)
v(395	2	31	49	62	1)
v(396	1	17	58	34	4)
v(396	2	3	20	6	4)
v(396	3	15	22	30	4)
v(396	4	25	39	50	4)
v(396	5	5	154	10	4)
v(397	1	30	173	60	1)
v(397	2	28	123	56	1)
v(398	1	31	61	62	3)
v(398	2	13	118	26	3)
v(398	3	10	127	20	3)
v(398	4	31	135	62	3)
v(399	1	26	183	52	2)
v(399	2	12	113	24	2)
v(399	3	5	159	10	2)
v(400	1	29	138	58	2)
v(400	2	21	109	42	2)
v(400	3	1	74	2	2)
v(401	1	12	107	24	3)
v(401	2	21	90	42	3)
v(401	3	28	89	56	3)
v(401	4	2	89	4	3)
v(402	1	23	70	46	3)
v(402	2	32	65	64	3)
v(402	3	7	32	14	3)
v(402	4	13	121	26	3)
v(403	1	20	24	40	3)
v(403	2	9	54	18	3)
v(403	3	32	57	64	3)
v(403	4	7	11	14	3)
v(404	1	22	137	44	0)
v(405	1	7	37	14	3)
v(405	2	29	163	58	3)
v(405	3	29	171	58	3)
v(405	4	25	34	50	3)
v(406	1	10	72	20	0)
v(407	1	4	65	8	0)
v(408	1	30	73	60	2)
v(408	2	16	134	32	2)
v(408	3	26	47	52	2)
v(409	1	13	43	26	2)
v(409	2	5	102	10	3)
v(409	3	28	65	56	1)
v(409	4	7	66	14	2)
v(410	1	19	81	38	3)
v(410	2	15	142	30	3)
v(410	3	13	127	26	3)
v(410	4	15	43	30	3)
v(411	1	27	45	54	1)
v(411	2	18	21	36	1)
v(412	1	18	115	36	3)
v(412	2	18	35	36	2)
v(412	3	32	34	64	4)
v(412	4	27	104	54	4)
v(412	5	3	162	6	3)
v(413	1	27	84	54	4)
v(413	2	17	96	34	4)
v(413	3	23	36	46	3)
v(413	4	16	38	32	4)
v(413	5	3	42	6	3)
v(414	1	7	86	14	0)
v(415	1	29	168	58	4)
v(415	2	8	91	16	3)
v(415	3	31	183	62	4)
v(415	4	8	97	16	4)
v(415	5	6	19	12	3)
v(416	1	24	40	48	1)
v(416	2	15	148	30	1)
v(417	1	21	154	42	2)
v(417	2	30	85	60	2)
v(417	3	11	158	22	2)
v(417	4	1	18	2	2)
v(418	1	16	138	32	0)
v(419	1	22	169	44	1)
v(419	2	12	90	24	1)
v(420	1	16	17	32	2)
v(420	2	22	45	44	2)
v(420	3	3	113	6	2)
v(421	1	32	89	64	0)
v(422	1	4	104	8	0)
v(423	1	26	142	52	2)
v(423	2	29	60	58	2)
v(423	3	27	152	54	2)
v(424	1	31	119	62	3)
v(424	2	18	108	36	3)
v(424	3	30	158	60	2)
v(424	4	31	40	62	2)
v(425	1	10	153	20	4)
v(425	2	1	37	2	3)
v(425	3	22	164	44	3)
v(425	4	15	46	30	3)
v(425	5	29	171	58	1)
v(426	1	6	43	12	2)
v(426	2	25	127	50	2)
v(426	3	2	99	4	2)
v(427	1	13	130	26	2)
v(427	2	5	57	10	2)
v(427	3	32	137	64	2)
v(428	1	21	40	42	3)
v(428	2	4	27	8	3)
v(428	3	21	151	42	3)
v(428	4	26	111	52	3)
v(429	1	26	142	52	3)
v(429	2	19	124	38	3)
v(429	3	20	102	40	3)
v(429	4	2	18	4	3)
v(430	1	13	40	26	4)
v(430	2	6	65	12	4)
v(430	3	8	166	16	4)
v(430	4	7	66	14	4)
v(430	5	25	80	50	4)
v(431	1	9	122	18	0)
v(432	1	18	171	36	3)
v(432	2	21	89	42	3)
v(432	3	4	24	8	3)
v(432	4	29	138	58	3)
v(433	1	22	149	44	1)
v(433	2	10	132	20	1)
v(434	1	26	183	52	2)
v(434	2	1	131	2	2)
v(434	3	24	120	48	2)
v(435	1	2	128	4	3)
v(435	2	30	131	60	4)
v(435	3	8	88	16	4)
v(435	4	27	156	54	3)
v(435	5	3	36	6	4)
v(436	1	2	63	4	1)
v(436	2	6	131	12	1)
v(437	1	25	164	50	0)
v(438	1	4	40	8	1)
v(438	2	9	123	18	1)
v(439	1	15	65	30	0)
v(440	1	21	136	42	3)
v(440	2	6	25	12	3)
v(440	3	11	107	22	3)
v(440	4	1	123	2	3)
v(441	1	14	87	28	1)
v(441	2	3	34	6	1)
v(442	1	5	40	10	2)
v(442	2	17	149	34	2)
v(442	3	27	179	54	2)
v(443	1	25	145	50	1)
v(443	2	17	174	34	1)
v(444	1	30	148	60	1)
v(444	2	19	132	38	1)
v(445	1	12	58	24	0)
v(446	1	27	136	54	2)
v(446	2	9	141	18	2)
v(446	3	30	137	60	2)
v(447	1	7	35	14	4)
v(447	2	17	153	34	4)
v(447	3	17	153	34	4)
v(447	4	22	124	44	3)
v(447	5	24	121	48	3)
v(448	1	7	34	14	0)
v(449	1	13	27	26	0)
v(450	1	27	47	54	0)
v(451	1	22	136	44	3)
v(451	2	23	51	46	3)
v(451	3	31	64	62	3)
v(451	4	16	163	32	3)
v(452	1	23	138	46	1)
v(452	2	8	65	16	1)
v(453	1	10	73	20	0)
v(454	1	5	43	10	2)
v(454	2	27	103	54	2)
v(454	3	21	139	42	2)
v(455	1	18	161	36	3)
v(455	2	4	44	8	2)
v(455	3	20	168	40	3)
v(455	4	31	53	62	2)
v(456	1	3	4	6	2)
v(456	2	7	106	14	1)
v(456	3	20	29	40	1)
v(457	1	15	29	30	1)
v(457	2	5	97	10	1)
v(458	1	12	169	24	0)
v(459	1	6	119	12	1)
v(459	2	5	79	10	1)
v(460	1	7	54	14	2)
v(460	2	18	127	36	2)
v(460	3	15	119	30	2)
v(461	1	16	149	32	1)
v(461	2	2	17	4	1)
v(462	1	13	142	26	0)
v(463	1	15	163	30	4)
v(463	2	6	97	12	4)
v(463	3	12	170	24	4)
v(463	4	32	173	64	4)
v(463	5	21	163	42	4)
v(464	1	23	32	46	2)
v(464	2	4	78	8	2)
v(464	3	9	39	18	2)
v(465	1	2	144	4	0)
v(466	1	10	99	20	0)
v(467	1	14	168	28	2)
v(467	2	20	53	40	2)
v(467	3	12	127	24	2)
v(468	1	18	90	36	0)
v(469	1	30	152	60	3)
v(469	2	23	41	46	4)
v(469	3	14	68	28	4)
v(469	4	25	81	50	3)
v(469	5	7	51	14	4)
v(470	1	6	74	12	2)
v(470	2	26	47	52	2)
v(470	3	17	144	34	2)
v(471	1	11	60	22	0)
v(472	1	15	63	30	1)
v(472	2	16	95	32	1)
v(473	1	27	65	54	3)
v(473	2	4	116	8	3)
v(473	3	1	155	2	3)
v(473	4	30	33	60	3)
v(474	1	7	87	14	3)
v(474	2	4	21	8	3)
v(474	3	1	32	2	3)
v(474	4	10	54	20	3)
v(475	1	3	38	6	3)
v(475	2	25	120	50	2)
v(475	3	18	41	36	3)
v(475	4	7	29	14	2)
v(476	1	30	81	60	0)
v(477	1	19	55	38	4)
v(477	2	1	35	2	4)
v(477	3	21	72	42	3)
v(477	4	30	129	60	3)
v(477	5	14	62	28	4)
v(478	1	24	39	48	4)
v(478	2	25	144	50	4)
v(478	3	21	91	42	4)
v(478	4	6	141	12	4)
v(478	5	6	65	12	4)
v(479	1	9	142	18	1)
v(479	2	18	113	36	1)
v(479	3	6	132	12	2)
v(480	1	18	106	36	3)
v(480	2	9	68	18	3)
v(480	3	9	32	18	3)
v(480	4	4	24	8	3)
v(481	1	30	60	60	2)
v(481	2	22	62	44	2)
v(481	3	32	57	64	2)
v(482	1	29	51	58	3)
v(482	2	18	123	36	3)
v(482	3	15	47	30	2)
v(482	4	5	67	10	2)
v(483	1	3	25	6	3)
v(483	2	10	77	20	3)
v(483	3	31	147	62	3)
v(483	4	22	159	44	3)
v(484	1	12	101	24	1)
v(484	2	24	123	48	1)
v(485	1	21	23	42	3)
v(485	2	15	112	30	3)
v(485	3	15	136	30	3)
v(485	4	20	180	40	3)
v(486	1	7	146	14	3)
v(486	2	32	154	64	3)
v(486	3	11	78	22	3)
v(486	4	17	83	34	3)
v(487	1	23	81	46	2)
v(487	2	18	108	36	2)
v(487	3	10	68	20	2)
v(488	1	4	125	8	4)
v(488	2	31	67	62	4)
v(488	3	31	47	62	4)
v(488	4	21	124	42	4)
v(488	5	14	44	28	4)
v(489	1	12	21	24	3)
v(489	2	21	167	42	3)
v(489	3	23	39	46	3)
v(489	4	11	108	22	3)
v(490	1	21	70	42	3)
v(490	2	2	111	4	3)
v(490	3	6	73	12	3)
v(490	4	30	121	60	3)
v(491	1	18	74	36	2)
v(491	2	25	90	50	2)
v(491	3	1	42	2	2)
v(492	1	2	160	4	0)
v(493	1	1	155	2	1)
v(493	2	19	144	38	1)
v(494	1	15	119	30	4)
v(494	2	4	38	8	4)
v(494	3	32	38	64	4)
v(494	4	18	164	36	4)
v(494	5	29	88	58	4)
v(495	1	4	109	8	0)
v(496	1	11	30	22	0)
v(497	1	12	120	24	1)
v(497	2	11	88	22	2)
v(497	3	31	111	62	1)
v(498	1	26	132	52	1)
v(498	2	25	102	50	1)
v(499	1	23	57	46	0)
v(500	1	30	176	60	2)
v(500	2	9	148	18	2)
v(500	3	21	173	42	2)
v(501	1	15	60	30	3)
v(501	2	21	162	42	3)
v(501	3	2	23	4	3)
v(501	4	9	67	18	3)
v(502	1	11	119	22	1)
v(502	2	6	151	12	1)
v(503	1	19	159	38	4)
v(503	2	9	54	18	4)
v(503	3	6	147	12	4)
v(503	4	9	90	18	4)
v(503	5	4	78	8	4)
v(504	1	21	106	42	3)
v(504	2	18	109	36	3)
v(504	3	8	101	16	3)
v(504	4	4	95	8	3)
v(505	1	5	128	10	1)
v(505	2	4	141	8	1)
v(506	1	22	140	44	1)
v(506	2	6	145	12	1)
v(507	1	18	117	36	4)
v(507	2	22	153	44	4)
v(507	3	12	51	24	4)
v(507	4	16	25	32	4)
v(507	5	4	9	8	4)
v(508	1	22	87	44	2)
v(508	2	10	158	20	1)
v(508	3	26	167	52	1)
v(509	1	7	102	14	3)
v(509	2	11	37	22	3)
v(509	3	25	178	50	4)
v(509	4	22	136	44	4)
v(509	5	5	19	10	4)
v(510	1	27	118	54	2)
v(510	2	32	157	64	2)
v(510	3	31	181	62	2)
v(511	1	18	156	36	1)
v(511	2	21	112	42	1)
v(512	1	6	117	12	0)
v(513	1	22	40	44	1)
v(513	2	32	66	64	1)
v(514	1	9	127	18	3)
v(514	2	30	107	60	3)
v(514	3	32	174	64	3)
v(514	4	19	154	38	3)
v(515	1	26	124	52	4)
v(515	2	28	93	56	4)
v(515	3	31	164	62	4)
v(515	4	12	17	24	3)
v(515	5	13	26	26	3)
v(516	1	10	37	20	4)
v(516	2	31	50	62	2)
v(516	3	8	143	16	3)
v(516	4	10	103	20	3)
v(516	5	8	64	16	4)
v(517	1	4	153	8	1)
v(517	2	12	72	24	1)
v(518	1	15	41	30	4)
v(518	2	26	87	52	4)
v(518	3	30	80	60	4)
v(518	4	10	164	20	4)
v(518	5	22	33	44	4)
v(519	1	20	82	40	1)
v(519	2	11	50	22	1)
v(519	3	8	33	16	2)
v(520	1	22	124	44	1)
v(520	2	27	95	54	1)
v(521	1	27	140	54	0)
v(522	1	30	41	60	2)
v(522	2	28	89	56	2)
v(522	3	10	77	20	2)
v(523	1	24	156	48	2)
v(523	2	20	115	40	2)
v(523	3	28	30	56	2)
v(524	1	14	174	28	0)
v(525	1	16	138	32	0)
v(526	1	12	14	24	0)
v(527	1	14	166	28	1)
v(527	2	1	66	2	1)
v(528	1	4	117	8	4)
v(528	2	8	65	16	4)
v(528	3	14	143	28	3)
v(528	4	6	154	12	4)
v(528	5	23	111	46	3)
v(529	1	14	103	28	2)
v(529	2	16	133	32	2)
v(529	3	1	61	2	2)
v(530	1	23	173	46	1)
v(530	2	8	69	16	1)
v(531	1	22	154	44	2)
v(531	2	24	38	48	2)
v(531	3	3	160	6	2)
v(532	1	23	110	46	2)
v(532	2	5	41	10	2)
v(532	3	24	179	48	2)
v(533	1	20	112	40	1)
v(533	2	14	70	28	1)
v(533	3	19	55	38	2)
v(534	1	15	161	30	4)
v(534	2	2	114	4	3)
v(534	3	21	83	42	4)
v(534	4	26	67	52	3)
v(534	5	23	39	46	4)
v(535	1	3	4	6	3)
v(535	2	4	22	8	3)
v(535	3	26	42	52	3)
v(535	4	26	163	52	3)
v(536	1	18	88	36	0)
v(537	1	6	119	12	0)
v(538	1	13	122	26	3)
v(538	2	11	122	22	3)
v(538	3	32	60	64	3)
v(538	4	4	33	8	3)
v(539	1	21	104	42	4)
v(539	2	7	96	14	4)
v(539	3	15	60	30	4)
v(539	4	10	17	20	4)
v(539	5	28	170	56	4)
v(540	1	27	174	54	0)
v(541	1	5	110	10	0)
v(542	1	4	72	8	0)
v(543	1	18	78	36	2)
v(543	2	12	115	24	2)
v(543	3	13	113	26	2)
v(544	1	16	86	32	0)
v(545	1	5	82	10	0)
v(546	1	29	112	58	0)
v(547	1	26	184	52	3)
v(547	2	20	75	40	2)
v(547	3	28	155	56	3)
v(547	4	9	12	18	4)
v(547	5	30	117	60	4)
v(548	1	9	167	18	0)
v(549	1	23	148	46	3)
v(549	2	9	37	18	4)
v(549	3	8	28	16	4)
v(549	4	13	23	26	3)
v(549	5	22	58	44	4)
v(550	1	28	55	56	2)
v(550	2	24	166	48	2)
v(550	3	18	95	36	2)
v(551	1	16	146	32	0)
v(552	1	18	85	36	3)
v(552	2	23	173	46	3)
v(552	3	13	142	26	3)
v(552	4	32	44	64	3)
v(553	1	6	107	12	0)
v(554	1	1	115	2	2)
v(554	2	19	84	38	2)
v(554	3	6	104	12	2)
v(555	1	12	30	24	2)
v(555	2	17	133	34	2)
v(555	3	30	150	60	2)
v(556	1	18	130	36	1)
v(556	2	2	140	4	1)
v(557	1	3	6	6	3)
v(557	2	31	144	62	3)
v(557	3	8	147	16	3)
v(557	4	4	102	8	3)
v(558	1	31	81	62	2)
v(558	2	1	14	2	2)
v(558	3	8	82	16	2)
v(559	1	31	183	62	1)
v(559	2	20	178	40	1)
v(560	1	30	60	60	1)
v(560	2	28	37	56	1)
v(561	1	32	95	64	3)
v(561	2	17	121	34	3)
v(561	3	30	42	60	3)
v(561	4	12	27	24	3)
v(562	1	15	173	30	0)
v(563	1	15	52	30	3)
v(563	2	22	79	44	3)
v(563	3	9	71	18	3)
v(563	4	19	20	38	3)
v(564	1	21	66	42	3)
v(564	2	23	91	46	3)
v(564	3	1	79	2	3)
v(564	4	16	78	32	3)
v(565	1	22	56	44	0)
v(566	1	25	85	50	3)
v(566	2	20	35	40	3)
v(566	3	5	25	10	3)
v(566	4	23	145	46	3)
v(567	1	12	18	24	4)
v(567	2	26	154	52	4)
v(567	3	32	172	64	4)
v(567	4	22	66	44	3)
v(567	5	3	20	6	3)
v(568	1	16	65	32	0)
v(569	1	2	154	4	2)
v(569	2	22	103	44	2)
v(569	3	3	13	6	2)
v(570	1	32	65	64	3)
v(570	2	32	118	64	3)
v(570	3	19	140	38	3)
v(570	4	25	81	50	3)
v(571	1	14	138	28	0)
v(572	1	12	26	24	3)
v(572	2	6	60	12	3)
v(572	3	8	131	16	3)
v(572	4	22	86	44	3)
v(573	1	4	105	8	0)
v(573	2	4	140	8	0)
v(574	1	30	42	60	0)
v(574	2	16	57	32	0)
v(575	1	16	45	32	3)
v(575	2	20	179	40	3)
v(575	3	6	156	12	3)
v(575	4	14	85	28	3)
v(576	1	1	71	2	2)
v(576	2	22	63	44	2)
v(576	3	12	131	24	2)
v(577	1	23	73	46	2)
v(577	2	2	83	4	1)
v(577	3	9	128	18	1)
v(578	1	24	87	48	1)
v(578	2	11	88	22	1)
v(579	1	9	148	18	3)
v(579	2	18	81	36	3)
v(579	3	8	155	16	3)
v(579	4	30	176	60	3)
v(580	1	28	118	56	2)
v(580	2	13	61	26	2)
v(580	3	21	97	42	2)
v(581	1	27	87	54	2)
v(581	2	10	122	20	2)
v(581	3	29	177	58	2)
v(582	1	1	73	2	3)
v(582	2	19	78	38	3)
v(582	3	3	131	6	3)
v(582	4	4	140	8	3)
v(583	1	7	109	14	0)
v(584	1	7	59	14	1)
v(584	2	20	66	40	1)
v(585	1	31	184	62	2)
v(585	2	31	98	62	2)
v(585	3	9	119	18	2)
v(586	1	7	45	14	1)
v(586	2	29	107	58	1)
v(587	1	31	117	62	2)
v(587	2	11	53	22	1)
v(587	3	21	63	42	3)
v(587	4	28	146	56	2)
v(588	1	6	61	12	2)
v(588	2	5	114	10	2)
v(588	3	14	111	28	2)
v(589	1	16	91	32	0)
v(590	1	21	97	42	1)
v(590	2	2	149	4	1)
v(591	1	15	126	30	4)
v(591	2	8	31	16	3)
v(591	3	30	186	60	4)
v(591	4	27	88	54	3)
v(591	5	15	23	30	4)
v(592	1	29	30	58	2)
v(592	2	25	88	50	3)
v(592	3	20	33	40	3)
v(592	4	15	118	30	2)
v(593	1	19	102	38	4)
v(593	2	23	57	46	4)
v(593	3	3	26	6	4)
v(593	4	9	12	18	4)
v(593	5	25	165	50	4)
v(594	1	2	14	4	2)
v(594	2	27	107	54	2)
v(594	3	32	72	64	2)
v(595	1	8	124	16	3)
v(595	2	4	61	8	3)
v(595	3	19	106	38	3)
v(595	4	3	91	6	3)
v(596	1	20	102	40	1)
v(596	2	1	15	2	1)
v(597	1	17	42	34	4)
v(597	2	5	60	10	3)
v(597	3	6	102	12	4)
v(597	4	18	138	36	3)
v(597	5	31	134	62	4)
v(598	1	26	163	52	3)
v(598	2	16	82	32	3)
v(598	3	20	109	40	3)
v(598	4	8	9	16	3)
v(599	1	13	41	26	3)
v(599	2	3	147	6	2)
v(599	3	6	20	12	3)
v(599	4	13	153	26	2)
v(600	1	25	93	50	3)
v(600	2	27	85	54	4)
v(600	3	32	68	64	3)
v(600	4	22	130	44	4)
v(600	5	9	45	18	4)
e(1	1	2	160)
e(1	1	3	50)
e(1	2	3	130)
e(1	1	4	10)
e(1	2	4	10)
e(1	3	4	20)
e(2	1	2	90)
e(2	1	3	160)
e(2	2	3	160)
e(4	1	2	60)
e(4	1	3	130)
e(4	2	3	100)
e(4	1	4	40)
e(4	2	4	130)
e(4	3	4	100)
e(4	1	5	150)
e(4	2	5	70)
e(4	3	5	60)
e(4	4	5	70)
e(5	1	2	140)
e(5	1	3	70)
e(5	2	3	20)
e(5	1	4	130)
e(5	2	4	90)
e(5	3	4	150)
e(6	1	2	10)
e(6	1	3	90)
e(6	2	3	50)
e(6	1	4	90)
e(6	2	4	110)
e(6	3	4	100)
e(8	1	2	150)
e(8	1	3	150)
e(8	2	3	30)
e(8	1	4	40)
e(8	2	4	30)
e(9	1	2	90)
e(9	1	3	20)
e(9	2	3	50)
e(11	1	2	80)
e(11	1	3	130)
e(11	2	3	60)
e(11	1	4	110)
e(11	2	4	90)
e(11	3	4	130)
e(11	2	5	140)
e(11	3	5	20)
e(11	4	5	80)
e(12	1	2	70)
e(13	1	2	110)
e(13	1	3	120)
e(13	2	3	110)
e(13	1	4	30)
e(13	2	4	60)
e(13	3	4	40)
e(13	1	5	150)
e(13	2	5	150)
e(13	3	5	20)
e(13	4	5	20)
e(15	1	2	150)
e(15	1	3	60)
e(15	2	3	80)
e(15	2	4	120)
e(15	3	4	80)
e(16	1	2	90)
e(16	1	3	40)
e(16	2	3	50)
e(16	2	4	100)
e(16	3	4	160)
e(16	1	5	60)
e(16	2	5	160)
e(16	3	5	120)
e(16	4	5	140)
e(17	1	2	80)
e(17	1	3	50)
e(17	2	3	90)
e(17	1	4	50)
e(17	2	4	70)
e(17	3	4	70)
e(18	1	2	70)
e(19	1	2	40)
e(20	1	2	150)
e(20	1	3	120)
e(20	2	3	70)
e(21	1	2	140)
e(21	1	3	140)
e(22	1	2	120)
e(22	1	3	60)
e(22	2	3	120)
e(22	1	4	100)
e(22	2	4	120)
e(22	3	4	60)
e(23	1	2	90)
e(23	1	3	160)
e(24	1	2	20)
e(25	1	2	10)
e(25	1	3	80)
e(25	2	3	120)
e(25	1	4	150)
e(25	2	4	150)
e(25	3	4	10)
e(26	1	2	160)
e(26	1	3	100)
e(26	2	3	90)
e(26	1	4	50)
e(26	2	4	70)
e(26	3	4	160)
e(28	1	2	30)
e(28	1	3	10)
e(28	2	3	30)
e(28	1	4	30)
e(28	2	4	70)
e(28	3	4	80)
e(28	1	5	120)
e(28	2	5	30)
e(28	3	5	40)
e(28	4	5	120)
e(29	1	2	60)
e(29	1	3	70)
e(29	2	3	70)
e(29	1	4	130)
e(29	2	4	60)
e(29	3	4	80)
e(29	1	5	20)
e(29	2	5	60)
e(29	3	5	120)
e(29	4	5	110)
e(30	1	2	50)
e(30	1	3	120)
e(31	1	2	140)
e(31	1	3	70)
e(31	2	3	90)
e(31	1	4	80)
e(31	2	4	140)
e(31	3	4	160)
e(31	1	5	70)
e(31	2	5	20)
e(31	3	5	120)
e(31	4	5	90)
e(32	1	2	160)
e(33	1	2	80)
e(33	1	3	120)
e(33	2	3	50)
e(33	1	4	100)
e(33	2	4	100)
e(33	3	4	20)
e(33	1	5	40)
e(33	2	5	70)
e(33	3	5	70)
e(33	4	5	40)
e(35	1	2	110)
e(36	1	3	130)
e(36	2	3	100)
e(36	1	4	90)
e(36	2	4	40)
e(36	3	4	140)
e(38	1	2	100)
e(38	1	3	80)
e(38	2	3	90)
e(38	1	4	140)
e(38	2	4	150)
e(38	3	4	140)
e(38	1	5	150)
e(38	2	5	30)
e(38	3	5	70)
e(38	4	5	30)
e(39	1	2	120)
e(39	1	3	70)
e(39	2	3	60)
e(39	1	4	160)
e(39	3	4	90)
e(39	1	5	40)
e(39	2	5	40)
e(39	3	5	50)
e(39	4	5	110)
e(40	1	2	100)
e(41	1	2	30)
e(41	1	3	20)
e(41	2	3	110)
e(42	1	2	100)
e(42	1	3	90)
e(42	2	3	70)
e(42	1	4	50)
e(42	2	4	80)
e(42	3	4	30)
e(43	1	2	30)
e(43	1	3	150)
e(43	2	3	20)
e(43	1	4	70)
e(43	2	4	100)
e(43	3	4	120)
e(45	1	2	160)
e(45	1	3	140)
e(45	2	3	150)
e(45	1	4	20)
e(45	2	4	90)
e(45	3	4	60)
e(45	1	5	110)
e(45	2	5	10)
e(45	3	5	70)
e(45	4	5	90)
e(47	1	2	10)
e(49	1	2	120)
e(49	1	3	140)
e(49	2	3	50)
e(49	1	4	20)
e(49	2	4	140)
e(49	3	4	30)
e(49	1	5	30)
e(49	3	5	110)
e(49	4	5	10)
e(50	1	2	140)
e(50	1	3	60)
e(50	2	3	140)
e(52	1	2	50)
e(52	1	3	80)
e(52	2	3	50)
e(53	1	2	30)
e(53	1	3	140)
e(53	2	3	70)
e(53	1	4	90)
e(53	2	4	20)
e(53	3	4	100)
e(54	1	2	150)
e(54	1	3	70)
e(54	2	3	60)
e(55	1	2	60)
e(55	1	3	160)
e(55	2	3	40)
e(55	1	4	60)
e(55	2	4	120)
e(55	3	4	30)
e(55	1	5	60)
e(55	2	5	10)
e(55	3	5	20)
e(55	4	5	10)
e(57	1	2	130)
e(57	1	3	80)
e(57	2	3	20)
e(58	1	2	40)
e(58	1	3	110)
e(58	2	3	20)
e(58	1	4	60)
e(58	2	4	130)
e(58	3	4	80)
e(58	1	5	80)
e(58	2	5	80)
e(58	3	5	40)
e(58	4	5	130)
e(61	1	2	130)
e(61	1	3	40)
e(61	2	3	20)
e(61	2	4	160)
e(61	3	4	70)
e(61	1	5	140)
e(61	2	5	70)
e(61	3	5	40)
e(61	4	5	20)
e(62	1	2	40)
e(62	1	3	40)
e(62	2	3	140)
e(62	1	4	60)
e(62	2	4	50)
e(62	3	4	80)
e(64	1	2	130)
e(64	1	3	140)
e(64	2	3	110)
e(64	1	4	70)
e(64	2	4	130)
e(64	3	4	40)
e(64	1	5	20)
e(64	2	5	130)
e(64	3	5	140)
e(64	4	5	50)
e(65	1	2	100)
e(65	1	3	50)
e(65	2	3	110)
e(65	1	4	140)
e(65	2	4	20)
e(65	3	4	70)
e(65	1	5	130)
e(65	2	5	50)
e(65	3	5	110)
e(65	4	5	110)
e(66	1	2	150)
e(66	1	3	100)
e(66	2	3	150)
e(66	1	4	10)
e(66	2	4	130)
e(66	3	4	70)
e(67	1	2	50)
e(67	1	3	60)
e(67	2	3	10)
e(68	1	2	40)
e(68	1	3	50)
e(68	2	3	70)
e(68	1	4	50)
e(68	2	4	10)
e(68	3	4	160)
e(68	1	5	140)
e(68	2	5	20)
e(68	3	5	10)
e(68	4	5	80)
e(69	1	2	20)
e(69	1	3	40)
e(69	2	3	160)
e(70	1	2	130)
e(70	1	3	130)
e(70	2	3	20)
e(70	1	4	100)
e(70	2	4	70)
e(70	3	4	20)
e(70	1	5	130)
e(70	2	5	150)
e(70	3	5	120)
e(70	4	5	140)
e(72	1	2	60)
e(73	1	2	80)
e(73	1	3	150)
e(73	2	3	120)
e(75	1	2	100)
e(75	1	3	120)
e(75	2	3	20)
e(76	1	2	70)
e(77	1	2	60)
e(77	1	3	160)
e(77	2	3	50)
e(78	1	2	100)
e(79	1	2	150)
e(79	1	3	140)
e(79	2	3	100)
e(79	2	4	40)
e(79	3	4	70)
e(79	1	5	90)
e(79	2	5	90)
e(79	3	5	80)
e(79	4	5	140)
e(80	1	2	60)
e(80	1	3	20)
e(80	2	3	20)
e(80	1	4	10)
e(80	2	4	110)
e(80	3	4	150)
e(81	1	2	100)
e(81	1	3	40)
e(81	2	3	70)
e(81	1	4	70)
e(81	2	4	80)
e(81	3	4	120)
e(82	1	2	40)
e(82	1	3	110)
e(82	2	3	10)
e(84	1	2	10)
e(84	1	3	150)
e(84	2	3	130)
e(84	1	4	80)
e(84	2	4	140)
e(84	3	4	150)
e(84	1	5	50)
e(84	2	5	150)
e(84	3	5	90)
e(84	4	5	30)
e(85	1	2	110)
e(85	1	3	110)
e(85	2	3	110)
e(86	1	2	60)
e(86	1	3	60)
e(86	2	3	70)
e(87	1	2	50)
e(87	1	3	50)
e(87	2	3	70)
e(88	1	2	150)
e(88	1	3	120)
e(88	2	3	130)
e(89	1	2	100)
e(89	1	3	150)
e(89	1	4	80)
e(89	2	4	30)
e(89	3	4	140)
e(91	1	2	30)
e(91	1	3	80)
e(91	2	3	120)
e(92	1	2	110)
e(92	1	3	140)
e(92	2	3	130)
e(92	2	4	100)
e(93	1	2	90)
e(93	1	3	30)
e(93	2	3	150)
e(93	1	4	100)
e(93	2	4	90)
e(93	3	4	150)
e(93	1	5	60)
e(93	2	5	80)
e(93	3	5	60)
e(93	4	5	80)
e(94	1	2	120)
e(94	1	3	130)
e(94	2	3	60)
e(94	1	4	60)
e(94	2	4	120)
e(94	3	4	80)
e(94	1	5	160)
e(94	2	5	70)
e(94	3	5	130)
e(94	4	5	120)
e(95	1	2	40)
e(95	1	3	20)
e(95	2	3	140)
e(95	1	4	50)
e(95	2	4	70)
e(95	3	4	20)
e(95	1	5	130)
e(95	2	5	90)
e(95	3	5	10)
e(95	4	5	20)
e(96	1	2	70)
e(96	1	3	40)
e(96	2	3	150)
e(96	1	4	50)
e(96	2	4	20)
e(96	3	4	20)
e(96	1	5	50)
e(96	2	5	110)
e(96	3	5	90)
e(96	4	5	60)
e(98	1	2	50)
e(98	1	3	150)
e(98	2	3	140)
e(98	1	4	20)
e(98	2	4	30)
e(98	3	4	40)
e(98	1	5	40)
e(98	2	5	70)
e(98	3	5	90)
e(98	4	5	80)
e(99	1	2	90)
e(100	1	2	110)
e(100	2	3	160)
e(101	1	2	40)
e(101	1	3	160)
e(101	1	4	60)
e(101	2	4	60)
e(101	3	4	20)
e(101	1	5	80)
e(101	2	5	100)
e(101	3	5	90)
e(101	4	5	120)
e(102	1	2	50)
e(102	1	3	40)
e(102	2	3	160)
e(102	1	4	140)
e(102	2	4	60)
e(102	3	4	60)
e(103	1	2	30)
e(103	1	3	30)
e(103	2	3	10)
e(104	1	2	20)
e(104	1	3	60)
e(104	2	3	10)
e(106	1	2	90)
e(106	1	3	80)
e(106	2	3	130)
e(106	1	4	100)
e(106	2	4	60)
e(106	3	4	70)
e(107	1	2	150)
e(107	1	3	100)
e(107	2	3	160)
e(107	1	4	110)
e(107	2	4	70)
e(107	3	4	90)
e(108	1	2	110)
e(108	1	3	100)
e(108	2	3	10)
e(109	1	2	150)
e(110	1	2	130)
e(110	1	3	20)
e(110	2	3	20)
e(111	1	2	110)
e(111	1	3	80)
e(111	2	3	110)
e(111	1	4	90)
e(111	2	4	110)
e(111	3	4	50)
e(112	1	2	150)
e(112	1	3	160)
e(112	2	3	100)
e(113	1	2	90)
e(113	1	3	60)
e(113	2	3	20)
e(113	1	4	30)
e(113	2	4	150)
e(113	3	4	110)
e(114	1	2	130)
e(114	1	3	160)
e(114	2	3	150)
e(115	1	2	100)
e(115	1	3	30)
e(115	1	4	110)
e(115	2	4	140)
e(115	3	4	150)
e(116	1	2	150)
e(116	1	3	150)
e(116	2	3	160)
e(117	1	2	150)
e(117	1	4	60)
e(117	2	4	140)
e(117	3	4	100)
e(118	1	2	120)
e(118	1	3	70)
e(118	2	3	130)
e(118	1	4	140)
e(118	2	4	70)
e(118	3	4	10)
e(120	1	2	20)
e(120	1	3	100)
e(120	2	3	30)
e(121	1	2	130)
e(122	1	2	90)
e(122	1	3	100)
e(122	2	3	40)
e(123	1	2	160)
e(123	1	3	50)
e(123	2	3	160)
e(124	1	2	70)
e(124	2	3	70)
e(124	1	4	20)
e(124	2	4	150)
e(124	3	4	40)
e(127	1	2	130)
e(127	1	3	130)
e(127	2	3	150)
e(127	1	4	50)
e(127	2	4	140)
e(127	3	4	20)
e(127	1	5	80)
e(127	2	5	10)
e(127	3	5	10)
e(128	1	2	120)
e(128	1	3	80)
e(128	2	3	120)
e(128	1	4	110)
e(128	2	4	160)
e(128	3	4	120)
e(129	1	2	160)
e(129	1	3	50)
e(129	2	3	120)
e(129	1	4	50)
e(129	3	4	130)
e(130	1	2	50)
e(130	1	3	50)
e(130	2	3	130)
e(130	1	4	70)
e(130	2	4	140)
e(131	1	2	50)
e(131	2	3	140)
e(134	1	2	150)
e(134	1	3	40)
e(134	2	3	110)
e(134	1	4	140)
e(134	2	4	160)
e(134	3	4	30)
e(136	1	2	70)
e(136	1	3	100)
e(136	2	3	160)
e(137	1	2	160)
e(138	1	2	160)
e(139	1	2	70)
e(139	1	3	60)
e(139	2	3	90)
e(140	1	2	20)
e(140	1	3	50)
e(140	2	3	10)
e(140	2	4	70)
e(140	3	4	100)
e(140	1	5	140)
e(140	2	5	160)
e(140	3	5	110)
e(140	4	5	120)
e(141	1	2	70)
e(141	1	3	90)
e(141	2	3	20)
e(142	1	2	20)
e(143	1	2	60)
e(143	1	3	160)
e(143	2	3	70)
e(143	1	4	20)
e(143	2	4	160)
e(143	3	4	80)
e(143	1	5	80)
e(143	2	5	100)
e(143	3	5	40)
e(143	4	5	90)
e(144	1	2	140)
e(145	1	2	110)
e(145	1	3	100)
e(145	2	3	160)
e(146	1	2	80)
e(146	1	3	20)
e(146	2	3	60)
e(147	1	2	160)
e(148	1	2	80)
e(148	1	3	100)
e(148	2	3	30)
e(149	1	2	150)
e(149	1	3	40)
e(149	2	3	40)
e(151	1	2	120)
e(151	1	3	110)
e(151	2	3	160)
e(151	1	4	40)
e(151	2	4	110)
e(151	3	4	50)
e(152	1	2	50)
e(152	1	3	120)
e(152	2	3	40)
e(153	1	2	60)
e(153	1	3	40)
e(153	2	3	140)
e(154	1	2	130)
e(154	1	3	120)
e(154	2	3	20)
e(156	1	2	150)
e(156	1	3	140)
e(156	2	3	150)
e(156	1	4	20)
e(156	2	4	70)
e(156	3	4	90)
e(157	1	2	130)
e(159	1	2	120)
e(159	1	3	140)
e(159	2	3	60)
e(159	1	4	30)
e(159	3	4	90)
e(159	1	5	150)
e(159	2	5	20)
e(159	3	5	110)
e(159	4	5	150)
e(161	1	2	150)
e(162	1	2	40)
e(163	1	3	60)
e(163	2	3	10)
e(163	1	4	100)
e(163	3	4	30)
e(163	1	5	70)
e(163	2	5	90)
e(163	3	5	160)
e(163	4	5	40)
e(164	1	2	110)
e(164	1	3	90)
e(164	2	3	120)
e(165	1	2	140)
e(165	1	3	90)
e(165	2	3	70)
e(165	1	4	140)
e(165	2	4	50)
e(165	3	4	50)
e(166	1	2	160)
e(166	1	3	160)
e(166	2	3	20)
e(166	1	4	80)
e(166	2	4	60)
e(166	3	4	40)
e(167	1	2	30)
e(169	1	2	150)
e(170	1	2	120)
e(170	1	3	80)
e(170	2	3	20)
e(170	3	4	10)
e(171	1	2	20)
e(171	1	3	130)
e(171	2	3	10)
e(171	1	4	30)
e(171	3	4	60)
e(172	1	2	140)
e(176	1	2	10)
e(176	1	3	110)
e(176	2	3	50)
e(176	1	4	50)
e(176	2	4	70)
e(176	3	4	70)
e(176	1	5	140)
e(176	2	5	90)
e(176	3	5	100)
e(176	4	5	10)
e(177	1	2	90)
e(177	1	3	40)
e(177	2	3	90)
e(177	1	4	160)
e(177	2	4	40)
e(177	3	4	140)
e(177	1	5	60)
e(177	2	5	90)
e(177	3	5	160)
e(177	4	5	140)
e(178	1	2	130)
e(179	1	2	100)
e(179	1	3	150)
e(179	2	3	150)
e(179	1	4	40)
e(179	2	4	130)
e(179	3	4	110)
e(179	1	5	130)
e(179	2	5	120)
e(179	3	5	70)
e(179	4	5	150)
e(180	1	2	60)
e(180	1	3	150)
e(180	2	3	20)
e(180	1	4	10)
e(180	2	4	20)
e(180	3	4	100)
e(181	1	2	120)
e(181	1	3	10)
e(181	2	3	60)
e(182	1	2	110)
e(182	1	3	130)
e(183	1	2	90)
e(183	1	3	120)
e(183	2	3	70)
e(183	1	4	20)
e(183	2	4	10)
e(183	3	4	70)
e(184	1	2	100)
e(186	1	2	40)
e(187	1	2	160)
e(188	1	2	120)
e(188	1	3	140)
e(188	2	3	110)
e(188	1	4	20)
e(188	2	4	80)
e(188	3	4	70)
e(188	1	5	130)
e(188	2	5	10)
e(188	3	5	100)
e(188	4	5	40)
e(189	1	2	90)
e(191	1	2	110)
e(191	1	3	160)
e(192	1	2	120)
e(192	1	3	120)
e(192	2	3	100)
e(192	1	4	10)
e(192	2	4	160)
e(192	3	4	50)
e(193	1	2	120)
e(193	1	3	160)
e(193	2	3	120)
e(193	1	4	120)
e(193	2	4	130)
e(193	3	4	90)
e(194	1	2	50)
e(195	1	2	140)
e(196	1	2	140)
e(198	1	2	60)
e(198	1	3	50)
e(198	2	3	70)
e(199	1	2	150)
e(199	1	3	60)
e(199	2	3	110)
e(199	1	4	60)
e(199	2	4	30)
e(199	3	4	160)
e(199	1	5	70)
e(199	2	5	160)
e(199	3	5	90)
e(199	4	5	100)
e(200	1	2	160)
e(200	1	3	130)
e(200	2	3	100)
e(200	1	4	140)
e(200	2	4	110)
e(200	3	4	70)
e(201	1	2	60)
e(201	1	3	140)
e(201	2	3	90)
e(201	1	4	40)
e(201	2	4	80)
e(201	3	4	90)
e(202	1	2	70)
e(202	1	3	130)
e(202	2	3	50)
e(204	1	2	80)
e(204	1	3	40)
e(204	2	3	150)
e(204	1	4	50)
e(204	2	4	140)
e(204	3	4	100)
e(204	1	5	120)
e(204	2	5	150)
e(204	3	5	160)
e(204	4	5	130)
e(205	1	2	80)
e(205	2	3	50)
e(205	1	4	50)
e(205	2	4	70)
e(205	3	4	140)
e(205	1	5	160)
e(205	2	5	10)
e(205	3	5	80)
e(205	4	5	150)
e(206	1	2	70)
e(206	2	3	60)
e(206	1	4	130)
e(206	2	4	130)
e(206	3	4	90)
e(206	1	5	20)
e(206	2	5	50)
e(206	3	5	150)
e(206	4	5	10)
e(207	1	3	160)
e(207	2	3	140)
e(207	1	4	80)
e(207	2	4	160)
e(207	3	4	80)
e(207	1	5	100)
e(207	2	5	70)
e(207	3	5	40)
e(207	4	5	90)
e(209	1	2	130)
e(210	1	2	70)
e(210	1	3	130)
e(210	2	3	90)
e(210	1	4	130)
e(210	2	4	60)
e(210	3	4	130)
e(211	1	2	20)
e(211	1	3	20)
e(211	2	3	20)
e(212	1	2	150)
e(212	1	3	70)
e(212	2	3	60)
e(213	1	2	150)
e(213	1	3	10)
e(213	2	3	50)
e(214	1	2	150)
e(215	1	2	60)
e(215	1	3	40)
e(215	2	3	20)
e(215	1	4	40)
e(215	2	4	100)
e(215	3	4	30)
e(215	1	5	150)
e(215	2	5	140)
e(215	4	5	20)
e(216	1	2	90)
e(216	1	3	110)
e(216	2	3	80)
e(217	1	2	10)
e(218	1	2	160)
e(218	1	3	150)
e(218	2	3	50)
e(218	1	4	30)
e(218	2	4	90)
e(220	1	2	100)
e(223	1	3	10)
e(223	2	3	130)
e(223	1	4	20)
e(223	2	4	120)
e(223	3	4	90)
e(224	1	3	60)
e(224	2	3	100)
e(225	1	2	110)
e(225	1	3	130)
e(225	2	3	160)
e(225	1	4	160)
e(225	2	4	110)
e(225	3	4	130)
e(228	1	2	120)
e(228	1	3	30)
e(228	2	3	130)
e(231	1	2	130)
e(231	1	3	90)
e(231	2	3	10)
e(231	1	4	140)
e(231	3	4	10)
e(231	1	5	70)
e(231	2	5	160)
e(231	3	5	120)
e(231	4	5	40)
e(233	1	2	100)
e(233	1	3	50)
e(233	2	3	140)
e(233	1	4	160)
e(233	3	4	120)
e(233	1	5	40)
e(233	2	5	100)
e(233	3	5	100)
e(233	4	5	20)
e(234	1	2	20)
e(234	1	3	40)
e(234	2	3	100)
e(234	1	4	60)
e(234	2	4	130)
e(234	3	4	60)
e(234	1	5	30)
e(234	2	5	60)
e(234	3	5	120)
e(234	4	5	120)
e(235	1	2	130)
e(235	1	3	70)
e(235	2	3	10)
e(236	1	2	20)
e(236	1	3	30)
e(236	2	3	110)
e(237	1	2	140)
e(237	1	3	150)
e(237	2	3	10)
e(237	1	4	100)
e(237	2	4	120)
e(237	3	4	60)
e(240	1	2	140)
e(241	1	2	40)
e(242	1	2	130)
e(242	1	3	10)
e(242	2	3	70)
e(242	1	4	140)
e(242	2	4	160)
e(242	3	4	110)
e(243	1	2	130)
e(243	1	3	60)
e(243	2	3	20)
e(243	1	4	60)
e(243	2	4	160)
e(243	3	4	80)
e(243	1	5	20)
e(243	2	5	110)
e(243	3	5	90)
e(243	4	5	40)
e(244	1	2	140)
e(244	1	3	70)
e(244	2	3	40)
e(244	2	4	130)
e(245	1	2	90)
e(246	1	2	50)
e(247	1	2	100)
e(248	1	2	60)
e(249	1	2	100)
e(249	1	3	70)
e(249	2	3	90)
e(249	1	4	130)
e(249	2	4	10)
e(249	3	4	10)
e(250	1	2	140)
e(250	1	3	160)
e(250	2	3	20)
e(250	1	4	80)
e(250	2	4	10)
e(250	3	4	110)
e(250	1	5	70)
e(250	2	5	80)
e(250	3	5	20)
e(250	4	5	110)
e(254	1	2	150)
e(254	1	3	70)
e(254	2	3	40)
e(254	1	4	20)
e(254	2	4	90)
e(254	3	4	50)
e(254	1	5	40)
e(254	2	5	70)
e(254	3	5	120)
e(254	4	5	40)
e(255	1	2	40)
e(256	1	2	40)
e(256	1	3	30)
e(256	2	3	110)
e(256	1	4	50)
e(256	2	4	30)
e(256	3	4	40)
e(257	1	2	110)
e(257	1	3	130)
e(257	2	3	150)
e(257	1	4	100)
e(257	2	4	60)
e(257	3	4	50)
e(257	1	5	30)
e(257	2	5	90)
e(257	3	5	140)
e(257	4	5	40)
e(258	1	2	50)
e(258	1	3	80)
e(258	2	3	80)
e(258	1	4	140)
e(258	2	4	130)
e(258	3	4	40)
e(259	1	2	40)
e(259	1	3	110)
e(259	2	3	60)
e(259	1	4	150)
e(259	2	4	20)
e(259	3	4	40)
e(259	1	5	50)
e(259	2	5	140)
e(259	3	5	70)
e(259	4	5	40)
e(260	1	2	10)
e(260	1	3	80)
e(260	2	3	120)
e(260	1	4	70)
e(260	2	4	150)
e(260	3	4	160)
e(261	1	2	150)
e(261	1	3	50)
e(261	2	3	140)
e(261	1	4	40)
e(261	2	4	160)
e(262	1	2	80)
e(262	1	3	60)
e(262	2	3	50)
e(262	1	4	150)
e(262	2	4	40)
e(262	3	4	140)
e(262	1	5	30)
e(262	2	5	110)
e(262	3	5	110)
e(262	4	5	10)
e(266	1	2	150)
e(269	1	2	40)
e(270	1	2	140)
e(271	1	2	90)
e(271	1	3	40)
e(271	2	3	90)
e(271	1	4	30)
e(271	2	4	160)
e(271	3	4	100)
e(272	1	2	150)
e(272	1	3	30)
e(272	2	3	10)
e(273	1	2	160)
e(273	1	3	150)
e(273	2	3	70)
e(275	1	2	160)
e(275	1	3	110)
e(275	2	3	100)
e(276	1	2	60)
e(277	1	2	70)
e(277	1	3	120)
e(277	2	3	110)
e(277	1	4	10)
e(277	2	4	110)
e(277	1	5	80)
e(277	2	5	20)
e(277	3	5	120)
e(277	4	5	40)
e(278	1	2	160)
e(279	1	2	90)
e(282	1	2	50)
e(282	1	3	40)
e(282	2	3	80)
e(282	1	4	30)
e(282	2	4	20)
e(282	3	4	50)
e(282	1	5	90)
e(282	2	5	160)
e(282	3	5	130)
e(282	4	5	130)
e(283	1	2	90)
e(283	1	3	80)
e(283	2	3	40)
e(283	1	4	140)
e(283	2	4	50)
e(283	3	4	120)
e(283	1	5	90)
e(283	2	5	130)
e(283	3	5	160)
e(283	4	5	40)
e(284	1	2	150)
e(286	1	3	50)
e(286	2	3	100)
e(286	1	4	120)
e(286	2	4	160)
e(286	3	4	20)
e(286	1	5	100)
e(286	2	5	90)
e(286	3	5	60)
e(286	4	5	140)
e(287	1	2	70)
e(289	1	2	40)
e(290	1	2	100)
e(290	1	3	60)
e(290	2	3	90)
e(290	1	4	150)
e(290	2	4	40)
e(290	3	4	10)
e(291	1	2	60)
e(291	1	3	80)
e(291	2	3	110)
e(292	1	2	110)
e(292	1	3	100)
e(292	2	3	70)
e(292	1	4	30)
e(292	2	4	150)
e(292	3	4	40)
e(295	1	2	50)
e(295	1	3	160)
e(296	1	2	70)
e(296	1	3	60)
e(296	2	3	110)
e(296	1	4	30)
e(296	2	4	60)
e(296	3	4	150)
e(297	1	2	160)
e(298	1	2	100)
e(298	1	3	130)
e(298	2	3	120)
e(299	1	2	70)
e(299	1	3	130)
e(299	2	3	50)
e(299	1	4	140)
e(299	2	4	150)
e(299	3	4	30)
e(299	1	5	120)
e(299	3	5	150)
e(299	4	5	120)
e(301	1	2	80)
e(301	1	3	20)
e(301	2	3	70)
e(302	1	2	120)
e(302	1	3	130)
e(302	2	3	20)
e(302	1	4	130)
e(302	2	4	40)
e(302	3	4	50)
e(302	1	5	100)
e(302	3	5	10)
e(302	4	5	50)
e(303	1	2	100)
e(303	1	3	160)
e(303	2	3	150)
e(303	1	4	120)
e(303	2	4	60)
e(303	3	4	90)
e(303	1	5	60)
e(303	2	5	70)
e(303	3	5	110)
e(303	4	5	40)
e(304	1	2	110)
e(304	1	3	120)
e(304	2	3	40)
e(304	1	4	160)
e(304	2	4	150)
e(304	3	4	40)
e(304	1	5	10)
e(304	2	5	90)
e(304	3	5	60)
e(304	4	5	30)
e(305	1	2	100)
e(305	2	3	130)
e(305	1	4	60)
e(305	2	4	70)
e(305	3	4	140)
e(306	1	2	30)
e(306	2	3	90)
e(306	1	4	30)
e(306	2	4	70)
e(306	3	4	40)
e(307	1	2	60)
e(309	1	2	130)
e(309	1	3	100)
e(309	2	3	60)
e(310	1	2	150)
e(310	1	3	10)
e(310	2	3	150)
e(310	1	4	80)
e(310	2	4	160)
e(310	3	4	50)
e(310	1	5	130)
e(310	2	5	20)
e(310	3	5	40)
e(310	4	5	50)
e(312	1	2	150)
e(313	1	3	130)
e(313	2	3	50)
e(313	1	4	100)
e(313	2	4	150)
e(313	3	4	40)
e(313	1	5	130)
e(313	2	5	160)
e(313	3	5	40)
e(313	4	5	50)
e(315	1	2	50)
e(315	1	3	70)
e(315	2	3	50)
e(315	1	4	20)
e(315	2	4	160)
e(315	3	4	130)
e(315	1	5	100)
e(315	2	5	60)
e(315	3	5	150)
e(315	4	5	100)
e(317	1	3	100)
e(317	2	3	80)
e(318	1	2	110)
e(318	1	3	150)
e(318	2	3	80)
e(318	1	4	40)
e(318	2	4	130)
e(319	1	2	150)
e(320	1	2	150)
e(321	1	2	70)
e(321	1	3	20)
e(321	2	3	30)
e(321	1	4	100)
e(321	2	4	40)
e(321	3	4	160)
e(322	1	2	110)
e(322	1	3	70)
e(322	2	3	30)
e(323	1	2	150)
e(323	1	3	20)
e(323	2	3	30)
e(324	1	2	110)
e(326	1	2	10)
e(326	1	3	90)
e(326	2	3	130)
e(326	1	4	150)
e(326	2	4	120)
e(326	3	4	110)
e(326	1	5	90)
e(326	3	5	110)
e(326	4	5	90)
e(327	1	2	50)
e(327	1	3	160)
e(327	2	3	110)
e(329	1	2	160)
e(329	2	3	20)
e(329	1	4	50)
e(329	2	4	40)
e(329	3	4	40)
e(330	1	2	110)
e(330	1	3	60)
e(330	2	3	160)
e(331	1	2	110)
e(331	1	3	70)
e(331	2	3	30)
e(331	1	4	150)
e(331	1	5	70)
e(331	2	5	130)
e(331	3	5	30)
e(331	4	5	110)
e(334	1	2	110)
e(335	1	2	70)
e(336	1	2	110)
e(336	2	3	80)
e(336	1	4	20)
e(336	2	4	140)
e(336	3	4	70)
e(336	1	5	20)
e(336	2	5	150)
e(336	3	5	140)
e(336	4	5	30)
e(337	1	2	70)
e(337	1	3	130)
e(337	2	3	50)
e(338	1	2	90)
e(338	1	3	130)
e(338	2	3	40)
e(338	1	4	120)
e(338	2	4	80)
e(338	3	4	40)
e(338	1	5	100)
e(338	2	5	130)
e(338	4	5	30)
e(339	1	2	40)
e(339	1	3	140)
e(339	2	3	20)
e(340	1	2	140)
e(340	1	3	100)
e(340	2	3	90)
e(341	1	2	20)
e(341	1	3	20)
e(341	2	3	100)
e(341	1	4	140)
e(341	2	4	40)
e(341	3	4	80)
e(341	1	5	30)
e(341	2	5	80)
e(341	3	5	140)
e(341	4	5	130)
e(344	1	2	80)
e(345	2	3	110)
e(345	1	4	30)
e(345	2	4	60)
e(345	3	4	100)
e(345	1	5	50)
e(345	2	5	30)
e(345	3	5	90)
e(345	4	5	10)
e(346	1	2	140)
e(346	1	4	60)
e(346	2	4	40)
e(346	3	4	80)
e(346	1	5	100)
e(346	2	5	120)
e(346	3	5	10)
e(346	4	5	80)
e(347	1	2	150)
e(347	2	3	140)
e(347	2	4	10)
e(347	3	4	120)
e(349	1	2	160)
e(349	1	3	90)
e(349	2	3	100)
e(351	1	2	70)
e(351	1	3	80)
e(351	2	3	40)
e(352	1	2	110)
e(352	1	3	160)
e(352	2	3	160)
e(352	1	4	40)
e(352	2	4	130)
e(352	3	4	30)
e(352	1	5	130)
e(352	2	5	30)
e(352	3	5	60)
e(352	4	5	80)
e(354	1	2	80)
e(354	1	3	120)
e(354	2	3	30)
e(354	1	4	60)
e(354	2	4	140)
e(354	3	4	120)
e(354	1	5	10)
e(354	2	5	160)
e(354	3	5	50)
e(354	4	5	20)
e(355	1	2	120)
e(356	1	2	20)
e(356	1	3	150)
e(356	2	3	90)
e(356	1	4	110)
e(356	2	4	60)
e(357	1	2	40)
e(357	1	3	90)
e(357	2	3	140)
e(358	1	2	120)
e(358	1	3	90)
e(358	2	3	160)
e(360	1	2	40)
e(360	1	3	160)
e(360	2	3	80)
e(360	1	4	20)
e(360	2	4	70)
e(360	3	4	150)
e(360	1	5	100)
e(360	2	5	20)
e(360	3	5	60)
e(360	4	5	150)
e(361	1	2	130)
e(361	1	3	100)
e(361	2	3	70)
e(361	1	4	50)
e(361	2	4	130)
e(361	3	4	110)
e(362	1	2	30)
e(363	1	2	150)
e(363	1	3	60)
e(363	2	3	30)
e(363	1	4	130)
e(363	2	4	100)
e(363	3	4	30)
e(363	1	5	60)
e(363	2	5	40)
e(363	3	5	70)
e(363	4	5	10)
e(364	1	2	90)
e(364	1	3	30)
e(364	2	3	160)
e(365	1	2	110)
e(365	1	3	120)
e(365	2	3	140)
e(365	1	4	100)
e(365	2	4	80)
e(365	3	4	70)
e(366	1	2	150)
e(366	1	3	40)
e(366	2	3	160)
e(366	1	4	140)
e(366	2	4	40)
e(366	3	4	40)
e(366	1	5	150)
e(366	2	5	130)
e(366	3	5	110)
e(366	4	5	130)
e(368	1	2	50)
e(369	1	2	100)
e(370	1	2	150)
e(370	1	3	30)
e(370	2	3	40)
e(370	1	4	70)
e(370	2	4	10)
e(370	3	4	50)
e(370	1	5	100)
e(370	2	5	150)
e(370	3	5	150)
e(370	4	5	20)
e(372	1	2	40)
e(373	1	2	90)
e(373	1	3	130)
e(373	2	3	40)
e(374	1	2	70)
e(374	1	3	40)
e(374	2	3	150)
e(374	1	4	130)
e(374	2	4	20)
e(374	3	4	90)
e(376	1	2	130)
e(377	1	2	110)
e(377	1	3	150)
e(377	2	3	150)
e(378	1	2	120)
e(380	1	2	80)
e(380	1	3	140)
e(380	2	3	40)
e(382	1	2	150)
e(383	1	2	20)
e(383	1	3	80)
e(383	2	3	40)
e(383	1	4	120)
e(383	2	4	20)
e(383	3	4	60)
e(383	1	5	30)
e(383	2	5	140)
e(383	3	5	30)
e(383	4	5	160)
e(384	1	2	150)
e(384	1	3	90)
e(384	2	3	10)
e(384	1	4	130)
e(384	2	4	70)
e(384	3	4	120)
e(385	1	2	90)
e(386	1	2	100)
e(386	1	3	50)
e(386	2	3	80)
e(386	1	4	130)
e(386	2	4	40)
e(386	3	4	10)
e(386	1	5	10)
e(386	2	5	90)
e(386	3	5	130)
e(386	4	5	30)
e(387	1	2	150)
e(388	1	2	60)
e(389	1	2	70)
e(389	1	3	60)
e(389	2	3	40)
e(390	1	2	70)
e(390	1	3	70)
e(390	2	3	70)
e(390	1	4	10)
e(390	2	4	120)
e(390	3	4	120)
e(392	1	3	50)
e(392	2	3	130)
e(392	1	4	140)
e(392	2	4	140)
e(392	3	4	60)
e(392	1	5	110)
e(392	2	5	40)
e(392	3	5	90)
e(392	4	5	80)
e(393	1	2	20)
e(393	1	3	80)
e(393	2	3	100)
e(393	1	4	40)
e(393	2	4	20)
e(393	3	4	70)
e(394	1	2	150)
e(394	1	3	140)
e(394	2	3	50)
e(395	1	2	140)
e(396	1	2	160)
e(396	1	3	20)
e(396	2	3	140)
e(396	1	4	110)
e(396	2	4	50)
e(396	3	4	20)
e(396	1	5	80)
e(396	2	5	10)
e(396	3	5	150)
e(396	4	5	20)
e(397	1	2	20)
e(398	1	2	40)
e(398	1	3	10)
e(398	2	3	80)
e(398	1	4	90)
e(398	2	4	40)
e(398	3	4	120)
e(399	1	2	80)
e(399	1	3	10)
e(399	2	3	130)
e(400	1	2	20)
e(400	1	3	110)
e(400	2	3	30)
e(401	1	2	60)
e(401	1	3	80)
e(401	2	3	120)
e(401	1	4	120)
e(401	2	4	140)
e(401	3	4	40)
e(402	1	2	30)
e(402	1	3	20)
e(402	2	3	160)
e(402	1	4	20)
e(402	2	4	90)
e(402	3	4	20)
e(403	1	2	60)
e(403	1	3	80)
e(403	2	3	110)
e(403	1	4	30)
e(403	2	4	100)
e(403	3	4	60)
e(405	1	2	140)
e(405	1	3	100)
e(405	2	3	80)
e(405	1	4	100)
e(405	2	4	130)
e(405	3	4	70)
e(408	1	2	70)
e(408	1	3	150)
e(408	2	3	160)
e(409	1	2	20)
e(409	2	3	50)
e(409	1	4	50)
e(409	2	4	80)
e(410	1	2	30)
e(410	1	3	80)
e(410	2	3	30)
e(410	1	4	10)
e(410	2	4	130)
e(410	3	4	140)
e(411	1	2	110)
e(412	1	3	20)
e(412	2	3	120)
e(412	1	4	10)
e(412	2	4	70)
e(412	3	4	50)
e(412	1	5	20)
e(412	3	5	60)
e(412	4	5	10)
e(413	1	2	40)
e(413	1	3	130)
e(413	2	3	100)
e(413	1	4	80)
e(413	2	4	160)
e(413	3	4	110)
e(413	1	5	80)
e(413	2	5	10)
e(413	4	5	110)
e(415	1	2	140)
e(415	1	3	10)
e(415	2	3	100)
e(415	1	4	140)
e(415	2	4	160)
e(415	3	4	10)
e(415	1	5	10)
e(415	3	5	100)
e(415	4	5	110)
e(416	1	2	120)
e(417	1	2	110)
e(417	1	3	70)
e(417	2	4	20)
e(417	3	4	10)
e(419	1	2	120)
e(420	1	2	80)
e(420	1	3	140)
e(420	2	3	90)
e(423	1	2	40)
e(423	1	3	100)
e(423	2	3	120)
e(424	1	2	140)
e(424	1	3	120)
e(424	2	3	30)
e(424	1	4	20)
e(424	2	4	50)
e(425	1	2	60)
e(425	1	3	100)
e(425	2	3	160)
e(425	1	4	90)
e(425	2	4	90)
e(425	3	4	60)
e(425	1	5	130)
e(426	1	2	30)
e(426	1	3	150)
e(426	2	3	80)
e(427	1	2	120)
e(427	1	3	90)
e(427	2	3	150)
e(428	1	2	60)
e(428	1	3	60)
e(428	2	3	60)
e(428	1	4	40)
e(428	2	4	60)
e(428	3	4	100)
e(429	1	2	90)
e(429	1	3	20)
e(429	2	3	80)
e(429	1	4	110)
e(429	2	4	140)
e(429	3	4	90)
e(430	1	2	110)
e(430	1	3	140)
e(430	2	3	10)
e(430	1	4	70)
e(430	2	4	90)
e(430	3	4	70)
e(430	1	5	130)
e(430	2	5	60)
e(430	3	5	70)
e(430	4	5	70)
e(432	1	2	120)
e(432	1	3	70)
e(432	2	3	120)
e(432	1	4	90)
e(432	2	4	60)
e(432	3	4	60)
e(433	1	2	160)
e(434	1	2	30)
e(434	1	3	60)
e(434	2	3	80)
e(435	1	2	160)
e(435	1	3	70)
e(435	2	3	60)
e(435	2	4	70)
e(435	3	4	20)
e(435	1	5	90)
e(435	2	5	60)
e(435	3	5	100)
e(435	4	5	130)
e(436	1	2	60)
e(438	1	2	130)
e(440	1	2	160)
e(440	1	3	160)
e(440	2	3	140)
e(440	1	4	20)
e(440	2	4	150)
e(440	3	4	10)
e(441	1	2	60)
e(442	1	2	100)
e(442	1	3	100)
e(442	2	3	10)
e(443	1	2	140)
e(444	1	2	10)
e(446	1	2	60)
e(446	1	3	130)
e(446	2	3	150)
e(447	1	2	40)
e(447	1	3	90)
e(447	2	3	80)
e(447	1	4	40)
e(447	2	4	60)
e(447	3	4	60)
e(447	1	5	30)
e(447	2	5	30)
e(447	3	5	90)
e(451	1	2	130)
e(451	1	3	70)
e(451	2	3	70)
e(451	1	4	30)
e(451	2	4	30)
e(451	3	4	120)
e(452	1	2	10)
e(454	1	2	110)
e(454	1	3	20)
e(454	2	3	130)
e(455	1	2	30)
e(455	1	3	20)
e(455	2	3	20)
e(455	1	4	160)
e(455	3	4	120)
e(456	1	2	30)
e(456	1	3	140)
e(457	1	2	50)
e(459	1	2	90)
e(460	1	2	140)
e(460	1	3	130)
e(460	2	3	80)
e(461	1	2	160)
e(463	1	2	10)
e(463	1	3	160)
e(463	2	3	150)
e(463	1	4	150)
e(463	2	4	40)
e(463	3	4	50)
e(463	1	5	160)
e(463	2	5	150)
e(463	3	5	20)
e(463	4	5	50)
e(464	1	2	70)
e(464	1	3	100)
e(464	2	3	90)
e(467	1	2	160)
e(467	1	3	160)
e(467	2	3	60)
e(469	1	2	110)
e(469	1	3	20)
e(469	2	3	40)
e(469	2	4	50)
e(469	3	4	100)
e(469	1	5	100)
e(469	2	5	110)
e(469	3	5	130)
e(469	4	5	50)
e(470	1	2	50)
e(470	1	3	70)
e(470	2	3	150)
e(472	1	2	80)
e(473	1	2	40)
e(473	1	3	60)
e(473	2	3	90)
e(473	1	4	160)
e(473	2	4	140)
e(473	3	4	120)
e(474	1	2	130)
e(474	1	3	70)
e(474	2	3	50)
e(474	1	4	110)
e(474	2	4	130)
e(474	3	4	50)
e(475	1	2	70)
e(475	1	3	120)
e(475	2	3	160)
e(475	1	4	50)
e(475	3	4	140)
e(477	1	2	50)
e(477	1	3	40)
e(477	2	3	60)
e(477	1	4	100)
e(477	2	4	140)
e(477	1	5	30)
e(477	2	5	100)
e(477	3	5	30)
e(477	4	5	90)
e(478	1	2	40)
e(478	1	3	140)
e(478	2	3	40)
e(478	1	4	90)
e(478	2	4	110)
e(478	3	4	160)
e(478	1	5	130)
e(478	2	5	120)
e(478	3	5	60)
e(478	4	5	100)
e(479	1	3	40)
e(479	2	3	140)
e(480	1	2	10)
e(480	1	3	20)
e(480	2	3	10)
e(480	1	4	160)
e(480	2	4	60)
e(480	3	4	10)
e(481	1	2	20)
e(481	1	3	40)
e(481	2	3	150)
e(482	1	2	110)
e(482	1	3	50)
e(482	2	3	40)
e(482	1	4	10)
e(482	2	4	90)
e(483	1	2	140)
e(483	1	3	90)
e(483	2	3	40)
e(483	1	4	30)
e(483	2	4	40)
e(483	3	4	10)
e(484	1	2	160)
e(485	1	2	130)
e(485	1	3	30)
e(485	2	3	50)
e(485	1	4	80)
e(485	2	4	140)
e(485	3	4	130)
e(486	1	2	90)
e(486	1	3	50)
e(486	2	3	90)
e(486	1	4	70)
e(486	2	4	160)
e(486	3	4	110)
e(487	1	2	90)
e(487	1	3	60)
e(487	2	3	100)
e(488	1	2	150)
e(488	1	3	160)
e(488	2	3	70)
e(488	1	4	160)
e(488	2	4	150)
e(488	3	4	40)
e(488	1	5	50)
e(488	2	5	140)
e(488	3	5	30)
e(488	4	5	90)
e(489	1	2	50)
e(489	1	3	120)
e(489	2	3	130)
e(489	1	4	50)
e(489	2	4	120)
e(489	3	4	60)
e(490	1	2	120)
e(490	1	3	50)
e(490	2	3	20)
e(490	1	4	50)
e(490	2	4	60)
e(490	3	4	10)
e(491	1	2	130)
e(491	1	3	50)
e(491	2	3	90)
e(493	1	2	70)
e(494	1	2	40)
e(494	1	3	90)
e(494	2	3	90)
e(494	1	4	50)
e(494	2	4	90)
e(494	3	4	10)
e(494	1	5	160)
e(494	2	5	40)
e(494	3	5	70)
e(494	4	5	60)
e(497	1	2	50)
e(497	2	3	80)
e(498	1	2	130)
e(500	1	2	30)
e(500	1	3	10)
e(500	2	3	50)
e(501	1	2	60)
e(501	1	3	50)
e(501	2	3	30)
e(501	1	4	30)
e(501	2	4	160)
e(501	3	4	40)
e(502	1	2	150)
e(503	1	2	150)
e(503	1	3	90)
e(503	2	3	130)
e(503	1	4	150)
e(503	2	4	160)
e(503	3	4	160)
e(503	1	5	60)
e(503	2	5	10)
e(503	3	5	110)
e(503	4	5	40)
e(504	1	2	120)
e(504	1	3	160)
e(504	2	3	50)
e(504	1	4	70)
e(504	2	4	20)
e(504	3	4	150)
e(505	1	2	130)
e(506	1	2	150)
e(507	1	2	20)
e(507	1	3	10)
e(507	2	3	20)
e(507	1	4	140)
e(507	2	4	20)
e(507	3	4	140)
e(507	1	5	30)
e(507	2	5	20)
e(507	3	5	40)
e(507	4	5	40)
e(508	1	2	100)
e(508	1	3	70)
e(509	1	3	60)
e(509	2	3	10)
e(509	1	4	150)
e(509	2	4	140)
e(509	3	4	120)
e(509	1	5	130)
e(509	2	5	90)
e(509	3	5	20)
e(509	4	5	20)
e(510	1	2	90)
e(510	1	3	150)
e(510	2	3	140)
e(511	1	2	20)
e(513	1	2	130)
e(514	1	2	50)
e(514	1	3	40)
e(514	2	3	10)
e(514	1	4	70)
e(514	2	4	40)
e(514	3	4	40)
e(515	1	2	150)
e(515	1	3	50)
e(515	2	3	140)
e(515	1	4	160)
e(515	2	4	80)
e(515	3	4	50)
e(515	1	5	120)
e(515	2	5	120)
e(515	3	5	30)
e(516	1	2	130)
e(516	1	3	40)
e(516	1	4	100)
e(516	3	4	50)
e(516	1	5	10)
e(516	2	5	140)
e(516	3	5	160)
e(516	4	5	70)
e(517	1	2	140)
e(518	1	2	90)
e(518	1	3	60)
e(518	2	3	80)
e(518	1	4	140)
e(518	2	4	100)
e(518	3	4	120)
e(518	1	5	130)
e(518	2	5	10)
e(518	3	5	100)
e(518	4	5	90)
e(519	1	3	60)
e(519	2	3	70)
e(520	1	2	110)
e(522	1	2	150)
e(522	1	3	130)
e(522	2	3	140)
e(523	1	2	10)
e(523	1	3	110)
e(523	2	3	110)
e(527	1	2	110)
e(528	1	2	90)
e(528	1	3	150)
e(528	2	3	50)
e(528	1	4	10)
e(528	2	4	70)
e(528	3	4	140)
e(528	1	5	90)
e(528	2	5	60)
e(528	4	5	90)
e(529	1	2	60)
e(529	1	3	110)
e(529	2	3	160)
e(530	1	2	90)
e(531	1	2	20)
e(531	1	3	10)
e(531	2	3	130)
e(532	1	2	40)
e(532	1	3	160)
e(532	2	3	150)
e(533	1	3	60)
e(533	2	3	10)
e(534	1	2	140)
e(534	1	3	60)
e(534	2	3	130)
e(534	1	4	120)
e(534	3	4	100)
e(534	1	5	30)
e(534	2	5	110)
e(534	3	5	110)
e(534	4	5	140)
e(535	1	2	10)
e(535	1	3	70)
e(535	2	3	150)
e(535	1	4	70)
e(535	2	4	10)
e(535	3	4	40)
e(538	1	2	150)
e(538	1	3	60)
e(538	2	3	160)
e(538	1	4	160)
e(538	2	4	40)
e(538	3	4	70)
e(539	1	2	140)
e(539	1	3	10)
e(539	2	3	110)
e(539	1	4	40)
e(539	2	4	160)
e(539	3	4	30)
e(539	1	5	110)
e(539	2	5	160)
e(539	3	5	140)
e(539	4	5	100)
e(543	1	2	110)
e(543	1	3	60)
e(543	2	3	100)
e(547	1	3	80)
e(547	1	4	30)
e(547	2	4	20)
e(547	3	4	150)
e(547	1	5	70)
e(547	2	5	10)
e(547	3	5	90)
e(547	4	5	40)
e(549	1	2	110)
e(549	1	3	60)
e(549	2	3	10)
e(549	2	4	20)
e(549	3	4	40)
e(549	1	5	150)
e(549	2	5	70)
e(549	3	5	120)
e(549	4	5	140)
e(550	1	2	70)
e(550	1	3	80)
e(550	2	3	70)
e(552	1	2	80)
e(552	1	3	140)
e(552	2	3	100)
e(552	1	4	130)
e(552	2	4	50)
e(552	3	4	140)
e(554	1	2	130)
e(554	1	3	20)
e(554	2	3	150)
e(555	1	2	90)
e(555	1	3	110)
e(555	2	3	160)
e(556	1	2	80)
e(557	1	2	20)
e(557	1	3	60)
e(557	2	3	90)
e(557	1	4	90)
e(557	2	4	160)
e(557	3	4	100)
e(558	1	2	50)
e(558	1	3	120)
e(558	2	3	110)
e(559	1	2	50)
e(560	1	2	50)
e(561	1	2	100)
e(561	1	3	10)
e(561	2	3	160)
e(561	1	4	60)
e(561	2	4	30)
e(561	3	4	100)
e(563	1	2	140)
e(563	1	3	40)
e(563	2	3	60)
e(563	1	4	140)
e(563	2	4	10)
e(563	3	4	150)
e(564	1	2	60)
e(564	1	3	130)
e(564	2	3	120)
e(564	1	4	40)
e(564	2	4	140)
e(564	3	4	40)
e(566	1	2	130)
e(566	1	3	80)
e(566	2	3	40)
e(566	1	4	100)
e(566	2	4	110)
e(566	3	4	110)
e(567	1	2	80)
e(567	1	3	100)
e(567	2	3	10)
e(567	1	4	30)
e(567	2	4	140)
e(567	3	4	40)
e(567	1	5	60)
e(567	2	5	20)
e(567	3	5	80)
e(569	1	2	10)
e(569	1	3	80)
e(569	2	3	10)
e(570	1	2	130)
e(570	1	3	100)
e(570	2	3	10)
e(570	1	4	120)
e(570	2	4	110)
e(570	3	4	120)
e(572	1	2	90)
e(572	1	3	110)
e(572	2	3	140)
e(572	1	4	90)
e(572	2	4	50)
e(572	3	4	130)
e(575	1	2	90)
e(575	1	3	50)
e(575	2	3	70)
e(575	1	4	20)
e(575	2	4	30)
e(575	3	4	160)
e(576	1	2	60)
e(576	1	3	150)
e(576	2	3	150)
e(577	1	2	100)
e(577	1	3	100)
e(578	1	2	110)
e(579	1	2	160)
e(579	1	3	60)
e(579	2	3	70)
e(579	1	4	150)
e(579	2	4	140)
e(579	3	4	80)
e(580	1	2	100)
e(580	1	3	140)
e(580	2	3	20)
e(581	1	2	160)
e(581	1	3	10)
e(581	2	3	160)
e(582	1	2	130)
e(582	1	3	30)
e(582	2	3	10)
e(582	1	4	90)
e(582	2	4	80)
e(582	3	4	40)
e(584	1	2	90)
e(585	1	2	70)
e(585	1	3	160)
e(585	2	3	160)
e(586	1	2	90)
e(587	1	3	40)
e(587	2	3	10)
e(587	1	4	80)
e(587	3	4	110)
e(588	1	2	20)
e(588	1	3	100)
e(588	2	3	150)
e(590	1	2	20)
e(591	1	2	160)
e(591	1	3	10)
e(591	2	3	90)
e(591	1	4	140)
e(591	3	4	40)
e(591	1	5	70)
e(591	2	5	40)
e(591	3	5	130)
e(591	4	5	50)
e(592	1	2	70)
e(592	1	3	100)
e(592	2	3	160)
e(592	2	4	150)
e(592	3	4	30)
e(593	1	2	90)
e(593	1	3	140)
e(593	2	3	110)
e(593	1	4	130)
e(593	2	4	50)
e(593	3	4	140)
e(593	1	5	50)
e(593	2	5	120)
e(593	3	5	80)
e(593	4	5	60)
e(594	1	2	70)
e(594	1	3	20)
e(594	2	3	60)
e(595	1	2	40)
e(595	1	3	50)
e(595	2	3	30)
e(595	1	4	20)
e(595	2	4	150)
e(595	3	4	40)
e(596	1	2	20)
e(597	1	2	10)
e(597	1	3	90)
e(597	2	3	60)
e(597	1	4	30)
e(597	3	4	50)
e(597	1	5	120)
e(597	2	5	80)
e(597	3	5	70)
e(597	4	5	30)
e(598	1	2	120)
e(598	1	3	110)
e(598	2	3	70)
e(598	1	4	130)
e(598	2	4	70)
e(598	3	4	10)
e(599	1	2	20)
e(599	1	3	60)
e(599	2	3	50)
e(599	1	4	100)
e(599	3	4	150)
e(600	1	2	80)
e(600	2	3	90)
e(600	1	4	50)
e(600	2	4	160)
e(600	3	4	70)
e(600	1	5	120)
e(600	2	5	150)
e(600	3	5	70)
e(600	4	5	100)
