600

d(1	6	8	3	200000.0)
d(2	18	20	1	200000.0)
d(3	15	23	2	200000.0)
d(4	9	12	5	200000.0)
d(5	15	24	3	200000.0)
d(6	5	13	5	200000.0)
d(7	16	18	2	200000.0)
d(8	20	22	5	200000.0)
d(9	17	24	1	200000.0)
d(10	9	11	3	200000.0)
d(11	19	23	3	200000.0)
d(12	2	10	1	200000.0)
d(13	8	16	5	200000.0)
d(14	4	15	1	200000.0)
d(15	23	23	1	200000.0)
d(16	9	24	4	200000.0)
d(17	3	13	2	200000.0)
d(18	23	23	5	200000.0)
d(19	10	19	5	200000.0)
d(20	7	15	2	200000.0)
d(21	18	21	1	200000.0)
d(22	24	24	1	200000.0)
d(23	1	9	5	200000.0)
d(24	13	18	2	200000.0)
d(25	8	24	1	200000.0)
d(26	23	24	4	200000.0)
d(27	3	15	4	200000.0)
d(28	24	24	4	200000.0)
d(29	12	17	4	200000.0)
d(30	9	21	2	200000.0)
d(31	11	16	4	200000.0)
d(32	16	23	5	200000.0)
d(33	13	24	3	200000.0)
d(34	21	23	1	200000.0)
d(35	22	22	5	200000.0)
d(36	20	21	2	200000.0)
d(37	6	15	5	200000.0)
d(38	18	18	2	200000.0)
d(39	7	20	1	200000.0)
d(40	8	24	1	200000.0)
d(41	9	23	3	200000.0)
d(42	21	22	3	200000.0)
d(43	15	19	3	200000.0)
d(44	15	17	3	200000.0)
d(45	20	23	2	200000.0)
d(46	2	12	2	200000.0)
d(47	2	22	4	200000.0)
d(48	7	19	1	200000.0)
d(49	19	24	4	200000.0)
d(50	12	20	4	200000.0)
d(51	3	16	4	200000.0)
d(52	3	16	2	200000.0)
d(53	8	23	4	200000.0)
d(54	3	3	2	200000.0)
d(55	7	21	5	200000.0)
d(56	1	12	2	200000.0)
d(57	5	18	1	200000.0)
d(58	18	22	2	200000.0)
d(59	1	19	1	200000.0)
d(60	4	14	4	200000.0)
d(61	7	20	1	200000.0)
d(62	2	23	2	200000.0)
d(63	13	14	1	200000.0)
d(64	8	11	4	200000.0)
d(65	23	23	5	200000.0)
d(66	9	24	4	200000.0)
d(67	18	24	3	200000.0)
d(68	21	21	4	200000.0)
d(69	11	12	1	200000.0)
d(70	7	20	1	200000.0)
d(71	1	17	5	200000.0)
d(72	8	24	1	200000.0)
d(73	12	18	1	200000.0)
d(74	12	22	4	200000.0)
d(75	5	7	5	200000.0)
d(76	20	22	5	200000.0)
d(77	21	24	3	200000.0)
d(78	1	10	5	200000.0)
d(79	16	20	2	200000.0)
d(80	5	7	5	200000.0)
d(81	2	10	4	200000.0)
d(82	11	14	3	200000.0)
d(83	7	21	4	200000.0)
d(84	9	10	3	200000.0)
d(85	21	24	5	200000.0)
d(86	6	22	3	200000.0)
d(87	17	23	2	200000.0)
d(88	20	23	2	200000.0)
d(89	19	21	2	200000.0)
d(90	14	17	2	200000.0)
d(91	15	22	4	200000.0)
d(92	21	22	1	200000.0)
d(93	19	22	4	200000.0)
d(94	13	13	3	200000.0)
d(95	9	18	1	200000.0)
d(96	14	23	2	200000.0)
d(97	12	17	2	200000.0)
d(98	12	12	4	200000.0)
d(99	14	24	2	200000.0)
d(100	21	23	5	200000.0)
d(101	9	22	5	200000.0)
d(102	5	12	2	200000.0)
d(103	1	13	4	200000.0)
d(104	19	23	4	200000.0)
d(105	18	22	2	200000.0)
d(106	22	23	4	200000.0)
d(107	4	18	1	200000.0)
d(108	24	24	5	200000.0)
d(109	17	21	5	200000.0)
d(110	3	18	5	200000.0)
d(111	24	24	1	200000.0)
d(112	2	24	4	200000.0)
d(113	17	24	1	200000.0)
d(114	13	14	2	200000.0)
d(115	18	22	4	200000.0)
d(116	19	24	1	200000.0)
d(117	22	24	5	200000.0)
d(118	18	18	3	200000.0)
d(119	7	7	2	200000.0)
d(120	11	20	2	200000.0)
d(121	8	9	2	200000.0)
d(122	22	24	4	200000.0)
d(123	24	24	4	200000.0)
d(124	11	19	3	200000.0)
d(125	6	24	1	200000.0)
d(126	12	22	2	200000.0)
d(127	7	23	2	200000.0)
d(128	23	24	2	200000.0)
d(129	13	15	5	200000.0)
d(130	15	20	5	200000.0)
d(131	2	22	1	200000.0)
d(132	10	10	3	200000.0)
d(133	5	18	2	200000.0)
d(134	8	18	1	200000.0)
d(135	11	21	4	200000.0)
d(136	22	24	1	200000.0)
d(137	19	23	1	200000.0)
d(138	15	18	5	200000.0)
d(139	10	16	2	200000.0)
d(140	1	13	3	200000.0)
d(141	6	9	4	200000.0)
d(142	3	20	5	200000.0)
d(143	21	24	3	200000.0)
d(144	24	24	1	200000.0)
d(145	11	21	1	200000.0)
d(146	5	12	3	200000.0)
d(147	23	24	4	200000.0)
d(148	5	18	5	200000.0)
d(149	12	14	1	200000.0)
d(150	12	22	4	200000.0)
d(151	4	4	1	200000.0)
d(152	20	23	3	200000.0)
d(153	4	10	1	200000.0)
d(154	15	16	5	200000.0)
d(155	6	10	5	200000.0)
d(156	12	22	3	200000.0)
d(157	5	23	4	200000.0)
d(158	22	22	2	200000.0)
d(159	12	22	4	200000.0)
d(160	1	2	4	200000.0)
d(161	13	14	3	200000.0)
d(162	5	7	2	200000.0)
d(163	6	18	3	200000.0)
d(164	7	17	2	200000.0)
d(165	10	11	5	200000.0)
d(166	5	10	4	200000.0)
d(167	16	17	4	200000.0)
d(168	23	24	3	200000.0)
d(169	12	21	1	200000.0)
d(170	21	23	3	200000.0)
d(171	10	20	2	200000.0)
d(172	23	23	1	200000.0)
d(173	8	12	1	200000.0)
d(174	7	11	3	200000.0)
d(175	24	24	3	200000.0)
d(176	15	23	4	200000.0)
d(177	18	18	5	200000.0)
d(178	21	24	3	200000.0)
d(179	1	4	1	200000.0)
d(180	21	23	5	200000.0)
d(181	22	23	5	200000.0)
d(182	15	19	5	200000.0)
d(183	14	23	3	200000.0)
d(184	19	20	1	200000.0)
d(185	8	12	4	200000.0)
d(186	5	23	4	200000.0)
d(187	17	21	1	200000.0)
d(188	11	11	4	200000.0)
d(189	23	23	2	200000.0)
d(190	3	8	4	200000.0)
d(191	9	14	4	200000.0)
d(192	22	24	1	200000.0)
d(193	5	22	2	200000.0)
d(194	6	15	4	200000.0)
d(195	8	10	3	200000.0)
d(196	24	24	1	200000.0)
d(197	15	15	5	200000.0)
d(198	10	16	5	200000.0)
d(199	15	22	1	200000.0)
d(200	4	13	3	200000.0)
d(201	22	23	5	200000.0)
d(202	5	11	5	200000.0)
d(203	4	23	4	200000.0)
d(204	7	13	3	200000.0)
d(205	4	24	4	200000.0)
d(206	14	16	5	200000.0)
d(207	7	10	2	200000.0)
d(208	22	23	5	200000.0)
d(209	13	13	2	200000.0)
d(210	5	15	3	200000.0)
d(211	7	13	2	200000.0)
d(212	8	15	5	200000.0)
d(213	24	24	1	200000.0)
d(214	17	19	3	200000.0)
d(215	2	14	2	200000.0)
d(216	9	14	5	200000.0)
d(217	11	17	1	200000.0)
d(218	19	20	1	200000.0)
d(219	13	13	1	200000.0)
d(220	9	18	2	200000.0)
d(221	11	11	2	200000.0)
d(222	3	16	2	200000.0)
d(223	6	10	4	200000.0)
d(224	4	14	5	200000.0)
d(225	21	23	3	200000.0)
d(226	9	16	2	200000.0)
d(227	5	14	1	200000.0)
d(228	10	18	1	200000.0)
d(229	10	13	4	200000.0)
d(230	16	24	3	200000.0)
d(231	12	13	3	200000.0)
d(232	22	24	4	200000.0)
d(233	19	23	5	200000.0)
d(234	16	24	1	200000.0)
d(235	22	22	1	200000.0)
d(236	4	6	5	200000.0)
d(237	11	16	2	200000.0)
d(238	4	18	4	200000.0)
d(239	1	2	5	200000.0)
d(240	5	17	3	200000.0)
d(241	12	24	2	200000.0)
d(242	8	17	1	200000.0)
d(243	23	23	1	200000.0)
d(244	24	24	2	200000.0)
d(245	6	24	2	200000.0)
d(246	14	22	3	200000.0)
d(247	12	24	3	200000.0)
d(248	9	17	2	200000.0)
d(249	1	15	4	200000.0)
d(250	18	21	5	200000.0)
d(251	24	24	4	200000.0)
d(252	2	7	3	200000.0)
d(253	12	21	2	200000.0)
d(254	8	16	2	200000.0)
d(255	20	22	1	200000.0)
d(256	10	18	5	200000.0)
d(257	20	23	1	200000.0)
d(258	8	14	2	200000.0)
d(259	21	22	3	200000.0)
d(260	18	18	3	200000.0)
d(261	24	24	2	200000.0)
d(262	19	22	5	200000.0)
d(263	13	22	5	200000.0)
d(264	20	22	2	200000.0)
d(265	3	11	5	200000.0)
d(266	11	24	1	200000.0)
d(267	10	17	1	200000.0)
d(268	9	15	2	200000.0)
d(269	1	20	4	200000.0)
d(270	9	23	2	200000.0)
d(271	9	24	3	200000.0)
d(272	21	23	5	200000.0)
d(273	16	22	5	200000.0)
d(274	6	12	1	200000.0)
d(275	7	7	1	200000.0)
d(276	7	23	3	200000.0)
d(277	4	21	3	200000.0)
d(278	3	16	3	200000.0)
d(279	18	24	5	200000.0)
d(280	18	23	4	200000.0)
d(281	18	22	1	200000.0)
d(282	23	23	1	200000.0)
d(283	18	23	4	200000.0)
d(284	14	24	5	200000.0)
d(285	14	20	4	200000.0)
d(286	9	18	1	200000.0)
d(287	4	14	3	200000.0)
d(288	16	21	5	200000.0)
d(289	1	9	2	200000.0)
d(290	6	24	4	200000.0)
d(291	11	16	2	200000.0)
d(292	5	5	4	200000.0)
d(293	16	23	4	200000.0)
d(294	17	19	5	200000.0)
d(295	16	23	3	200000.0)
d(296	2	15	2	200000.0)
d(297	15	21	3	200000.0)
d(298	16	18	2	200000.0)
d(299	18	21	4	200000.0)
d(300	14	19	3	200000.0)
d(301	22	22	2	200000.0)
d(302	19	23	5	200000.0)
d(303	7	12	2	200000.0)
d(304	16	21	1	200000.0)
d(305	10	12	3	200000.0)
d(306	22	23	1	200000.0)
d(307	8	24	5	200000.0)
d(308	2	4	2	200000.0)
d(309	18	19	4	200000.0)
d(310	2	7	4	200000.0)
d(311	5	20	5	200000.0)
d(312	11	14	1	200000.0)
d(313	1	5	1	200000.0)
d(314	24	24	2	200000.0)
d(315	4	13	5	200000.0)
d(316	16	19	2	200000.0)
d(317	23	24	1	200000.0)
d(318	17	19	2	200000.0)
d(319	7	15	3	200000.0)
d(320	6	20	1	200000.0)
d(321	6	23	1	200000.0)
d(322	12	20	2	200000.0)
d(323	19	20	4	200000.0)
d(324	21	23	3	200000.0)
d(325	10	22	4	200000.0)
d(326	24	24	1	200000.0)
d(327	17	17	2	200000.0)
d(328	7	16	3	200000.0)
d(329	19	21	4	200000.0)
d(330	13	17	4	200000.0)
d(331	11	18	3	200000.0)
d(332	11	16	1	200000.0)
d(333	9	23	4	200000.0)
d(334	9	14	1	200000.0)
d(335	8	17	4	200000.0)
d(336	6	19	1	200000.0)
d(337	1	9	4	200000.0)
d(338	13	19	5	200000.0)
d(339	22	24	5	200000.0)
d(340	2	8	5	200000.0)
d(341	1	19	4	200000.0)
d(342	17	23	3	200000.0)
d(343	4	8	1	200000.0)
d(344	20	24	3	200000.0)
d(345	5	10	2	200000.0)
d(346	4	9	4	200000.0)
d(347	18	23	4	200000.0)
d(348	10	22	4	200000.0)
d(349	24	24	2	200000.0)
d(350	9	15	4	200000.0)
d(351	3	20	2	200000.0)
d(352	13	19	2	200000.0)
d(353	16	18	2	200000.0)
d(354	19	24	3	200000.0)
d(355	2	12	4	200000.0)
d(356	1	21	4	200000.0)
d(357	11	16	2	200000.0)
d(358	22	24	3	200000.0)
d(359	22	24	4	200000.0)
d(360	15	20	5	200000.0)
d(361	16	22	1	200000.0)
d(362	12	16	4	200000.0)
d(363	13	24	5	200000.0)
d(364	5	9	3	200000.0)
d(365	18	19	3	200000.0)
d(366	21	22	5	200000.0)
d(367	20	21	3	200000.0)
d(368	17	20	1	200000.0)
d(369	23	23	2	200000.0)
d(370	2	23	3	200000.0)
d(371	17	23	5	200000.0)
d(372	4	20	2	200000.0)
d(373	23	23	1	200000.0)
d(374	21	24	1	200000.0)
d(375	7	10	2	200000.0)
d(376	23	24	5	200000.0)
d(377	5	20	3	200000.0)
d(378	23	23	3	200000.0)
d(379	17	20	3	200000.0)
d(380	19	19	5	200000.0)
d(381	4	23	3	200000.0)
d(382	1	19	3	200000.0)
d(383	19	19	1	200000.0)
d(384	8	22	3	200000.0)
d(385	24	24	4	200000.0)
d(386	11	18	4	200000.0)
d(387	6	21	1	200000.0)
d(388	22	23	4	200000.0)
d(389	13	16	5	200000.0)
d(390	20	22	1	200000.0)
d(391	18	19	5	200000.0)
d(392	3	21	2	200000.0)
d(393	11	20	4	200000.0)
d(394	21	23	4	200000.0)
d(395	16	19	3	200000.0)
d(396	5	13	3	200000.0)
d(397	17	24	1	200000.0)
d(398	7	8	5	200000.0)
d(399	7	11	2	200000.0)
d(400	22	24	5	200000.0)
d(401	16	22	2	200000.0)
d(402	12	19	1	200000.0)
d(403	6	20	2	200000.0)
d(404	20	23	1	200000.0)
d(405	6	11	2	200000.0)
d(406	3	4	4	200000.0)
d(407	11	22	2	200000.0)
d(408	13	23	3	200000.0)
d(409	13	22	3	200000.0)
d(410	21	24	4	200000.0)
d(411	14	18	2	200000.0)
d(412	1	17	3	200000.0)
d(413	17	18	3	200000.0)
d(414	18	19	1	200000.0)
d(415	13	24	3	200000.0)
d(416	9	22	4	200000.0)
d(417	3	14	4	200000.0)
d(418	22	22	2	200000.0)
d(419	1	22	2	200000.0)
d(420	12	23	5	200000.0)
d(421	2	17	4	200000.0)
d(422	4	15	4	200000.0)
d(423	5	8	1	200000.0)
d(424	15	22	2	200000.0)
d(425	23	24	4	200000.0)
d(426	15	15	5	200000.0)
d(427	19	19	4	200000.0)
d(428	24	24	1	200000.0)
d(429	17	17	5	200000.0)
d(430	8	22	4	200000.0)
d(431	19	23	3	200000.0)
d(432	10	19	2	200000.0)
d(433	19	23	2	200000.0)
d(434	15	21	4	200000.0)
d(435	17	22	4	200000.0)
d(436	14	23	5	200000.0)
d(437	9	10	2	200000.0)
d(438	14	19	4	200000.0)
d(439	13	24	4	200000.0)
d(440	22	22	4	200000.0)
d(441	18	24	4	200000.0)
d(442	16	20	4	200000.0)
d(443	8	15	5	200000.0)
d(444	12	18	4	200000.0)
d(445	3	9	1	200000.0)
d(446	11	23	1	200000.0)
d(447	7	24	5	200000.0)
d(448	9	24	5	200000.0)
d(449	24	24	2	200000.0)
d(450	15	15	3	200000.0)
d(451	12	23	2	200000.0)
d(452	20	23	5	200000.0)
d(453	15	20	2	200000.0)
d(454	10	11	3	200000.0)
d(455	17	21	2	200000.0)
d(456	16	21	4	200000.0)
d(457	23	23	4	200000.0)
d(458	16	21	3	200000.0)
d(459	3	17	5	200000.0)
d(460	24	24	2	200000.0)
d(461	4	7	2	200000.0)
d(462	15	22	2	200000.0)
d(463	15	21	1	200000.0)
d(464	4	21	1	200000.0)
d(465	10	12	2	200000.0)
d(466	24	24	4	200000.0)
d(467	23	23	1	200000.0)
d(468	22	22	1	200000.0)
d(469	6	19	4	200000.0)
d(470	13	16	3	200000.0)
d(471	18	18	1	200000.0)
d(472	2	12	4	200000.0)
d(473	21	21	3	200000.0)
d(474	11	14	2	200000.0)
d(475	24	24	5	200000.0)
d(476	21	21	1	200000.0)
d(477	5	19	3	200000.0)
d(478	18	24	5	200000.0)
d(479	6	19	4	200000.0)
d(480	21	24	3	200000.0)
d(481	23	23	2	200000.0)
d(482	13	19	3	200000.0)
d(483	1	7	2	200000.0)
d(484	22	24	5	200000.0)
d(485	14	14	1	200000.0)
d(486	16	23	2	200000.0)
d(487	4	12	2	200000.0)
d(488	15	21	5	200000.0)
d(489	13	15	4	200000.0)
d(490	23	24	4	200000.0)
d(491	10	24	4	200000.0)
d(492	18	23	2	200000.0)
d(493	18	18	1	200000.0)
d(494	11	21	4	200000.0)
d(495	2	24	5	200000.0)
d(496	2	13	1	200000.0)
d(497	6	9	4	200000.0)
d(498	6	23	3	200000.0)
d(499	17	17	2	200000.0)
d(500	6	21	2	200000.0)
d(501	17	23	2	200000.0)
d(502	19	20	4	200000.0)
d(503	7	9	5	200000.0)
d(504	9	13	4	200000.0)
d(505	1	17	4	200000.0)
d(506	22	24	4	200000.0)
d(507	21	24	1	200000.0)
d(508	18	18	5	200000.0)
d(509	2	19	2	200000.0)
d(510	22	23	3	200000.0)
d(511	8	11	2	200000.0)
d(512	19	24	5	200000.0)
d(513	11	24	5	200000.0)
d(514	21	23	4	200000.0)
d(515	7	7	4	200000.0)
d(516	15	16	4	200000.0)
d(517	2	10	1	200000.0)
d(518	20	20	2	200000.0)
d(519	16	16	5	200000.0)
d(520	6	19	2	200000.0)
d(521	15	19	2	200000.0)
d(522	18	22	3	200000.0)
d(523	23	23	4	200000.0)
d(524	11	16	4	200000.0)
d(525	24	24	3	200000.0)
d(526	3	21	4	200000.0)
d(527	13	20	3	200000.0)
d(528	14	23	1	200000.0)
d(529	24	24	2	200000.0)
d(530	13	20	1	200000.0)
d(531	1	18	1	200000.0)
d(532	17	23	1	200000.0)
d(533	2	24	5	200000.0)
d(534	12	21	5	200000.0)
d(535	19	24	4	200000.0)
d(536	14	18	5	200000.0)
d(537	23	23	2	200000.0)
d(538	19	19	3	200000.0)
d(539	20	22	2	200000.0)
d(540	21	23	2	200000.0)
d(541	22	22	5	200000.0)
d(542	24	24	3	200000.0)
d(543	5	18	2	200000.0)
d(544	10	11	5	200000.0)
d(545	22	23	2	200000.0)
d(546	23	24	3	200000.0)
d(547	12	16	1	200000.0)
d(548	4	23	2	200000.0)
d(549	18	20	5	200000.0)
d(550	17	23	3	200000.0)
d(551	22	24	3	200000.0)
d(552	21	22	5	200000.0)
d(553	5	18	4	200000.0)
d(554	19	20	3	200000.0)
d(555	13	24	3	200000.0)
d(556	9	21	5	200000.0)
d(557	20	20	2	200000.0)
d(558	12	16	4	200000.0)
d(559	21	23	2	200000.0)
d(560	7	14	3	200000.0)
d(561	12	20	1	200000.0)
d(562	9	13	2	200000.0)
d(563	11	11	1	200000.0)
d(564	20	22	1	200000.0)
d(565	22	23	2	200000.0)
d(566	23	24	4	200000.0)
d(567	2	7	5	200000.0)
d(568	21	22	3	200000.0)
d(569	21	24	1	200000.0)
d(570	4	14	3	200000.0)
d(571	10	24	5	200000.0)
d(572	7	20	1	200000.0)
d(573	2	21	2	200000.0)
d(574	18	18	4	200000.0)
d(575	23	24	1	200000.0)
d(576	4	5	4	200000.0)
d(577	18	20	3	200000.0)
d(578	18	19	3	200000.0)
d(579	11	24	5	200000.0)
d(580	6	7	1	200000.0)
d(581	3	4	5	200000.0)
d(582	15	18	2	200000.0)
d(583	17	21	2	200000.0)
d(584	12	22	4	200000.0)
d(585	19	23	3	200000.0)
d(586	21	21	4	200000.0)
d(587	9	9	1	200000.0)
d(588	24	24	5	200000.0)
d(589	10	14	5	200000.0)
d(590	11	22	1	200000.0)
d(591	8	8	3	200000.0)
d(592	18	24	5	200000.0)
d(593	16	21	2	200000.0)
d(594	19	22	3	200000.0)
d(595	9	20	5	200000.0)
d(596	24	24	3	200000.0)
d(597	9	24	3	200000.0)
d(598	14	21	3	200000.0)
d(599	1	19	4	200000.0)
d(600	19	20	3	200000.0)
v(1	1	4	86	8	2)
v(1	2	18	134	36	2)
v(1	3	6	30	12	2)
v(2	1	31	121	62	0)
v(3	1	16	95	32	1)
v(3	2	9	10	18	1)
v(4	1	23	134	46	4)
v(4	2	29	56	58	4)
v(4	3	3	29	6	3)
v(4	4	20	155	40	4)
v(4	5	25	39	50	3)
v(5	1	19	88	38	2)
v(5	2	22	86	44	2)
v(5	3	28	86	56	2)
v(6	1	31	95	62	4)
v(6	2	11	100	22	4)
v(6	3	29	81	58	4)
v(6	4	25	60	50	4)
v(6	5	25	35	50	4)
v(7	1	14	28	28	1)
v(7	2	31	165	62	1)
v(8	1	27	49	54	3)
v(8	2	9	39	18	4)
v(8	3	29	144	58	4)
v(8	4	7	26	14	3)
v(8	5	24	54	48	4)
v(9	1	13	112	26	0)
v(10	1	4	101	8	2)
v(10	2	28	156	56	2)
v(10	3	21	155	42	2)
v(11	1	31	123	62	1)
v(11	2	11	31	22	2)
v(11	3	30	67	60	1)
v(12	1	26	57	52	0)
v(13	1	32	184	64	4)
v(13	2	7	48	14	4)
v(13	3	1	12	2	4)
v(13	4	1	81	2	4)
v(13	5	15	55	30	4)
v(14	1	14	33	28	0)
v(15	1	27	121	54	0)
v(16	1	30	104	60	3)
v(16	2	29	48	58	3)
v(16	3	17	20	34	3)
v(16	4	16	139	32	3)
v(17	1	29	176	58	1)
v(17	2	12	88	24	1)
v(18	1	1	125	2	2)
v(18	2	16	58	32	3)
v(18	3	11	79	22	4)
v(18	4	22	140	44	3)
v(18	5	4	97	8	4)
v(19	1	3	58	6	4)
v(19	2	20	128	40	4)
v(19	3	21	100	42	4)
v(19	4	19	81	38	4)
v(19	5	32	131	64	4)
v(20	1	24	158	48	1)
v(20	2	4	20	8	1)
v(21	1	7	145	14	0)
v(22	1	28	63	56	0)
v(23	1	32	34	64	4)
v(23	2	11	25	22	4)
v(23	3	3	100	6	4)
v(23	4	28	116	56	4)
v(23	5	12	19	24	4)
v(24	1	4	40	8	0)
v(24	2	29	132	58	0)
v(25	1	11	138	22	0)
v(26	1	32	143	64	3)
v(26	2	3	137	6	3)
v(26	3	22	148	44	3)
v(26	4	15	46	30	3)
v(27	1	2	115	4	3)
v(27	2	3	35	6	3)
v(27	3	19	33	38	3)
v(27	4	5	113	10	3)
v(28	1	6	113	12	3)
v(28	2	1	143	2	3)
v(28	3	18	49	36	3)
v(28	4	3	134	6	3)
v(29	1	5	157	10	3)
v(29	2	31	146	62	3)
v(29	3	15	67	30	3)
v(29	4	15	155	30	3)
v(30	1	31	70	62	1)
v(30	2	8	161	16	1)
v(31	1	15	127	30	3)
v(31	2	21	151	42	3)
v(31	3	14	83	28	3)
v(31	4	3	16	6	3)
v(32	1	22	103	44	4)
v(32	2	21	129	42	4)
v(32	3	9	169	18	4)
v(32	4	4	133	8	4)
v(32	5	6	130	12	4)
v(33	1	21	116	42	1)
v(33	2	6	160	12	2)
v(33	3	20	118	40	1)
v(34	1	31	136	62	0)
v(35	1	13	169	26	4)
v(35	2	7	122	14	3)
v(35	3	6	125	12	3)
v(35	4	7	98	14	2)
v(35	5	20	130	40	4)
v(36	1	25	91	50	1)
v(36	2	20	151	40	1)
v(37	1	19	132	38	3)
v(37	2	24	94	48	3)
v(37	3	12	129	24	4)
v(37	4	4	129	8	3)
v(37	5	25	126	50	3)
v(38	1	6	134	12	1)
v(38	2	18	137	36	1)
v(39	1	16	18	32	0)
v(40	1	7	163	14	0)
v(41	1	11	161	22	2)
v(41	2	15	140	30	2)
v(41	3	11	146	22	2)
v(42	1	1	35	2	2)
v(42	2	18	28	36	2)
v(42	3	1	76	2	2)
v(43	1	16	27	32	2)
v(43	2	6	87	12	2)
v(43	3	10	48	20	2)
v(44	1	23	45	46	2)
v(44	2	27	144	54	2)
v(44	3	13	46	26	2)
v(45	1	7	149	14	1)
v(45	2	17	35	34	1)
v(46	1	25	100	50	1)
v(46	2	1	104	2	1)
v(47	1	10	98	20	3)
v(47	2	3	138	6	3)
v(47	3	6	130	12	3)
v(47	4	10	111	20	3)
v(48	1	23	169	46	0)
v(49	1	23	96	46	3)
v(49	2	4	88	8	3)
v(49	3	29	135	58	3)
v(49	4	12	160	24	3)
v(50	1	17	144	34	2)
v(50	2	25	102	50	2)
v(50	3	13	24	26	3)
v(50	4	15	97	30	3)
v(51	1	3	30	6	3)
v(51	2	8	56	16	3)
v(51	3	24	184	48	3)
v(51	4	18	50	36	3)
v(52	1	24	112	48	1)
v(52	2	18	56	36	1)
v(53	1	14	172	28	2)
v(53	2	17	76	34	1)
v(53	3	4	34	8	2)
v(53	4	29	142	58	1)
v(54	1	11	31	22	1)
v(54	2	29	87	58	1)
v(55	1	28	102	56	4)
v(55	2	9	94	18	4)
v(55	3	28	138	56	4)
v(55	4	30	72	60	4)
v(55	5	12	151	24	4)
v(56	1	1	29	2	1)
v(56	2	32	124	64	1)
v(57	1	24	140	48	0)
v(58	1	15	42	30	1)
v(58	2	12	113	24	1)
v(59	1	19	46	38	0)
v(60	1	7	105	14	3)
v(60	2	26	117	52	3)
v(60	3	19	126	38	3)
v(60	4	4	112	8	3)
v(61	1	1	123	2	0)
v(62	1	14	154	28	1)
v(62	2	2	137	4	1)
v(63	1	1	104	2	0)
v(64	1	30	132	60	3)
v(64	2	31	49	62	3)
v(64	3	5	130	10	3)
v(64	4	21	120	42	3)
v(65	1	22	96	44	4)
v(65	2	23	49	46	4)
v(65	3	2	52	4	3)
v(65	4	17	151	34	3)
v(65	5	22	151	44	4)
v(66	1	26	62	52	3)
v(66	2	5	155	10	3)
v(66	3	26	167	52	3)
v(66	4	17	67	34	3)
v(67	1	15	62	30	2)
v(67	2	11	21	22	2)
v(67	3	30	129	60	2)
v(68	1	11	117	22	2)
v(68	2	16	26	32	2)
v(68	3	17	127	34	3)
v(68	4	18	119	36	3)
v(69	1	18	51	36	0)
v(70	1	16	34	32	0)
v(71	1	32	69	64	4)
v(71	2	19	112	38	4)
v(71	3	1	147	2	4)
v(71	4	18	153	36	4)
v(71	5	19	116	38	4)
v(72	1	27	125	54	0)
v(73	1	24	131	48	0)
v(74	1	15	97	30	2)
v(74	2	2	108	4	2)
v(74	3	8	32	16	1)
v(74	4	21	54	42	3)
v(75	1	7	104	14	2)
v(75	2	3	70	6	3)
v(75	3	30	93	60	4)
v(75	4	8	141	16	3)
v(75	5	31	100	62	4)
v(76	1	29	38	58	4)
v(76	2	8	158	16	4)
v(76	3	31	56	62	4)
v(76	4	6	60	12	4)
v(76	5	15	145	30	4)
v(77	1	26	160	52	2)
v(77	2	4	22	8	2)
v(77	3	32	161	64	2)
v(78	1	32	55	64	4)
v(78	2	22	112	44	4)
v(78	3	3	98	6	4)
v(78	4	11	79	22	4)
v(78	5	25	162	50	4)
v(79	1	32	135	64	1)
v(79	2	17	68	34	1)
v(80	1	28	48	56	4)
v(80	2	30	42	60	3)
v(80	3	9	146	18	4)
v(80	4	4	152	8	3)
v(80	5	6	132	12	4)
v(81	1	2	79	4	3)
v(81	2	10	166	20	3)
v(81	3	27	59	54	3)
v(81	4	6	64	12	3)
v(82	1	12	74	24	2)
v(82	2	3	16	6	2)
v(82	3	6	119	12	2)
v(83	1	15	95	30	3)
v(83	2	24	43	48	3)
v(83	3	6	131	12	3)
v(83	4	32	169	64	3)
v(84	1	3	109	6	2)
v(84	2	20	103	40	2)
v(84	3	17	84	34	2)
v(85	1	18	143	36	4)
v(85	2	21	77	42	4)
v(85	3	12	73	24	4)
v(85	4	25	72	50	4)
v(85	5	31	185	62	4)
v(86	1	32	163	64	2)
v(86	2	10	143	20	2)
v(86	3	31	143	62	2)
v(87	1	6	60	12	1)
v(87	2	2	158	4	1)
v(88	1	11	99	22	1)
v(88	2	14	171	28	1)
v(89	1	19	120	38	1)
v(89	2	31	117	62	1)
v(90	1	24	60	48	1)
v(90	2	22	121	44	1)
v(91	1	18	127	36	3)
v(91	2	28	66	56	3)
v(91	3	23	78	46	3)
v(91	4	11	136	22	3)
v(92	1	2	80	4	0)
v(93	1	12	89	24	3)
v(93	2	14	67	28	2)
v(93	3	25	115	50	3)
v(93	4	28	61	56	2)
v(94	1	1	106	2	2)
v(94	2	14	76	28	2)
v(94	3	30	152	60	2)
v(95	1	26	141	52	0)
v(96	1	1	64	2	1)
v(96	2	19	168	38	1)
v(97	1	3	123	6	0)
v(97	2	16	171	32	0)
v(98	1	7	158	14	3)
v(98	2	14	49	28	3)
v(98	3	32	49	64	3)
v(98	4	32	151	64	3)
v(99	1	31	164	62	1)
v(99	2	11	138	22	1)
v(100	1	3	144	6	4)
v(100	2	6	116	12	4)
v(100	3	20	166	40	4)
v(100	4	31	162	62	4)
v(100	5	10	95	20	4)
v(101	1	26	110	52	3)
v(101	2	10	68	20	4)
v(101	3	8	148	16	3)
v(101	4	17	100	34	4)
v(101	5	18	125	36	4)
v(102	1	8	10	16	1)
v(102	2	31	153	62	1)
v(103	1	21	164	42	3)
v(103	2	12	59	24	3)
v(103	3	10	137	20	3)
v(103	4	13	68	26	3)
v(104	1	1	76	2	3)
v(104	2	29	82	58	3)
v(104	3	17	23	34	3)
v(104	4	22	99	44	3)
v(105	1	10	43	20	1)
v(105	2	9	13	18	1)
v(106	1	14	168	28	3)
v(106	2	18	21	36	2)
v(106	3	7	149	14	2)
v(106	4	32	138	64	3)
v(107	1	19	24	38	0)
v(108	1	11	96	22	4)
v(108	2	3	138	6	4)
v(108	3	13	26	26	4)
v(108	4	2	140	4	4)
v(108	5	23	177	46	4)
v(109	1	16	57	32	4)
v(109	2	16	25	32	3)
v(109	3	10	114	20	4)
v(109	4	4	41	8	3)
v(109	5	28	67	56	4)
v(110	1	10	126	20	4)
v(110	2	8	36	16	4)
v(110	3	6	119	12	4)
v(110	4	31	147	62	4)
v(110	5	2	74	4	4)
v(111	1	30	190	60	0)
v(112	1	26	178	52	3)
v(112	2	10	165	20	2)
v(112	3	28	89	56	2)
v(112	4	4	16	8	3)
v(113	1	13	70	26	0)
v(114	1	31	154	62	1)
v(114	2	3	106	6	1)
v(115	1	7	13	14	3)
v(115	2	8	106	16	3)
v(115	3	5	54	10	3)
v(115	4	17	22	34	3)
v(116	1	26	66	52	0)
v(117	1	7	132	14	4)
v(117	2	15	94	30	4)
v(117	3	5	23	10	3)
v(117	4	2	129	4	4)
v(117	5	1	122	2	3)
v(118	1	13	96	26	2)
v(118	2	11	169	22	2)
v(118	3	16	95	32	2)
v(119	1	23	60	46	1)
v(119	2	13	58	26	1)
v(120	1	30	74	60	1)
v(120	2	30	96	60	1)
v(121	1	17	76	34	1)
v(121	2	21	81	42	1)
v(122	1	2	34	4	3)
v(122	2	11	141	22	3)
v(122	3	32	86	64	3)
v(122	4	11	122	22	3)
v(123	1	2	72	4	3)
v(123	2	11	93	22	3)
v(123	3	20	161	40	3)
v(123	4	6	81	12	3)
v(124	1	20	140	40	2)
v(124	2	28	52	56	2)
v(124	3	2	65	4	2)
v(125	1	13	145	26	0)
v(126	1	18	19	36	1)
v(126	2	3	100	6	1)
v(127	1	4	138	8	1)
v(127	2	22	27	44	1)
v(128	1	4	149	8	1)
v(128	2	29	43	58	1)
v(129	1	13	130	26	3)
v(129	2	20	37	40	3)
v(129	3	13	27	26	4)
v(129	4	28	89	56	2)
v(129	5	14	133	28	4)
v(130	1	14	95	28	4)
v(130	2	30	98	60	4)
v(130	3	1	127	2	3)
v(130	4	24	79	48	4)
v(130	5	12	149	24	3)
v(131	1	22	64	44	0)
v(132	1	23	36	46	2)
v(132	2	5	11	10	1)
v(132	3	8	18	16	1)
v(133	1	31	114	62	1)
v(133	2	8	106	16	1)
v(134	1	30	42	60	0)
v(135	1	13	59	26	3)
v(135	2	23	28	46	1)
v(135	3	16	103	32	2)
v(135	4	11	125	22	2)
v(136	1	25	30	50	0)
v(137	1	10	170	20	0)
v(138	1	12	126	24	4)
v(138	2	14	94	28	3)
v(138	3	30	34	60	4)
v(138	4	21	143	42	4)
v(138	5	26	32	52	3)
v(139	1	28	110	56	1)
v(139	2	25	49	50	1)
v(140	1	28	113	56	2)
v(140	2	10	120	20	1)
v(140	3	4	109	8	1)
v(141	1	10	23	20	3)
v(141	2	30	40	60	3)
v(141	3	21	39	42	3)
v(141	4	12	98	24	3)
v(142	1	27	120	54	4)
v(142	2	27	117	54	4)
v(142	3	14	50	28	4)
v(142	4	17	162	34	4)
v(142	5	14	18	28	4)
v(143	1	11	151	22	2)
v(143	2	30	177	60	2)
v(143	3	31	67	62	2)
v(144	1	11	154	22	0)
v(145	1	22	159	44	0)
v(146	1	19	67	38	2)
v(146	2	7	159	14	2)
v(146	3	19	153	38	2)
v(147	1	14	47	28	2)
v(147	2	2	83	4	2)
v(147	3	22	28	44	3)
v(147	4	19	55	38	1)
v(148	1	23	165	46	4)
v(148	2	12	89	24	3)
v(148	3	3	114	6	4)
v(148	4	24	94	48	4)
v(148	5	23	102	46	3)
v(149	1	23	32	46	0)
v(150	1	23	116	46	3)
v(150	2	31	85	62	2)
v(150	3	28	100	56	2)
v(150	4	22	81	44	3)
v(151	1	12	121	24	0)
v(152	1	31	73	62	2)
v(152	2	10	96	20	2)
v(152	3	1	14	2	2)
v(153	1	21	39	42	0)
v(154	1	14	154	28	4)
v(154	2	30	154	60	4)
v(154	3	19	105	38	4)
v(154	4	19	107	38	4)
v(154	5	6	42	12	4)
v(155	1	17	150	34	4)
v(155	2	14	147	28	3)
v(155	3	18	176	36	2)
v(155	4	31	128	62	3)
v(155	5	14	86	28	4)
v(156	1	10	135	20	2)
v(156	2	21	110	42	2)
v(156	3	26	182	52	2)
v(157	1	7	94	14	2)
v(157	2	8	122	16	2)
v(157	3	9	127	18	2)
v(157	4	10	79	20	2)
v(158	1	24	127	48	1)
v(158	2	26	185	52	1)
v(159	1	1	5	2	3)
v(159	2	15	36	30	3)
v(159	3	25	37	50	3)
v(159	4	24	106	48	3)
v(160	1	2	62	4	3)
v(160	2	10	60	20	3)
v(160	3	12	45	24	3)
v(160	4	6	153	12	3)
v(161	1	27	54	54	2)
v(161	2	7	66	14	2)
v(161	3	15	105	30	2)
v(162	1	31	110	62	1)
v(162	2	31	139	62	1)
v(163	1	31	137	62	2)
v(163	2	15	63	30	2)
v(163	3	29	168	58	2)
v(164	1	8	44	16	1)
v(164	2	19	131	38	1)
v(165	1	14	147	28	4)
v(165	2	13	72	26	4)
v(165	3	17	42	34	4)
v(165	4	27	136	54	4)
v(165	5	12	116	24	4)
v(166	1	26	87	52	3)
v(166	2	9	155	18	3)
v(166	3	19	76	38	3)
v(166	4	28	80	56	3)
v(167	1	3	139	6	1)
v(167	2	21	25	42	3)
v(167	3	15	31	30	2)
v(167	4	9	142	18	2)
v(168	1	28	74	56	2)
v(168	2	16	154	32	2)
v(168	3	12	39	24	2)
v(169	1	7	146	14	0)
v(170	1	18	121	36	2)
v(170	2	3	94	6	2)
v(170	3	18	175	36	2)
v(171	1	19	50	38	1)
v(171	2	23	150	46	1)
v(172	1	22	131	44	0)
v(173	1	11	21	22	0)
v(174	1	6	152	12	2)
v(174	2	20	169	40	2)
v(174	3	5	58	10	2)
v(175	1	8	52	16	2)
v(175	2	19	45	38	2)
v(175	3	5	117	10	2)
v(176	1	14	148	28	2)
v(176	2	8	41	16	3)
v(176	3	30	69	60	2)
v(176	4	14	140	28	3)
v(177	1	2	122	4	4)
v(177	2	27	85	54	4)
v(177	3	31	57	62	3)
v(177	4	3	74	6	4)
v(177	5	6	155	12	3)
v(178	1	10	169	20	2)
v(178	2	23	116	46	2)
v(178	3	26	42	52	2)
v(179	1	5	11	10	0)
v(180	1	8	27	16	4)
v(180	2	18	118	36	4)
v(180	3	30	184	60	4)
v(180	4	25	90	50	4)
v(180	5	9	77	18	4)
v(181	1	18	167	36	3)
v(181	2	26	85	52	4)
v(181	3	6	125	12	3)
v(181	4	20	76	40	4)
v(181	5	29	82	58	4)
v(182	1	27	121	54	4)
v(182	2	23	78	46	4)
v(182	3	32	168	64	4)
v(182	4	11	16	22	4)
v(182	5	28	86	56	4)
v(183	1	19	126	38	2)
v(183	2	10	16	20	2)
v(183	3	16	23	32	2)
v(184	1	11	68	22	0)
v(185	1	26	167	52	3)
v(185	2	30	74	60	3)
v(185	3	14	21	28	3)
v(185	4	14	36	28	3)
v(186	1	1	124	2	3)
v(186	2	28	55	56	2)
v(186	3	15	96	30	3)
v(186	4	21	161	42	2)
v(187	1	18	81	36	0)
v(188	1	18	116	36	2)
v(188	2	13	78	26	2)
v(188	3	29	31	58	2)
v(188	4	3	142	6	2)
v(189	1	22	156	44	1)
v(189	2	11	88	22	1)
v(190	1	2	35	4	3)
v(190	2	27	182	54	3)
v(190	3	19	113	38	3)
v(190	4	26	66	52	3)
v(191	1	25	84	50	2)
v(191	2	7	116	14	2)
v(191	3	5	8	10	3)
v(191	4	27	133	54	3)
v(192	1	26	185	52	0)
v(193	1	32	63	64	1)
v(193	2	3	26	6	1)
v(194	1	31	190	62	3)
v(194	2	30	48	60	3)
v(194	3	18	29	36	3)
v(194	4	16	137	32	3)
v(195	1	16	147	32	2)
v(195	2	22	172	44	2)
v(195	3	13	131	26	2)
v(196	1	7	40	14	0)
v(197	1	17	49	34	4)
v(197	2	23	169	46	4)
v(197	3	25	168	50	4)
v(197	4	7	55	14	4)
v(197	5	12	128	24	4)
v(198	1	5	50	10	4)
v(198	2	16	80	32	4)
v(198	3	16	89	32	4)
v(198	4	31	74	62	4)
v(198	5	12	122	24	4)
v(199	1	5	111	10	0)
v(200	1	15	25	30	2)
v(200	2	20	24	40	2)
v(200	3	24	140	48	2)
v(201	1	20	53	40	4)
v(201	2	22	89	44	4)
v(201	3	5	68	10	4)
v(201	4	7	131	14	4)
v(201	5	23	95	46	4)
v(202	1	15	175	30	4)
v(202	2	16	26	32	4)
v(202	3	15	38	30	4)
v(202	4	31	41	62	4)
v(202	5	14	119	28	4)
v(203	1	27	161	54	3)
v(203	2	24	26	48	3)
v(203	3	27	112	54	3)
v(203	4	11	50	22	3)
v(204	1	4	27	8	2)
v(204	2	20	133	40	2)
v(204	3	19	55	38	2)
v(205	1	32	157	64	2)
v(205	2	15	74	30	3)
v(205	3	4	8	8	3)
v(205	4	28	122	56	2)
v(206	1	18	94	36	4)
v(206	2	28	103	56	4)
v(206	3	3	10	6	4)
v(206	4	17	56	34	3)
v(206	5	18	56	36	3)
v(207	1	20	26	40	1)
v(207	2	15	46	30	1)
v(208	1	7	23	14	4)
v(208	2	14	110	28	4)
v(208	3	15	111	30	4)
v(208	4	31	87	62	4)
v(208	5	17	74	34	4)
v(209	1	6	16	12	1)
v(209	2	16	118	32	1)
v(210	1	20	139	40	2)
v(210	2	13	124	26	2)
v(210	3	25	185	50	2)
v(211	1	8	118	16	1)
v(211	2	28	176	56	1)
v(212	1	31	158	62	3)
v(212	2	25	137	50	4)
v(212	3	8	58	16	3)
v(212	4	14	134	28	4)
v(212	5	24	111	48	4)
v(213	1	30	81	60	0)
v(214	1	7	18	14	2)
v(214	2	29	51	58	2)
v(214	3	27	74	54	2)
v(215	1	16	72	32	1)
v(215	2	21	169	42	1)
v(216	1	10	24	20	4)
v(216	2	5	127	10	4)
v(216	3	17	100	34	3)
v(216	4	29	118	58	3)
v(216	5	4	22	8	4)
v(217	1	26	130	52	0)
v(218	1	18	102	36	0)
v(219	1	7	72	14	0)
v(220	1	3	91	6	1)
v(220	2	9	167	18	1)
v(221	1	27	66	54	1)
v(221	2	14	165	28	1)
v(222	1	28	161	56	1)
v(222	2	21	172	42	1)
v(223	1	5	10	10	3)
v(223	2	11	163	22	2)
v(223	3	10	105	20	3)
v(223	4	23	62	46	2)
v(224	1	31	129	62	4)
v(224	2	27	113	54	2)
v(224	3	23	44	46	1)
v(224	4	29	162	58	2)
v(224	5	29	179	58	3)
v(225	1	25	130	50	1)
v(225	2	5	108	10	1)
v(225	3	25	79	50	2)
v(226	1	19	51	38	1)
v(226	2	12	102	24	1)
v(227	1	20	157	40	0)
v(228	1	31	46	62	0)
v(229	1	2	74	4	3)
v(229	2	6	133	12	3)
v(229	3	26	116	52	3)
v(229	4	26	127	52	3)
v(230	1	20	85	40	2)
v(230	2	19	123	38	2)
v(230	3	29	187	58	2)
v(231	1	19	31	38	1)
v(231	2	24	30	48	2)
v(231	3	26	29	52	1)
v(232	1	9	70	18	3)
v(232	2	1	151	2	3)
v(232	3	6	128	12	3)
v(232	4	26	85	52	3)
v(233	1	26	126	52	4)
v(233	2	18	107	36	4)
v(233	3	32	136	64	4)
v(233	4	1	107	2	4)
v(233	5	27	141	54	4)
v(234	1	28	73	56	0)
v(235	1	9	91	18	0)
v(236	1	20	92	40	4)
v(236	2	24	148	48	4)
v(236	3	28	165	56	4)
v(236	4	12	77	24	4)
v(236	5	27	74	54	4)
v(237	1	12	78	24	1)
v(237	2	11	169	22	1)
v(238	1	13	121	26	2)
v(238	2	13	70	26	2)
v(238	3	21	63	42	3)
v(238	4	17	78	34	3)
v(239	1	20	41	40	4)
v(239	2	8	118	16	4)
v(239	3	1	135	2	3)
v(239	4	4	135	8	3)
v(239	5	23	64	46	4)
v(240	1	16	159	32	2)
v(240	2	4	95	8	2)
v(240	3	27	167	54	2)
v(241	1	12	126	24	1)
v(241	2	29	151	58	1)
v(242	1	14	130	28	0)
v(243	1	18	64	36	0)
v(244	1	4	99	8	1)
v(244	2	23	35	46	1)
v(245	1	10	38	20	1)
v(245	2	18	158	36	1)
v(246	1	12	113	24	2)
v(246	2	16	162	32	2)
v(246	3	12	142	24	2)
v(247	1	2	147	4	2)
v(247	2	29	150	58	2)
v(247	3	23	121	46	2)
v(248	1	9	114	18	1)
v(248	2	9	114	18	1)
v(249	1	2	77	4	3)
v(249	2	3	50	6	3)
v(249	3	19	98	38	3)
v(249	4	17	33	34	3)
v(250	1	10	169	20	4)
v(250	2	2	54	4	4)
v(250	3	12	113	24	4)
v(250	4	5	105	10	4)
v(250	5	5	140	10	4)
v(251	1	12	108	24	3)
v(251	2	10	121	20	2)
v(251	3	18	127	36	2)
v(251	4	32	34	64	3)
v(252	1	22	43	44	2)
v(252	2	3	130	6	1)
v(252	3	12	148	24	1)
v(253	1	6	159	12	1)
v(253	2	20	117	40	1)
v(254	1	29	100	58	1)
v(254	2	22	136	44	1)
v(255	1	12	95	24	0)
v(256	1	30	143	60	4)
v(256	2	19	89	38	4)
v(256	3	25	80	50	4)
v(256	4	18	62	36	4)
v(256	5	22	125	44	4)
v(257	1	1	101	2	0)
v(258	1	11	13	22	1)
v(258	2	21	72	42	1)
v(259	1	9	36	18	2)
v(259	2	20	173	40	2)
v(259	3	22	137	44	2)
v(260	1	27	110	54	2)
v(260	2	13	99	26	2)
v(260	3	6	32	12	2)
v(261	1	6	19	12	1)
v(261	2	24	182	48	1)
v(262	1	32	190	64	4)
v(262	2	30	45	60	4)
v(262	3	32	49	64	4)
v(262	4	9	168	18	4)
v(262	5	14	149	28	4)
v(263	1	29	49	58	4)
v(263	2	6	139	12	4)
v(263	3	15	105	30	4)
v(263	4	26	145	52	4)
v(263	5	18	138	36	4)
v(264	1	5	44	10	1)
v(264	2	8	13	16	1)
v(265	1	17	53	34	2)
v(265	2	1	159	2	4)
v(265	3	26	88	52	2)
v(265	4	32	173	64	2)
v(265	5	2	161	4	4)
v(266	1	15	163	30	0)
v(267	1	23	115	46	0)
v(268	1	9	160	18	1)
v(268	2	18	59	36	1)
v(269	1	26	172	52	3)
v(269	2	21	173	42	3)
v(269	3	9	132	18	2)
v(269	4	7	166	14	2)
v(270	1	27	125	54	1)
v(270	2	12	126	24	1)
v(271	1	3	51	6	2)
v(271	2	22	41	44	2)
v(271	3	23	163	46	2)
v(272	1	11	71	22	4)
v(272	2	30	46	60	4)
v(272	3	8	127	16	4)
v(272	4	24	74	48	4)
v(272	5	19	66	38	4)
v(273	1	22	118	44	4)
v(273	2	22	46	44	4)
v(273	3	6	15	12	4)
v(273	4	8	136	16	3)
v(273	5	14	159	28	3)
v(274	1	16	146	32	0)
v(275	1	18	83	36	0)
v(276	1	19	172	38	1)
v(276	2	21	165	42	1)
v(276	3	9	14	18	2)
v(277	1	25	116	50	2)
v(277	2	1	38	2	2)
v(277	3	5	104	10	2)
v(278	1	30	124	60	2)
v(278	2	22	125	44	2)
v(278	3	26	45	52	2)
v(279	1	31	176	62	3)
v(279	2	5	128	10	3)
v(279	3	27	99	54	4)
v(279	4	32	140	64	4)
v(279	5	27	47	54	4)
v(280	1	19	171	38	3)
v(280	2	1	142	2	3)
v(280	3	5	145	10	3)
v(280	4	10	88	20	3)
v(281	1	10	73	20	0)
v(282	1	29	158	58	0)
v(283	1	19	33	38	3)
v(283	2	24	166	48	3)
v(283	3	14	20	28	3)
v(283	4	7	52	14	3)
v(284	1	13	49	26	4)
v(284	2	16	49	32	4)
v(284	3	22	99	44	4)
v(284	4	1	27	2	4)
v(284	5	30	109	60	4)
v(285	1	1	24	2	3)
v(285	2	21	124	42	3)
v(285	3	28	140	56	3)
v(285	4	29	32	58	3)
v(286	1	15	170	30	0)
v(287	1	6	59	12	2)
v(287	2	9	37	18	2)
v(287	3	24	51	48	2)
v(288	1	12	150	24	4)
v(288	2	12	109	24	4)
v(288	3	11	123	22	3)
v(288	4	15	54	30	3)
v(288	5	28	138	56	4)
v(289	1	13	159	26	1)
v(289	2	25	132	50	1)
v(290	1	32	99	64	2)
v(290	2	25	53	50	2)
v(290	3	32	120	64	3)
v(290	4	6	51	12	3)
v(291	1	27	151	54	1)
v(291	2	26	85	52	1)
v(292	1	25	130	50	3)
v(292	2	1	42	2	3)
v(292	3	23	67	46	3)
v(292	4	15	65	30	3)
v(293	1	18	118	36	3)
v(293	2	10	155	20	3)
v(293	3	9	105	18	3)
v(293	4	27	51	54	3)
v(294	1	17	130	34	4)
v(294	2	5	90	10	4)
v(294	3	25	55	50	3)
v(294	4	17	165	34	4)
v(294	5	28	40	56	3)
v(295	1	22	176	44	2)
v(295	2	25	160	50	2)
v(295	3	22	88	44	2)
v(296	1	22	73	44	1)
v(296	2	12	16	24	1)
v(297	1	1	58	2	1)
v(297	2	1	104	2	1)
v(297	3	29	122	58	2)
v(298	1	20	105	40	1)
v(298	2	4	163	8	1)
v(299	1	11	83	22	3)
v(299	2	3	121	6	3)
v(299	3	24	138	48	3)
v(299	4	14	87	28	3)
v(300	1	23	50	46	2)
v(300	2	20	31	40	2)
v(300	3	7	37	14	2)
v(301	1	10	135	20	1)
v(301	2	5	159	10	1)
v(302	1	11	117	22	3)
v(302	2	26	77	52	3)
v(302	3	27	105	54	4)
v(302	4	7	140	14	3)
v(302	5	18	75	36	3)
v(303	1	15	170	30	1)
v(303	2	25	108	50	1)
v(304	1	6	41	12	0)
v(305	1	28	140	56	2)
v(305	2	32	168	64	2)
v(305	3	15	102	30	2)
v(306	1	29	124	58	0)
v(307	1	25	63	50	4)
v(307	2	3	105	6	4)
v(307	3	18	65	36	4)
v(307	4	17	114	34	4)
v(307	5	6	90	12	4)
v(308	1	31	105	62	0)
v(308	2	29	43	58	0)
v(309	1	18	136	36	3)
v(309	2	16	123	32	3)
v(309	3	25	83	50	3)
v(309	4	22	51	44	3)
v(310	1	21	26	42	3)
v(310	2	2	49	4	3)
v(310	3	1	88	2	3)
v(310	4	9	86	18	3)
v(311	1	10	137	20	4)
v(311	2	26	152	52	4)
v(311	3	29	86	58	4)
v(311	4	4	13	8	4)
v(311	5	17	95	34	4)
v(312	1	7	159	14	0)
v(313	1	5	6	10	0)
v(314	1	4	95	8	1)
v(314	2	21	43	42	1)
v(315	1	6	118	12	4)
v(315	2	11	134	22	3)
v(315	3	21	128	42	3)
v(315	4	8	131	16	4)
v(315	5	24	75	48	4)
v(316	1	28	58	56	1)
v(316	2	14	15	28	1)
v(317	1	5	26	10	0)
v(318	1	16	135	32	1)
v(318	2	23	143	46	1)
v(319	1	6	78	12	2)
v(319	2	14	137	28	2)
v(319	3	17	65	34	2)
v(320	1	32	188	64	0)
v(321	1	23	181	46	0)
v(322	1	1	7	2	1)
v(322	2	12	123	24	1)
v(323	1	1	49	2	3)
v(323	2	25	127	50	3)
v(323	3	20	179	40	3)
v(323	4	12	103	24	3)
v(324	1	29	107	58	2)
v(324	2	26	43	52	2)
v(324	3	13	161	26	2)
v(325	1	9	135	18	2)
v(325	2	24	144	48	3)
v(325	3	11	78	22	2)
v(325	4	12	150	24	3)
v(326	1	10	48	20	0)
v(327	1	6	164	12	1)
v(327	2	29	62	58	1)
v(328	1	8	28	16	2)
v(328	2	16	45	32	2)
v(328	3	14	102	28	2)
v(329	1	10	48	20	3)
v(329	2	16	86	32	3)
v(329	3	23	42	46	3)
v(329	4	10	140	20	3)
v(330	1	30	50	60	3)
v(330	2	32	178	64	3)
v(330	3	21	52	42	3)
v(330	4	24	83	48	3)
v(331	1	26	103	52	1)
v(331	2	20	41	40	2)
v(331	3	31	88	62	1)
v(332	1	8	20	16	0)
v(333	1	16	143	32	3)
v(333	2	24	125	48	3)
v(333	3	11	31	22	3)
v(333	4	14	37	28	3)
v(334	1	16	84	32	0)
v(335	1	26	29	52	2)
v(335	2	24	33	48	2)
v(335	3	5	60	10	3)
v(335	4	4	138	8	3)
v(336	1	6	136	12	0)
v(337	1	26	182	52	3)
v(337	2	1	75	2	2)
v(337	3	17	128	34	3)
v(337	4	29	103	58	2)
v(338	1	15	70	30	4)
v(338	2	12	163	24	4)
v(338	3	9	58	18	4)
v(338	4	14	151	28	4)
v(338	5	32	147	64	4)
v(339	1	28	115	56	4)
v(339	2	16	40	32	4)
v(339	3	25	125	50	4)
v(339	4	26	52	52	4)
v(339	5	26	109	52	4)
v(340	1	11	66	22	2)
v(340	2	8	90	16	3)
v(340	3	29	60	58	2)
v(340	4	15	93	30	3)
v(340	5	11	167	22	4)
v(341	1	23	141	46	3)
v(341	2	11	154	22	3)
v(341	3	32	178	64	3)
v(341	4	4	53	8	3)
v(342	1	10	62	20	2)
v(342	2	20	60	40	2)
v(342	3	5	98	10	2)
v(343	1	7	20	14	0)
v(344	1	27	90	54	2)
v(344	2	5	162	10	2)
v(344	3	5	9	10	2)
v(345	1	23	177	46	1)
v(345	2	4	85	8	1)
v(346	1	11	71	22	3)
v(346	2	21	100	42	3)
v(346	3	32	38	64	3)
v(346	4	11	69	22	3)
v(347	1	20	133	40	3)
v(347	2	25	122	50	2)
v(347	3	4	62	8	2)
v(347	4	1	97	2	3)
v(348	1	15	145	30	2)
v(348	2	21	28	42	2)
v(348	3	17	159	34	3)
v(348	4	32	89	64	3)
v(349	1	18	78	36	1)
v(349	2	28	33	56	1)
v(350	1	16	54	32	3)
v(350	2	14	143	28	3)
v(350	3	9	126	18	3)
v(350	4	19	155	38	3)
v(351	1	23	47	46	0)
v(351	2	13	95	26	0)
v(352	1	32	174	64	1)
v(352	2	13	66	26	1)
v(353	1	3	67	6	1)
v(353	2	24	75	48	1)
v(354	1	9	108	18	2)
v(354	2	4	114	8	2)
v(354	3	2	23	4	2)
v(355	1	23	80	46	3)
v(355	2	6	148	12	2)
v(355	3	9	87	18	2)
v(355	4	7	74	14	3)
v(356	1	20	66	40	3)
v(356	2	6	46	12	3)
v(356	3	28	101	56	3)
v(356	4	29	55	58	3)
v(357	1	22	156	44	1)
v(357	2	7	140	14	1)
v(358	1	21	147	42	2)
v(358	2	17	155	34	2)
v(358	3	1	63	2	2)
v(359	1	30	62	60	2)
v(359	2	10	57	20	3)
v(359	3	10	154	20	2)
v(359	4	21	171	42	3)
v(360	1	12	46	24	4)
v(360	2	27	126	54	4)
v(360	3	17	45	34	4)
v(360	4	6	116	12	4)
v(360	5	18	37	36	4)
v(361	1	9	18	18	0)
v(362	1	1	94	2	3)
v(362	2	9	64	18	3)
v(362	3	23	67	46	3)
v(362	4	21	83	42	3)
v(363	1	5	99	10	4)
v(363	2	26	54	52	3)
v(363	3	10	81	20	3)
v(363	4	8	95	16	4)
v(363	5	21	171	42	4)
v(364	1	1	56	2	2)
v(364	2	30	171	60	2)
v(364	3	25	162	50	2)
v(365	1	4	51	8	2)
v(365	2	26	139	52	2)
v(365	3	13	163	26	2)
v(366	1	7	58	14	4)
v(366	2	32	100	64	4)
v(366	3	27	175	54	4)
v(366	4	30	161	60	4)
v(366	5	13	110	26	4)
v(367	1	20	168	40	2)
v(367	2	22	31	44	2)
v(367	3	25	99	50	2)
v(368	1	27	144	54	0)
v(369	1	10	104	20	1)
v(369	2	27	183	54	1)
v(370	1	8	52	16	2)
v(370	2	14	74	28	1)
v(370	3	20	118	40	1)
v(371	1	4	114	8	4)
v(371	2	10	167	20	4)
v(371	3	29	49	58	4)
v(371	4	7	27	14	3)
v(371	5	10	101	20	3)
v(372	1	17	130	34	1)
v(372	2	13	114	26	1)
v(373	1	5	91	10	0)
v(374	1	18	55	36	0)
v(375	1	14	123	28	1)
v(375	2	17	114	34	1)
v(376	1	30	114	60	4)
v(376	2	12	48	24	4)
v(376	3	20	102	40	3)
v(376	4	28	64	56	3)
v(376	5	23	70	46	4)
v(377	1	23	51	46	2)
v(377	2	24	174	48	2)
v(377	3	12	139	24	2)
v(378	1	8	41	16	1)
v(378	2	14	119	28	1)
v(378	3	9	78	18	2)
v(379	1	31	151	62	2)
v(379	2	27	149	54	2)
v(379	3	14	90	28	2)
v(380	1	23	68	46	4)
v(380	2	26	129	52	4)
v(380	3	32	125	64	4)
v(380	4	30	103	60	4)
v(380	5	22	157	44	4)
v(381	1	4	159	8	2)
v(381	2	6	65	12	2)
v(381	3	29	125	58	2)
v(382	1	23	176	46	2)
v(382	2	14	37	28	1)
v(382	3	12	61	24	1)
v(383	1	27	33	54	0)
v(384	1	21	22	42	2)
v(384	2	26	59	52	2)
v(384	3	1	145	2	2)
v(385	1	14	162	28	3)
v(385	2	23	63	46	3)
v(385	3	11	115	22	3)
v(385	4	13	169	26	3)
v(386	1	1	89	2	3)
v(386	2	22	160	44	3)
v(386	3	15	141	30	3)
v(386	4	21	152	42	3)
v(387	1	28	112	56	0)
v(388	1	25	104	50	3)
v(388	2	17	20	34	3)
v(388	3	26	37	52	3)
v(388	4	12	140	24	3)
v(389	1	30	113	60	4)
v(389	2	2	50	4	4)
v(389	3	2	130	4	4)
v(389	4	18	83	36	4)
v(389	5	32	87	64	4)
v(390	1	26	67	52	0)
v(391	1	28	147	56	3)
v(391	2	7	75	14	4)
v(391	3	5	118	10	3)
v(391	4	19	88	38	4)
v(391	5	25	26	50	4)
v(392	1	15	170	30	1)
v(392	2	5	74	10	1)
v(393	1	28	50	56	3)
v(393	2	2	83	4	2)
v(393	3	14	109	28	2)
v(393	4	18	87	36	3)
v(394	1	22	56	44	3)
v(394	2	1	29	2	3)
v(394	3	10	93	20	3)
v(394	4	9	142	18	3)
v(395	1	19	160	38	2)
v(395	2	30	75	60	2)
v(395	3	13	47	26	2)
v(396	1	4	91	8	2)
v(396	2	30	183	60	2)
v(396	3	31	125	62	2)
v(397	1	13	53	26	0)
v(398	1	14	20	28	4)
v(398	2	14	23	28	4)
v(398	3	3	112	6	4)
v(398	4	21	26	42	4)
v(398	5	29	90	58	4)
v(399	1	13	147	26	0)
v(399	2	21	130	42	0)
v(400	1	28	97	56	3)
v(400	2	22	115	44	4)
v(400	3	8	83	16	3)
v(400	4	7	158	14	4)
v(400	5	27	70	54	4)
v(401	1	9	155	18	1)
v(401	2	30	122	60	1)
v(402	1	2	151	4	0)
v(403	1	8	132	16	1)
v(403	2	31	61	62	1)
v(404	1	18	78	36	0)
v(405	1	10	104	20	1)
v(405	2	6	155	12	1)
v(406	1	31	67	62	3)
v(406	2	25	182	50	3)
v(406	3	1	99	2	3)
v(406	4	31	149	62	3)
v(407	1	21	108	42	1)
v(407	2	10	163	20	1)
v(408	1	6	17	12	2)
v(408	2	23	75	46	2)
v(408	3	17	152	34	2)
v(409	1	28	105	56	2)
v(409	2	15	152	30	2)
v(409	3	6	69	12	2)
v(410	1	4	32	8	3)
v(410	2	4	102	8	3)
v(410	3	15	147	30	3)
v(410	4	7	21	14	3)
v(411	1	24	78	48	1)
v(411	2	9	91	18	1)
v(412	1	1	137	2	2)
v(412	2	11	46	22	2)
v(412	3	27	116	54	2)
v(413	1	14	46	28	2)
v(413	2	13	90	26	2)
v(413	3	6	12	12	2)
v(414	1	14	56	28	0)
v(415	1	11	103	22	2)
v(415	2	26	90	52	2)
v(415	3	10	60	20	2)
v(416	1	2	56	4	3)
v(416	2	29	135	58	3)
v(416	3	14	86	28	3)
v(416	4	8	153	16	3)
v(417	1	30	134	60	3)
v(417	2	20	158	40	3)
v(417	3	28	95	56	3)
v(417	4	6	44	12	3)
v(418	1	18	134	36	1)
v(418	2	12	165	24	1)
v(419	1	20	134	40	1)
v(419	2	25	88	50	1)
v(420	1	25	53	50	3)
v(420	2	31	187	62	3)
v(420	3	31	166	62	4)
v(420	4	3	149	6	4)
v(420	5	13	91	26	4)
v(421	1	15	143	30	2)
v(421	2	24	102	48	2)
v(421	3	3	107	6	1)
v(421	4	16	152	32	3)
v(422	1	10	32	20	3)
v(422	2	10	111	20	3)
v(422	3	13	69	26	3)
v(422	4	32	51	64	3)
v(423	1	17	172	34	0)
v(424	1	27	111	54	1)
v(424	2	22	146	44	1)
v(425	1	14	71	28	3)
v(425	2	9	124	18	3)
v(425	3	22	143	44	2)
v(425	4	2	115	4	2)
v(426	1	6	106	12	4)
v(426	2	11	162	22	4)
v(426	3	14	43	28	4)
v(426	4	26	74	52	4)
v(426	5	11	167	22	4)
v(427	1	7	16	14	2)
v(427	2	16	141	32	3)
v(427	3	4	155	8	2)
v(427	4	1	36	2	3)
v(428	1	8	67	16	0)
v(429	1	20	111	40	4)
v(429	2	21	69	42	4)
v(429	3	5	12	10	4)
v(429	4	8	35	16	4)
v(429	5	3	152	6	4)
v(430	1	10	114	20	2)
v(430	2	17	175	34	2)
v(430	3	2	18	4	3)
v(430	4	6	50	12	3)
v(431	1	14	139	28	2)
v(431	2	30	186	60	2)
v(431	3	4	111	8	2)
v(432	1	31	89	62	1)
v(432	2	25	155	50	1)
v(433	1	32	166	64	1)
v(433	2	11	162	22	1)
v(434	1	25	159	50	3)
v(434	2	20	129	40	3)
v(434	3	23	75	46	3)
v(434	4	9	141	18	3)
v(435	1	24	37	48	2)
v(435	2	25	176	50	3)
v(435	3	25	108	50	2)
v(435	4	2	120	4	3)
v(436	1	27	177	54	3)
v(436	2	5	152	10	4)
v(436	3	5	64	10	4)
v(436	4	1	102	2	3)
v(436	5	25	137	50	4)
v(437	1	15	67	30	1)
v(437	2	6	132	12	1)
v(438	1	3	93	6	3)
v(438	2	13	43	26	3)
v(438	3	12	35	24	3)
v(438	4	22	73	44	3)
v(439	1	29	153	58	3)
v(439	2	4	157	8	3)
v(439	3	20	111	40	3)
v(439	4	9	52	18	3)
v(440	1	32	131	64	3)
v(440	2	28	140	56	2)
v(440	3	21	143	42	3)
v(440	4	4	42	8	2)
v(441	1	14	50	28	3)
v(441	2	27	119	54	3)
v(441	3	26	78	52	3)
v(441	4	17	169	34	3)
v(442	1	7	93	14	3)
v(442	2	13	37	26	3)
v(442	3	29	128	58	3)
v(442	4	10	124	20	3)
v(443	1	7	123	14	4)
v(443	2	13	102	26	4)
v(443	3	30	126	60	4)
v(443	4	13	24	26	4)
v(443	5	24	102	48	4)
v(444	1	14	94	28	3)
v(444	2	27	110	54	3)
v(444	3	8	16	16	3)
v(444	4	12	36	24	3)
v(445	1	2	130	4	0)
v(446	1	13	38	26	0)
v(447	1	17	23	34	4)
v(447	2	14	137	28	4)
v(447	3	3	105	6	4)
v(447	4	21	163	42	4)
v(447	5	3	36	6	4)
v(448	1	17	62	34	4)
v(448	2	32	135	64	4)
v(448	3	18	169	36	3)
v(448	4	23	182	46	4)
v(448	5	3	33	6	3)
v(449	1	32	181	64	1)
v(449	2	1	32	2	1)
v(450	1	21	110	42	2)
v(450	2	25	144	50	2)
v(450	3	25	93	50	2)
v(451	1	17	20	34	1)
v(451	2	31	184	62	1)
v(452	1	9	72	18	3)
v(452	2	12	129	24	3)
v(452	3	21	146	42	4)
v(452	4	12	132	24	4)
v(452	5	21	96	42	4)
v(453	1	6	88	12	1)
v(453	2	32	142	64	1)
v(454	1	26	51	52	2)
v(454	2	1	82	2	2)
v(454	3	8	119	16	2)
v(455	1	2	147	4	1)
v(455	2	14	114	28	1)
v(456	1	5	29	10	3)
v(456	2	30	78	60	3)
v(456	3	28	121	56	3)
v(456	4	5	126	10	3)
v(457	1	29	49	58	3)
v(457	2	23	45	46	3)
v(457	3	23	142	46	3)
v(457	4	20	135	40	3)
v(458	1	6	32	12	2)
v(458	2	18	93	36	2)
v(458	3	19	62	38	2)
v(459	1	6	122	12	4)
v(459	2	10	105	20	4)
v(459	3	21	78	42	4)
v(459	4	22	164	44	4)
v(459	5	3	36	6	4)
v(460	1	4	45	8	1)
v(460	2	17	48	34	1)
v(461	1	22	44	44	1)
v(461	2	5	145	10	1)
v(462	1	17	121	34	0)
v(462	2	29	49	58	0)
v(463	1	10	140	20	0)
v(464	1	23	57	46	0)
v(465	1	18	77	36	1)
v(465	2	23	68	46	1)
v(466	1	24	183	48	3)
v(466	2	16	58	32	2)
v(466	3	32	148	64	3)
v(466	4	22	70	44	2)
v(467	1	32	76	64	0)
v(468	1	2	14	4	0)
v(469	1	16	141	32	3)
v(469	2	14	109	28	3)
v(469	3	28	135	56	3)
v(469	4	28	110	56	3)
v(470	1	30	32	60	2)
v(470	2	21	89	42	2)
v(470	3	6	50	12	2)
v(471	1	31	37	62	0)
v(472	1	8	46	16	3)
v(472	2	5	145	10	3)
v(472	3	4	99	8	3)
v(472	4	27	103	54	3)
v(473	1	2	103	4	2)
v(473	2	16	23	32	2)
v(473	3	27	88	54	2)
v(474	1	5	71	10	1)
v(474	2	21	60	42	1)
v(475	1	20	70	40	4)
v(475	2	24	52	48	4)
v(475	3	7	166	14	4)
v(475	4	8	79	16	4)
v(475	5	14	151	28	4)
v(476	1	32	129	64	0)
v(477	1	30	58	60	2)
v(477	2	12	145	24	2)
v(477	3	8	147	16	2)
v(478	1	12	144	24	4)
v(478	2	30	128	60	3)
v(478	3	24	156	48	3)
v(478	4	28	38	56	3)
v(478	5	13	34	26	3)
v(479	1	31	190	62	3)
v(479	2	10	75	20	3)
v(479	3	9	169	18	2)
v(479	4	7	119	14	2)
v(480	1	1	120	2	2)
v(480	2	2	126	4	2)
v(480	3	10	77	20	2)
v(481	1	12	73	24	1)
v(481	2	23	151	46	1)
v(482	1	21	54	42	2)
v(482	2	12	125	24	2)
v(482	3	23	124	46	2)
v(483	1	5	162	10	1)
v(483	2	11	147	22	1)
v(484	1	28	78	56	3)
v(484	2	29	171	58	3)
v(484	3	18	101	36	4)
v(484	4	24	131	48	4)
v(484	5	6	70	12	4)
v(485	1	14	30	28	0)
v(486	1	5	46	10	1)
v(486	2	1	30	2	1)
v(487	1	32	117	64	1)
v(487	2	24	52	48	1)
v(488	1	5	70	10	4)
v(488	2	13	40	26	4)
v(488	3	30	115	60	4)
v(488	4	20	113	40	4)
v(488	5	18	85	36	4)
v(489	1	12	131	24	3)
v(489	2	30	171	60	2)
v(489	3	13	16	26	2)
v(489	4	16	82	32	3)
v(490	1	18	66	36	3)
v(490	2	9	92	18	3)
v(490	3	5	48	10	3)
v(490	4	3	13	6	3)
v(491	1	2	96	4	3)
v(491	2	6	144	12	3)
v(491	3	13	119	26	3)
v(491	4	6	132	12	3)
v(492	1	14	105	28	1)
v(492	2	21	22	42	1)
v(493	1	23	138	46	0)
v(494	1	4	16	8	3)
v(494	2	16	40	32	3)
v(494	3	30	114	60	3)
v(494	4	25	94	50	3)
v(495	1	22	182	44	4)
v(495	2	10	94	20	4)
v(495	3	1	150	2	4)
v(495	4	23	101	46	4)
v(495	5	4	95	8	4)
v(496	1	32	79	64	0)
v(497	1	13	52	26	3)
v(497	2	30	133	60	3)
v(497	3	14	55	28	3)
v(497	4	4	139	8	3)
v(498	1	15	152	30	2)
v(498	2	27	183	54	2)
v(498	3	18	42	36	2)
v(499	1	15	105	30	1)
v(499	2	13	140	26	1)
v(500	1	17	112	34	1)
v(500	2	23	89	46	1)
v(501	1	15	29	30	0)
v(501	2	22	117	44	0)
v(502	1	8	43	16	2)
v(502	2	4	107	8	3)
v(502	3	11	83	22	2)
v(502	4	28	45	56	3)
v(503	1	30	161	60	4)
v(503	2	10	108	20	4)
v(503	3	13	74	26	4)
v(503	4	11	20	22	3)
v(503	5	31	191	62	3)
v(504	1	15	46	30	3)
v(504	2	9	115	18	3)
v(504	3	9	158	18	2)
v(504	4	31	191	62	2)
v(505	1	4	120	8	3)
v(505	2	29	181	58	3)
v(505	3	13	128	26	3)
v(505	4	32	139	64	3)
v(506	1	10	107	20	3)
v(506	2	29	185	58	3)
v(506	3	13	134	26	2)
v(506	4	18	85	36	2)
v(507	1	13	104	26	0)
v(508	1	11	93	22	4)
v(508	2	31	121	62	4)
v(508	3	3	68	6	4)
v(508	4	30	158	60	4)
v(508	5	20	91	40	4)
v(509	1	1	31	2	1)
v(509	2	22	155	44	1)
v(510	1	10	97	20	2)
v(510	2	32	117	64	1)
v(510	3	8	165	16	1)
v(511	1	28	132	56	1)
v(511	2	18	105	36	1)
v(512	1	26	99	52	4)
v(512	2	19	160	38	4)
v(512	3	31	93	62	4)
v(512	4	11	165	22	4)
v(512	5	23	179	46	4)
v(513	1	25	74	50	4)
v(513	2	13	106	26	4)
v(513	3	1	137	2	3)
v(513	4	27	157	54	3)
v(513	5	20	78	40	4)
v(514	1	26	68	52	2)
v(514	2	15	25	30	2)
v(514	3	6	94	12	2)
v(514	4	15	131	30	2)
v(515	1	21	41	42	3)
v(515	2	22	102	44	3)
v(515	3	14	140	28	3)
v(515	4	31	188	62	3)
v(516	1	29	69	58	3)
v(516	2	30	132	60	3)
v(516	3	26	175	52	3)
v(516	4	8	21	16	3)
v(517	1	26	164	52	0)
v(518	1	21	63	42	0)
v(518	2	5	157	10	0)
v(519	1	25	146	50	4)
v(519	2	31	186	62	4)
v(519	3	24	63	48	4)
v(519	4	32	134	64	4)
v(519	5	12	108	24	4)
v(520	1	32	95	64	1)
v(520	2	24	124	48	1)
v(521	1	17	26	34	1)
v(521	2	25	138	50	1)
v(522	1	13	168	26	2)
v(522	2	14	86	28	2)
v(522	3	22	146	44	2)
v(523	1	17	150	34	3)
v(523	2	32	153	64	3)
v(523	3	12	26	24	3)
v(523	4	25	167	50	3)
v(524	1	16	78	32	3)
v(524	2	24	86	48	3)
v(524	3	13	129	26	3)
v(524	4	13	110	26	3)
v(525	1	5	15	10	2)
v(525	2	6	112	12	2)
v(525	3	11	167	22	2)
v(526	1	31	124	62	2)
v(526	2	8	18	16	3)
v(526	3	12	74	24	3)
v(526	4	20	85	40	2)
v(527	1	5	84	10	2)
v(527	2	13	86	26	2)
v(527	3	4	86	8	2)
v(528	1	18	160	36	0)
v(529	1	1	24	2	1)
v(529	2	2	132	4	1)
v(530	1	6	53	12	0)
v(531	1	16	134	32	0)
v(532	1	27	106	54	0)
v(533	1	12	31	24	4)
v(533	2	22	71	44	4)
v(533	3	20	170	40	3)
v(533	4	14	80	28	4)
v(533	5	11	71	22	3)
v(534	1	22	27	44	3)
v(534	2	8	33	16	3)
v(534	3	26	28	52	4)
v(534	4	5	90	10	4)
v(534	5	7	121	14	4)
v(535	1	4	121	8	3)
v(535	2	10	77	20	3)
v(535	3	25	67	50	3)
v(535	4	10	155	20	3)
v(536	1	24	64	48	4)
v(536	2	12	19	24	4)
v(536	3	6	154	12	4)
v(536	4	2	107	4	4)
v(536	5	7	8	14	4)
v(537	1	17	57	34	1)
v(537	2	20	90	40	1)
v(538	1	17	103	34	2)
v(538	2	11	24	22	2)
v(538	3	18	93	36	2)
v(539	1	17	25	34	1)
v(539	2	25	49	50	1)
v(540	1	28	158	56	0)
v(540	2	30	136	60	0)
v(541	1	20	159	40	4)
v(541	2	8	107	16	4)
v(541	3	8	33	16	4)
v(541	4	1	158	2	4)
v(541	5	27	169	54	4)
v(542	1	4	56	8	2)
v(542	2	29	134	58	2)
v(542	3	18	31	36	2)
v(543	1	24	64	48	0)
v(543	2	32	127	64	0)
v(544	1	1	29	2	3)
v(544	2	28	164	56	4)
v(544	3	14	44	28	4)
v(544	4	17	89	34	3)
v(544	5	8	69	16	4)
v(545	1	30	50	60	1)
v(545	2	24	77	48	1)
v(546	1	17	53	34	2)
v(546	2	27	132	54	2)
v(546	3	14	171	28	2)
v(547	1	26	185	52	0)
v(548	1	14	171	28	1)
v(548	2	8	153	16	1)
v(549	1	11	82	22	4)
v(549	2	5	162	10	4)
v(549	3	1	146	2	4)
v(549	4	11	130	22	4)
v(549	5	25	136	50	4)
v(550	1	21	84	42	2)
v(550	2	15	49	30	2)
v(550	3	27	60	54	2)
v(551	1	5	62	10	1)
v(551	2	16	140	32	2)
v(551	3	30	153	60	1)
v(552	1	1	146	2	4)
v(552	2	10	117	20	4)
v(552	3	26	111	52	4)
v(552	4	23	91	46	4)
v(552	5	9	38	18	4)
v(553	1	22	129	44	3)
v(553	2	15	134	30	3)
v(553	3	9	50	18	3)
v(553	4	25	132	50	3)
v(554	1	7	93	14	2)
v(554	2	8	27	16	2)
v(554	3	27	57	54	2)
v(555	1	13	129	26	2)
v(555	2	8	49	16	2)
v(555	3	3	131	6	2)
v(556	1	10	53	20	4)
v(556	2	3	91	6	4)
v(556	3	32	46	64	4)
v(556	4	20	166	40	4)
v(556	5	7	83	14	4)
v(557	1	9	17	18	1)
v(557	2	12	24	24	1)
v(558	1	13	133	26	2)
v(558	2	16	167	32	2)
v(558	3	7	53	14	3)
v(558	4	26	94	52	3)
v(559	1	14	42	28	1)
v(559	2	21	81	42	1)
v(560	1	25	38	50	2)
v(560	2	14	102	28	2)
v(560	3	3	136	6	2)
v(561	1	5	151	10	0)
v(562	1	19	159	38	1)
v(562	2	2	141	4	1)
v(563	1	20	116	40	0)
v(564	1	16	163	32	0)
v(565	1	12	28	24	1)
v(565	2	27	177	54	1)
v(566	1	19	127	38	3)
v(566	2	11	59	22	3)
v(566	3	22	151	44	3)
v(566	4	26	93	52	3)
v(567	1	28	155	56	4)
v(567	2	17	83	34	4)
v(567	3	20	32	40	4)
v(567	4	29	125	58	3)
v(567	5	18	54	36	3)
v(568	1	10	152	20	2)
v(568	2	15	134	30	2)
v(568	3	12	126	24	2)
v(569	1	8	62	16	0)
v(570	1	5	158	10	2)
v(570	2	15	37	30	2)
v(570	3	23	160	46	2)
v(571	1	28	187	56	4)
v(571	2	24	66	48	3)
v(571	3	12	62	24	4)
v(571	4	29	160	58	4)
v(571	5	14	120	28	3)
v(572	1	28	65	56	0)
v(573	1	8	32	16	1)
v(573	2	22	181	44	1)
v(574	1	26	165	52	3)
v(574	2	18	96	36	3)
v(574	3	15	80	30	3)
v(574	4	25	83	50	3)
v(575	1	12	40	24	0)
v(576	1	9	103	18	3)
v(576	2	5	66	10	3)
v(576	3	23	161	46	3)
v(576	4	31	175	62	3)
v(577	1	25	135	50	2)
v(577	2	13	153	26	2)
v(577	3	29	180	58	2)
v(578	1	29	171	58	2)
v(578	2	16	56	32	2)
v(578	3	17	36	34	2)
v(579	1	1	14	2	4)
v(579	2	28	48	56	4)
v(579	3	25	114	50	4)
v(579	4	21	120	42	4)
v(579	5	23	66	46	4)
v(580	1	19	70	38	0)
v(581	1	10	52	20	4)
v(581	2	31	52	62	4)
v(581	3	27	125	54	3)
v(581	4	3	115	6	3)
v(581	5	14	142	28	4)
v(582	1	15	63	30	1)
v(582	2	19	119	38	1)
v(583	1	2	137	4	1)
v(583	2	15	32	30	1)
v(584	1	3	124	6	3)
v(584	2	8	44	16	3)
v(584	3	10	96	20	3)
v(584	4	5	89	10	3)
v(585	1	4	69	8	2)
v(585	2	3	109	6	2)
v(585	3	4	19	8	2)
v(586	1	32	90	64	2)
v(586	2	18	155	36	2)
v(586	3	30	179	60	3)
v(586	4	19	32	38	3)
v(587	1	14	38	28	0)
v(588	1	28	111	56	4)
v(588	2	8	113	16	4)
v(588	3	29	180	58	4)
v(588	4	23	37	46	4)
v(588	5	25	61	50	4)
v(589	1	30	95	60	4)
v(589	2	7	159	14	4)
v(589	3	15	133	30	3)
v(589	4	15	121	30	4)
v(589	5	32	159	64	3)
v(590	1	13	19	26	0)
v(591	1	14	116	28	2)
v(591	2	2	130	4	2)
v(591	3	19	86	38	2)
v(592	1	21	158	42	3)
v(592	2	10	107	20	4)
v(592	3	29	48	58	2)
v(592	4	6	104	12	3)
v(592	5	14	32	28	4)
v(593	1	25	71	50	1)
v(593	2	26	115	52	1)
v(594	1	30	153	60	2)
v(594	2	13	113	26	2)
v(594	3	22	168	44	2)
v(595	1	4	53	8	3)
v(595	2	30	134	60	4)
v(595	3	24	140	48	4)
v(595	4	10	86	20	4)
v(595	5	17	37	34	3)
v(596	1	27	79	54	2)
v(596	2	1	21	2	2)
v(596	3	10	89	20	2)
v(597	1	16	120	32	1)
v(597	2	11	45	22	2)
v(597	3	20	160	40	1)
v(598	1	24	124	48	2)
v(598	2	17	140	34	2)
v(598	3	1	100	2	2)
v(599	1	10	122	20	3)
v(599	2	6	121	12	2)
v(599	3	3	96	6	2)
v(599	4	29	75	58	3)
v(600	1	20	136	40	2)
v(600	2	28	93	56	2)
v(600	3	3	97	6	2)
e(1	1	2	160)
e(1	1	3	130)
e(1	2	3	10)
e(3	1	2	130)
e(4	1	2	40)
e(4	1	3	90)
e(4	2	3	160)
e(4	1	4	60)
e(4	2	4	50)
e(4	3	4	130)
e(4	1	5	130)
e(4	2	5	150)
e(4	4	5	160)
e(5	1	2	80)
e(5	1	3	60)
e(5	2	3	160)
e(6	1	2	120)
e(6	1	3	60)
e(6	2	3	40)
e(6	1	4	60)
e(6	2	4	30)
e(6	3	4	50)
e(6	1	5	160)
e(6	2	5	100)
e(6	3	5	150)
e(6	4	5	120)
e(7	1	2	70)
e(8	1	2	110)
e(8	1	3	70)
e(8	2	3	60)
e(8	2	4	110)
e(8	3	4	110)
e(8	1	5	10)
e(8	2	5	110)
e(8	3	5	150)
e(8	4	5	40)
e(10	1	2	160)
e(10	1	3	140)
e(10	2	3	10)
e(11	1	2	20)
e(11	2	3	60)
e(13	1	2	70)
e(13	1	3	150)
e(13	2	3	120)
e(13	1	4	140)
e(13	2	4	70)
e(13	3	4	30)
e(13	1	5	80)
e(13	2	5	150)
e(13	3	5	110)
e(13	4	5	10)
e(16	1	2	150)
e(16	1	3	130)
e(16	2	3	100)
e(16	1	4	150)
e(16	2	4	140)
e(16	3	4	20)
e(17	1	2	160)
e(18	1	3	140)
e(18	2	3	120)
e(18	2	4	50)
e(18	3	4	50)
e(18	1	5	120)
e(18	2	5	30)
e(18	3	5	60)
e(18	4	5	60)
e(19	1	2	20)
e(19	1	3	150)
e(19	2	3	20)
e(19	1	4	100)
e(19	2	4	10)
e(19	3	4	20)
e(19	1	5	150)
e(19	2	5	10)
e(19	3	5	10)
e(19	4	5	120)
e(20	1	2	110)
e(23	1	2	160)
e(23	1	3	80)
e(23	2	3	30)
e(23	1	4	150)
e(23	2	4	60)
e(23	3	4	100)
e(23	1	5	30)
e(23	2	5	120)
e(23	3	5	40)
e(23	4	5	140)
e(26	1	2	100)
e(26	1	3	20)
e(26	2	3	80)
e(26	1	4	50)
e(26	2	4	120)
e(26	3	4	20)
e(27	1	2	40)
e(27	1	3	50)
e(27	2	3	140)
e(27	1	4	120)
e(27	2	4	30)
e(27	3	4	120)
e(28	1	2	40)
e(28	1	3	150)
e(28	2	3	150)
e(28	1	4	40)
e(28	2	4	70)
e(28	3	4	110)
e(29	1	2	110)
e(29	1	3	100)
e(29	2	3	120)
e(29	1	4	40)
e(29	2	4	50)
e(29	3	4	40)
e(30	1	2	80)
e(31	1	2	10)
e(31	1	3	110)
e(31	2	3	160)
e(31	1	4	90)
e(31	2	4	130)
e(31	3	4	80)
e(32	1	2	130)
e(32	1	3	40)
e(32	2	3	20)
e(32	1	4	90)
e(32	2	4	130)
e(32	3	4	20)
e(32	1	5	110)
e(32	2	5	40)
e(32	3	5	80)
e(32	4	5	10)
e(33	1	2	130)
e(33	2	3	130)
e(35	1	2	160)
e(35	1	3	30)
e(35	2	3	30)
e(35	1	4	130)
e(35	1	5	100)
e(35	2	5	90)
e(35	3	5	50)
e(35	4	5	150)
e(36	1	2	20)
e(37	1	2	100)
e(37	1	3	110)
e(37	2	3	160)
e(37	2	4	30)
e(37	3	4	50)
e(37	1	5	90)
e(37	3	5	150)
e(37	4	5	110)
e(38	1	2	80)
e(41	1	2	120)
e(41	1	3	110)
e(41	2	3	130)
e(42	1	2	50)
e(42	1	3	30)
e(42	2	3	70)
e(43	1	2	50)
e(43	1	3	50)
e(43	2	3	110)
e(44	1	2	110)
e(44	1	3	50)
e(44	2	3	150)
e(45	1	2	20)
e(46	1	2	150)
e(47	1	2	10)
e(47	1	3	40)
e(47	2	3	50)
e(47	1	4	160)
e(47	2	4	70)
e(47	3	4	130)
e(49	1	2	120)
e(49	1	3	60)
e(49	2	3	140)
e(49	1	4	70)
e(49	2	4	30)
e(49	3	4	90)
e(50	1	3	50)
e(50	2	3	40)
e(50	1	4	40)
e(50	2	4	130)
e(50	3	4	80)
e(51	1	2	110)
e(51	1	3	30)
e(51	2	3	20)
e(51	1	4	30)
e(51	2	4	160)
e(51	3	4	110)
e(52	1	2	110)
e(53	1	2	140)
e(53	1	3	80)
e(53	3	4	60)
e(54	1	2	110)
e(55	1	2	30)
e(55	1	3	90)
e(55	2	3	90)
e(55	1	4	120)
e(55	2	4	90)
e(55	3	4	30)
e(55	1	5	150)
e(55	2	5	10)
e(55	3	5	160)
e(55	4	5	30)
e(56	1	2	100)
e(58	1	2	80)
e(60	1	2	40)
e(60	1	3	160)
e(60	2	3	130)
e(60	1	4	80)
e(60	2	4	40)
e(60	3	4	90)
e(62	1	2	110)
e(64	1	2	60)
e(64	1	3	130)
e(64	2	3	10)
e(64	1	4	50)
e(64	2	4	100)
e(64	3	4	30)
e(65	1	2	60)
e(65	1	3	60)
e(65	2	3	110)
e(65	1	4	100)
e(65	2	4	130)
e(65	1	5	80)
e(65	2	5	80)
e(65	3	5	70)
e(65	4	5	70)
e(66	1	2	130)
e(66	1	3	20)
e(66	2	3	140)
e(66	1	4	20)
e(66	2	4	30)
e(66	3	4	80)
e(67	1	2	80)
e(67	1	3	160)
e(67	2	3	90)
e(68	1	3	50)
e(68	2	3	30)
e(68	1	4	140)
e(68	2	4	40)
e(68	3	4	20)
e(71	1	2	120)
e(71	1	3	60)
e(71	2	3	140)
e(71	1	4	50)
e(71	2	4	160)
e(71	3	4	50)
e(71	1	5	150)
e(71	2	5	160)
e(71	3	5	10)
e(71	4	5	90)
e(74	1	2	140)
e(74	1	4	90)
e(74	2	4	120)
e(74	3	4	60)
e(75	1	3	130)
e(75	2	3	150)
e(75	2	4	30)
e(75	3	4	20)
e(75	1	5	150)
e(75	2	5	70)
e(75	3	5	110)
e(75	4	5	110)
e(76	1	2	130)
e(76	1	3	80)
e(76	2	3	120)
e(76	1	4	90)
e(76	2	4	50)
e(76	3	4	10)
e(76	1	5	160)
e(76	2	5	20)
e(76	3	5	90)
e(76	4	5	20)
e(77	1	2	140)
e(77	1	3	140)
e(77	2	3	20)
e(78	1	2	80)
e(78	1	3	140)
e(78	2	3	160)
e(78	1	4	160)
e(78	2	4	20)
e(78	3	4	40)
e(78	1	5	10)
e(78	2	5	40)
e(78	3	5	130)
e(78	4	5	100)
e(79	1	2	50)
e(80	1	2	130)
e(80	1	3	150)
e(80	2	3	140)
e(80	1	4	100)
e(80	3	4	70)
e(80	1	5	100)
e(80	2	5	150)
e(80	3	5	50)
e(80	4	5	150)
e(81	1	2	160)
e(81	1	3	110)
e(81	2	3	80)
e(81	1	4	80)
e(81	2	4	30)
e(81	3	4	110)
e(82	1	2	50)
e(82	1	3	130)
e(82	2	3	160)
e(83	1	2	120)
e(83	1	3	60)
e(83	2	3	160)
e(83	1	4	140)
e(83	2	4	40)
e(83	3	4	80)
e(84	1	2	50)
e(84	1	3	70)
e(84	2	3	140)
e(85	1	2	40)
e(85	1	3	140)
e(85	2	3	150)
e(85	1	4	20)
e(85	2	4	160)
e(85	3	4	160)
e(85	1	5	80)
e(85	2	5	70)
e(85	3	5	130)
e(85	4	5	10)
e(86	1	2	130)
e(86	1	3	100)
e(86	2	3	40)
e(87	1	2	110)
e(88	1	2	10)
e(89	1	2	40)
e(90	1	2	160)
e(91	1	2	110)
e(91	1	3	120)
e(91	2	3	80)
e(91	1	4	70)
e(91	2	4	60)
e(91	3	4	160)
e(93	1	2	160)
e(93	1	3	120)
e(93	2	3	160)
e(93	1	4	40)
e(93	3	4	40)
e(94	1	2	30)
e(94	1	3	70)
e(94	2	3	80)
e(96	1	2	30)
e(98	1	2	80)
e(98	1	3	70)
e(98	2	3	70)
e(98	1	4	40)
e(98	2	4	160)
e(98	3	4	150)
e(99	1	2	10)
e(100	1	2	160)
e(100	1	3	160)
e(100	2	3	100)
e(100	1	4	140)
e(100	2	4	150)
e(100	3	4	160)
e(100	1	5	150)
e(100	2	5	70)
e(100	3	5	70)
e(100	4	5	20)
e(101	1	2	150)
e(101	2	3	50)
e(101	1	4	60)
e(101	2	4	150)
e(101	3	4	150)
e(101	1	5	50)
e(101	2	5	70)
e(101	3	5	30)
e(101	4	5	120)
e(102	1	2	70)
e(103	1	2	40)
e(103	1	3	130)
e(103	2	3	130)
e(103	1	4	10)
e(103	2	4	120)
e(103	3	4	10)
e(104	1	2	60)
e(104	1	3	120)
e(104	2	3	60)
e(104	1	4	80)
e(104	2	4	100)
e(104	3	4	130)
e(105	1	2	160)
e(106	1	2	130)
e(106	1	3	80)
e(106	1	4	120)
e(106	2	4	60)
e(106	3	4	160)
e(108	1	2	10)
e(108	1	3	70)
e(108	2	3	80)
e(108	1	4	100)
e(108	2	4	160)
e(108	3	4	150)
e(108	1	5	120)
e(108	2	5	50)
e(108	3	5	70)
e(108	4	5	90)
e(109	1	2	140)
e(109	1	3	80)
e(109	2	3	80)
e(109	1	4	20)
e(109	3	4	110)
e(109	1	5	70)
e(109	2	5	150)
e(109	3	5	100)
e(109	4	5	110)
e(110	1	2	120)
e(110	1	3	100)
e(110	2	3	30)
e(110	1	4	60)
e(110	2	4	10)
e(110	3	4	150)
e(110	1	5	40)
e(110	2	5	40)
e(110	3	5	60)
e(110	4	5	80)
e(112	1	2	20)
e(112	1	3	20)
e(112	1	4	70)
e(112	2	4	110)
e(112	3	4	70)
e(114	1	2	10)
e(115	1	2	10)
e(115	1	3	110)
e(115	2	3	140)
e(115	1	4	140)
e(115	2	4	70)
e(115	3	4	60)
e(117	1	2	10)
e(117	1	3	130)
e(117	2	3	10)
e(117	1	4	60)
e(117	2	4	70)
e(117	3	4	90)
e(117	1	5	50)
e(117	2	5	120)
e(117	4	5	130)
e(118	1	2	50)
e(118	1	3	20)
e(118	2	3	70)
e(119	1	2	90)
e(120	1	2	20)
e(121	1	2	30)
e(122	1	2	80)
e(122	1	3	130)
e(122	2	3	120)
e(122	1	4	40)
e(122	2	4	110)
e(122	3	4	160)
e(123	1	2	10)
e(123	1	3	70)
e(123	2	3	50)
e(123	1	4	140)
e(123	2	4	70)
e(123	3	4	40)
e(124	1	2	160)
e(124	1	3	50)
e(124	2	3	140)
e(126	1	2	130)
e(127	1	2	110)
e(128	1	2	80)
e(129	1	2	120)
e(129	1	3	60)
e(129	2	3	70)
e(129	3	4	70)
e(129	1	5	100)
e(129	2	5	130)
e(129	3	5	40)
e(129	4	5	110)
e(130	1	2	20)
e(130	1	3	10)
e(130	2	3	110)
e(130	1	4	160)
e(130	2	4	120)
e(130	3	4	110)
e(130	1	5	100)
e(130	2	5	160)
e(130	4	5	20)
e(132	1	2	110)
e(132	1	3	80)
e(133	1	2	10)
e(135	1	2	90)
e(135	1	3	160)
e(135	1	4	100)
e(135	3	4	30)
e(138	1	2	20)
e(138	1	3	50)
e(138	2	3	140)
e(138	1	4	160)
e(138	2	4	130)
e(138	3	4	110)
e(138	1	5	110)
e(138	3	5	160)
e(138	4	5	30)
e(139	1	2	50)
e(140	1	2	130)
e(140	1	3	40)
e(141	1	2	50)
e(141	1	3	60)
e(141	2	3	150)
e(141	1	4	140)
e(141	2	4	90)
e(141	3	4	80)
e(142	1	2	90)
e(142	1	3	30)
e(142	2	3	60)
e(142	1	4	110)
e(142	2	4	70)
e(142	3	4	20)
e(142	1	5	160)
e(142	2	5	100)
e(142	3	5	80)
e(142	4	5	20)
e(143	1	2	100)
e(143	1	3	150)
e(143	2	3	70)
e(146	1	2	20)
e(146	1	3	10)
e(146	2	3	110)
e(147	1	2	100)
e(147	1	3	140)
e(147	2	3	140)
e(147	3	4	40)
e(148	1	2	60)
e(148	1	3	100)
e(148	2	3	150)
e(148	1	4	150)
e(148	2	4	40)
e(148	3	4	150)
e(148	1	5	10)
e(148	3	5	30)
e(148	4	5	150)
e(150	1	2	70)
e(150	1	3	90)
e(150	1	4	10)
e(150	2	4	140)
e(150	3	4	70)
e(152	1	2	120)
e(152	1	3	50)
e(152	2	3	50)
e(154	1	2	10)
e(154	1	3	100)
e(154	2	3	140)
e(154	1	4	120)
e(154	2	4	40)
e(154	3	4	160)
e(154	1	5	160)
e(154	2	5	150)
e(154	3	5	100)
e(154	4	5	60)
e(155	1	2	20)
e(155	1	3	90)
e(155	1	4	50)
e(155	2	4	90)
e(155	1	5	60)
e(155	2	5	10)
e(155	3	5	20)
e(155	4	5	50)
e(156	1	2	100)
e(156	1	3	150)
e(156	2	3	150)
e(157	1	3	110)
e(157	2	3	110)
e(157	1	4	130)
e(157	2	4	40)
e(158	1	2	30)
e(159	1	2	110)
e(159	1	3	120)
e(159	2	3	40)
e(159	1	4	10)
e(159	2	4	120)
e(159	3	4	130)
e(160	1	2	30)
e(160	1	3	90)
e(160	2	3	50)
e(160	1	4	160)
e(160	2	4	10)
e(160	3	4	40)
e(161	1	2	50)
e(161	1	3	10)
e(161	2	3	150)
e(162	1	2	110)
e(163	1	2	20)
e(163	1	3	120)
e(163	2	3	80)
e(164	1	2	10)
e(165	1	2	10)
e(165	1	3	160)
e(165	2	3	70)
e(165	1	4	150)
e(165	2	4	120)
e(165	3	4	40)
e(165	1	5	80)
e(165	2	5	20)
e(165	3	5	30)
e(165	4	5	100)
e(166	1	2	160)
e(166	1	3	80)
e(166	2	3	20)
e(166	1	4	80)
e(166	2	4	90)
e(166	3	4	80)
e(167	1	2	100)
e(167	2	3	140)
e(167	2	4	20)
e(167	3	4	100)
e(168	1	2	130)
e(168	1	3	40)
e(168	2	3	120)
e(170	1	2	130)
e(170	1	3	90)
e(170	2	3	100)
e(171	1	2	40)
e(174	1	2	40)
e(174	1	3	80)
e(174	2	3	30)
e(175	1	2	110)
e(175	1	3	40)
e(175	2	3	70)
e(176	1	2	60)
e(176	2	3	60)
e(176	1	4	130)
e(176	2	4	30)
e(176	3	4	100)
e(177	1	2	130)
e(177	1	3	50)
e(177	2	3	60)
e(177	1	4	160)
e(177	2	4	40)
e(177	3	4	40)
e(177	1	5	160)
e(177	2	5	100)
e(177	4	5	70)
e(178	1	2	140)
e(178	1	3	110)
e(178	2	3	10)
e(180	1	2	160)
e(180	1	3	30)
e(180	2	3	110)
e(180	1	4	30)
e(180	2	4	150)
e(180	3	4	10)
e(180	1	5	120)
e(180	2	5	80)
e(180	3	5	100)
e(180	4	5	40)
e(181	1	2	120)
e(181	2	3	160)
e(181	1	4	110)
e(181	2	4	40)
e(181	3	4	60)
e(181	1	5	160)
e(181	2	5	50)
e(181	3	5	140)
e(181	4	5	100)
e(182	1	2	110)
e(182	1	3	40)
e(182	2	3	150)
e(182	1	4	60)
e(182	2	4	30)
e(182	3	4	60)
e(182	1	5	110)
e(182	2	5	10)
e(182	3	5	100)
e(182	4	5	150)
e(183	1	2	40)
e(183	1	3	20)
e(183	2	3	130)
e(185	1	2	150)
e(185	1	3	110)
e(185	2	3	110)
e(185	1	4	10)
e(185	2	4	120)
e(185	3	4	140)
e(186	1	2	30)
e(186	1	3	20)
e(186	2	3	10)
e(186	1	4	130)
e(186	3	4	40)
e(188	1	2	70)
e(188	1	3	90)
e(188	2	4	70)
e(188	3	4	20)
e(189	1	2	70)
e(190	1	2	60)
e(190	1	3	80)
e(190	2	3	60)
e(190	1	4	110)
e(190	2	4	80)
e(190	3	4	50)
e(191	1	3	120)
e(191	2	3	150)
e(191	1	4	50)
e(191	2	4	60)
e(191	3	4	30)
e(193	1	2	150)
e(194	1	2	90)
e(194	1	3	130)
e(194	2	3	110)
e(194	1	4	70)
e(194	2	4	80)
e(194	3	4	160)
e(195	1	2	20)
e(195	1	3	130)
e(195	2	3	160)
e(197	1	2	90)
e(197	1	3	30)
e(197	2	3	120)
e(197	1	4	20)
e(197	2	4	80)
e(197	3	4	10)
e(197	1	5	80)
e(197	2	5	50)
e(197	3	5	10)
e(197	4	5	10)
e(198	1	2	140)
e(198	1	3	20)
e(198	2	3	110)
e(198	1	4	160)
e(198	2	4	50)
e(198	3	4	120)
e(198	1	5	30)
e(198	2	5	30)
e(198	3	5	150)
e(198	4	5	160)
e(200	1	2	50)
e(200	1	3	30)
e(200	2	3	20)
e(201	1	2	80)
e(201	1	3	110)
e(201	2	3	40)
e(201	1	4	90)
e(201	2	4	20)
e(201	3	4	150)
e(201	1	5	10)
e(201	2	5	70)
e(201	3	5	130)
e(201	4	5	100)
e(202	1	2	30)
e(202	1	3	40)
e(202	2	3	10)
e(202	1	4	140)
e(202	2	4	10)
e(202	3	4	140)
e(202	1	5	80)
e(202	2	5	10)
e(202	3	5	110)
e(202	4	5	20)
e(203	1	2	100)
e(203	1	3	50)
e(203	2	3	100)
e(203	1	4	50)
e(203	2	4	60)
e(203	3	4	60)
e(204	1	2	130)
e(204	1	3	60)
e(204	2	3	30)
e(205	1	2	130)
e(205	1	3	160)
e(205	2	3	160)
e(205	2	4	100)
e(205	3	4	80)
e(206	1	2	10)
e(206	1	3	70)
e(206	2	3	110)
e(206	1	4	100)
e(206	2	4	90)
e(206	3	4	10)
e(206	1	5	10)
e(206	2	5	40)
e(206	3	5	30)
e(207	1	2	100)
e(208	1	2	10)
e(208	1	3	110)
e(208	2	3	60)
e(208	1	4	30)
e(208	2	4	100)
e(208	3	4	130)
e(208	1	5	160)
e(208	2	5	60)
e(208	3	5	90)
e(208	4	5	160)
e(209	1	2	160)
e(210	1	2	140)
e(210	1	3	20)
e(210	2	3	10)
e(211	1	2	150)
e(212	1	2	140)
e(212	2	3	140)
e(212	1	4	50)
e(212	2	4	80)
e(212	3	4	70)
e(212	1	5	60)
e(212	2	5	80)
e(212	3	5	90)
e(212	4	5	150)
e(214	1	2	110)
e(214	1	3	30)
e(214	2	3	20)
e(215	1	2	20)
e(216	1	2	150)
e(216	1	3	130)
e(216	2	3	90)
e(216	1	4	10)
e(216	2	4	120)
e(216	1	5	120)
e(216	2	5	60)
e(216	3	5	120)
e(216	4	5	30)
e(220	1	2	100)
e(221	1	2	80)
e(222	1	2	130)
e(223	1	2	20)
e(223	1	3	100)
e(223	2	3	70)
e(223	1	4	90)
e(223	3	4	80)
e(224	1	2	10)
e(224	1	3	60)
e(224	1	4	90)
e(224	1	5	90)
e(224	2	5	110)
e(224	4	5	60)
e(225	1	3	50)
e(225	2	3	100)
e(226	1	2	50)
e(229	1	2	20)
e(229	1	3	160)
e(229	2	3	50)
e(229	1	4	90)
e(229	2	4	30)
e(229	3	4	100)
e(230	1	2	130)
e(230	1	3	140)
e(230	2	3	70)
e(231	1	2	100)
e(231	2	3	130)
e(232	1	2	160)
e(232	1	3	140)
e(232	2	3	100)
e(232	1	4	160)
e(232	2	4	140)
e(232	3	4	120)
e(233	1	2	110)
e(233	1	3	70)
e(233	2	3	50)
e(233	1	4	90)
e(233	2	4	20)
e(233	3	4	60)
e(233	1	5	70)
e(233	2	5	20)
e(233	3	5	50)
e(233	4	5	80)
e(236	1	2	30)
e(236	1	3	160)
e(236	2	3	130)
e(236	1	4	10)
e(236	2	4	50)
e(236	3	4	60)
e(236	1	5	110)
e(236	2	5	100)
e(236	3	5	60)
e(236	4	5	40)
e(237	1	2	90)
e(238	1	3	120)
e(238	2	3	10)
e(238	1	4	130)
e(238	2	4	110)
e(238	3	4	20)
e(239	1	2	70)
e(239	1	3	10)
e(239	2	3	130)
e(239	1	4	110)
e(239	2	4	160)
e(239	1	5	20)
e(239	2	5	160)
e(239	3	5	130)
e(239	4	5	70)
e(240	1	2	50)
e(240	1	3	110)
e(240	2	3	130)
e(241	1	2	10)
e(244	1	2	100)
e(245	1	2	120)
e(246	1	2	160)
e(246	1	3	70)
e(246	2	3	110)
e(247	1	2	20)
e(247	1	3	120)
e(247	2	3	20)
e(248	1	2	100)
e(249	1	2	60)
e(249	1	3	40)
e(249	2	3	20)
e(249	1	4	50)
e(249	2	4	70)
e(249	3	4	80)
e(250	1	2	10)
e(250	1	3	20)
e(250	2	3	30)
e(250	1	4	70)
e(250	2	4	120)
e(250	3	4	130)
e(250	1	5	10)
e(250	2	5	130)
e(250	3	5	140)
e(250	4	5	40)
e(251	1	2	90)
e(251	1	3	130)
e(251	1	4	60)
e(251	2	4	10)
e(251	3	4	10)
e(252	1	2	150)
e(252	1	3	150)
e(253	1	2	10)
e(254	1	2	80)
e(256	1	2	10)
e(256	1	3	70)
e(256	2	3	110)
e(256	1	4	50)
e(256	2	4	10)
e(256	3	4	70)
e(256	1	5	150)
e(256	2	5	10)
e(256	3	5	30)
e(256	4	5	40)
e(258	1	2	120)
e(259	1	2	140)
e(259	1	3	160)
e(259	2	3	60)
e(260	1	2	30)
e(260	1	3	120)
e(260	2	3	90)
e(261	1	2	100)
e(262	1	2	100)
e(262	1	3	20)
e(262	2	3	10)
e(262	1	4	140)
e(262	2	4	70)
e(262	3	4	10)
e(262	1	5	130)
e(262	2	5	120)
e(262	3	5	50)
e(262	4	5	130)
e(263	1	2	130)
e(263	1	3	70)
e(263	2	3	40)
e(263	1	4	50)
e(263	2	4	160)
e(263	3	4	130)
e(263	1	5	120)
e(263	2	5	90)
e(263	3	5	10)
e(263	4	5	10)
e(264	1	2	30)
e(265	1	2	150)
e(265	2	3	120)
e(265	2	4	130)
e(265	1	5	40)
e(265	2	5	70)
e(265	3	5	40)
e(265	4	5	110)
e(268	1	2	150)
e(269	1	2	90)
e(269	1	3	60)
e(269	2	3	80)
e(269	1	4	80)
e(269	2	4	10)
e(270	1	2	50)
e(271	1	2	30)
e(271	1	3	100)
e(271	2	3	80)
e(272	1	2	130)
e(272	1	3	10)
e(272	2	3	70)
e(272	1	4	150)
e(272	2	4	100)
e(272	3	4	70)
e(272	1	5	140)
e(272	2	5	90)
e(272	3	5	50)
e(272	4	5	110)
e(273	1	2	50)
e(273	1	3	130)
e(273	2	3	100)
e(273	1	4	150)
e(273	2	4	40)
e(273	3	4	160)
e(273	1	5	50)
e(273	2	5	90)
e(273	3	5	90)
e(276	1	3	20)
e(276	2	3	100)
e(277	1	2	140)
e(277	1	3	60)
e(277	2	3	10)
e(278	1	2	10)
e(278	1	3	140)
e(278	2	3	100)
e(279	1	3	30)
e(279	2	3	110)
e(279	1	4	100)
e(279	2	4	20)
e(279	3	4	120)
e(279	1	5	10)
e(279	2	5	150)
e(279	3	5	10)
e(279	4	5	50)
e(280	1	2	40)
e(280	1	3	90)
e(280	2	3	150)
e(280	1	4	130)
e(280	2	4	110)
e(280	3	4	160)
e(283	1	2	140)
e(283	1	3	50)
e(283	2	3	110)
e(283	1	4	110)
e(283	2	4	150)
e(283	3	4	100)
e(284	1	2	120)
e(284	1	3	90)
e(284	2	3	110)
e(284	1	4	20)
e(284	2	4	20)
e(284	3	4	90)
e(284	1	5	10)
e(284	2	5	160)
e(284	3	5	110)
e(284	4	5	100)
e(285	1	2	100)
e(285	1	3	120)
e(285	2	3	150)
e(285	1	4	110)
e(285	2	4	70)
e(285	3	4	130)
e(287	1	2	10)
e(287	1	3	70)
e(287	2	3	160)
e(288	1	2	130)
e(288	1	3	80)
e(288	2	3	160)
e(288	1	4	70)
e(288	2	4	150)
e(288	1	5	40)
e(288	2	5	120)
e(288	3	5	120)
e(288	4	5	40)
e(289	1	2	70)
e(290	1	3	90)
e(290	2	3	90)
e(290	1	4	10)
e(290	2	4	130)
e(290	3	4	30)
e(291	1	2	30)
e(292	1	2	40)
e(292	1	3	80)
e(292	2	3	110)
e(292	1	4	140)
e(292	2	4	80)
e(292	3	4	60)
e(293	1	2	10)
e(293	1	3	10)
e(293	2	3	70)
e(293	1	4	140)
e(293	2	4	60)
e(293	3	4	40)
e(294	1	2	110)
e(294	1	3	100)
e(294	2	3	110)
e(294	1	4	130)
e(294	2	4	90)
e(294	3	4	70)
e(294	1	5	70)
e(294	2	5	150)
e(294	4	5	80)
e(295	1	2	20)
e(295	1	3	10)
e(295	2	3	150)
e(296	1	2	60)
e(297	1	3	40)
e(297	2	3	160)
e(298	1	2	30)
e(299	1	2	150)
e(299	1	3	90)
e(299	2	3	110)
e(299	1	4	100)
e(299	2	4	100)
e(299	3	4	60)
e(300	1	2	20)
e(300	1	3	20)
e(300	2	3	10)
e(301	1	2	90)
e(302	1	3	80)
e(302	2	3	70)
e(302	1	4	50)
e(302	2	4	60)
e(302	3	4	120)
e(302	1	5	40)
e(302	2	5	70)
e(302	3	5	80)
e(303	1	2	40)
e(305	1	2	160)
e(305	1	3	40)
e(305	2	3	30)
e(307	1	2	140)
e(307	1	3	70)
e(307	2	3	50)
e(307	1	4	160)
e(307	2	4	130)
e(307	3	4	20)
e(307	1	5	40)
e(307	2	5	90)
e(307	3	5	20)
e(307	4	5	40)
e(309	1	2	160)
e(309	1	3	30)
e(309	2	3	130)
e(309	1	4	60)
e(309	2	4	40)
e(309	3	4	160)
e(310	1	2	130)
e(310	1	3	80)
e(310	2	3	20)
e(310	1	4	40)
e(310	2	4	90)
e(310	3	4	20)
e(311	1	2	40)
e(311	1	3	70)
e(311	2	3	110)
e(311	1	4	90)
e(311	2	4	100)
e(311	3	4	110)
e(311	1	5	10)
e(311	2	5	160)
e(311	3	5	60)
e(311	4	5	150)
e(314	1	2	120)
e(315	1	2	80)
e(315	1	3	10)
e(315	1	4	110)
e(315	2	4	130)
e(315	3	4	60)
e(315	1	5	30)
e(315	2	5	50)
e(315	3	5	160)
e(315	4	5	10)
e(316	1	2	100)
e(318	1	2	60)
e(319	1	2	110)
e(319	1	3	70)
e(319	2	3	90)
e(322	1	2	130)
e(323	1	2	10)
e(323	1	3	10)
e(323	2	3	70)
e(323	1	4	30)
e(323	2	4	130)
e(323	3	4	130)
e(324	1	2	40)
e(324	1	3	160)
e(324	2	3	10)
e(325	1	2	60)
e(325	2	3	110)
e(325	1	4	30)
e(325	2	4	90)
e(325	3	4	110)
e(327	1	2	80)
e(328	1	2	70)
e(328	1	3	80)
e(328	2	3	110)
e(329	1	2	110)
e(329	1	3	160)
e(329	2	3	90)
e(329	1	4	60)
e(329	2	4	70)
e(329	3	4	40)
e(330	1	2	60)
e(330	1	3	100)
e(330	2	3	40)
e(330	1	4	70)
e(330	2	4	70)
e(330	3	4	100)
e(331	1	2	100)
e(331	2	3	120)
e(333	1	2	110)
e(333	1	3	50)
e(333	2	3	120)
e(333	1	4	50)
e(333	2	4	60)
e(333	3	4	140)
e(335	1	3	50)
e(335	2	3	90)
e(335	1	4	80)
e(335	2	4	160)
e(335	3	4	160)
e(337	1	2	70)
e(337	1	3	50)
e(337	2	3	70)
e(337	1	4	100)
e(337	3	4	50)
e(338	1	2	140)
e(338	1	3	40)
e(338	2	3	30)
e(338	1	4	50)
e(338	2	4	20)
e(338	3	4	120)
e(338	1	5	20)
e(338	2	5	100)
e(338	3	5	160)
e(338	4	5	40)
e(339	1	2	10)
e(339	1	3	20)
e(339	2	3	90)
e(339	1	4	100)
e(339	2	4	90)
e(339	3	4	40)
e(339	1	5	80)
e(339	2	5	60)
e(339	3	5	60)
e(339	4	5	100)
e(340	1	2	70)
e(340	2	4	80)
e(340	3	4	70)
e(340	1	5	10)
e(340	2	5	60)
e(340	3	5	100)
e(340	4	5	20)
e(341	1	2	80)
e(341	1	3	10)
e(341	2	3	40)
e(341	1	4	140)
e(341	2	4	150)
e(341	3	4	140)
e(342	1	2	120)
e(342	1	3	90)
e(342	2	3	70)
e(344	1	2	100)
e(344	1	3	10)
e(344	2	3	150)
e(345	1	2	150)
e(346	1	2	110)
e(346	1	3	40)
e(346	2	3	20)
e(346	1	4	30)
e(346	2	4	130)
e(346	3	4	60)
e(347	1	2	50)
e(347	1	3	150)
e(347	1	4	100)
e(347	2	4	160)
e(347	3	4	50)
e(348	1	3	50)
e(348	2	3	80)
e(348	1	4	30)
e(348	2	4	90)
e(348	3	4	80)
e(349	1	2	50)
e(350	1	2	60)
e(350	1	3	130)
e(350	2	3	70)
e(350	1	4	160)
e(350	2	4	150)
e(350	3	4	30)
e(352	1	2	50)
e(353	1	2	60)
e(354	1	2	90)
e(354	1	3	160)
e(354	2	3	100)
e(355	1	2	120)
e(355	1	3	50)
e(355	1	4	130)
e(355	2	4	90)
e(355	3	4	160)
e(356	1	2	30)
e(356	1	3	100)
e(356	2	3	10)
e(356	1	4	20)
e(356	2	4	10)
e(356	3	4	30)
e(357	1	2	80)
e(358	1	2	10)
e(358	1	3	90)
e(358	2	3	140)
e(359	1	2	90)
e(359	2	3	70)
e(359	1	4	10)
e(359	2	4	70)
e(359	3	4	100)
e(360	1	2	20)
e(360	1	3	100)
e(360	2	3	20)
e(360	1	4	160)
e(360	2	4	160)
e(360	3	4	100)
e(360	1	5	70)
e(360	2	5	160)
e(360	3	5	160)
e(360	4	5	110)
e(362	1	2	40)
e(362	1	3	100)
e(362	2	3	40)
e(362	1	4	50)
e(362	2	4	100)
e(362	3	4	110)
e(363	1	2	20)
e(363	1	3	150)
e(363	1	4	130)
e(363	2	4	80)
e(363	3	4	100)
e(363	1	5	100)
e(363	2	5	140)
e(363	3	5	110)
e(363	4	5	80)
e(364	1	2	130)
e(364	1	3	120)
e(364	2	3	90)
e(365	1	2	90)
e(365	1	3	110)
e(365	2	3	60)
e(366	1	2	130)
e(366	1	3	150)
e(366	2	3	20)
e(366	1	4	120)
e(366	2	4	100)
e(366	3	4	150)
e(366	1	5	100)
e(366	2	5	60)
e(366	3	5	140)
e(366	4	5	130)
e(367	1	2	160)
e(367	1	3	30)
e(367	2	3	30)
e(369	1	2	50)
e(370	1	2	100)
e(370	1	3	40)
e(371	1	2	120)
e(371	1	3	120)
e(371	2	3	90)
e(371	1	4	20)
e(371	2	4	100)
e(371	3	4	30)
e(371	1	5	30)
e(371	2	5	70)
e(371	3	5	90)
e(372	1	2	70)
e(375	1	2	100)
e(376	1	2	140)
e(376	1	3	60)
e(376	2	3	110)
e(376	1	4	70)
e(376	2	4	10)
e(376	1	5	120)
e(376	2	5	20)
e(376	3	5	80)
e(376	4	5	110)
e(377	1	2	140)
e(377	1	3	150)
e(377	2	3	60)
e(378	1	3	50)
e(378	2	3	40)
e(379	1	2	60)
e(379	1	3	90)
e(379	2	3	120)
e(380	1	2	60)
e(380	1	3	160)
e(380	2	3	20)
e(380	1	4	140)
e(380	2	4	160)
e(380	3	4	160)
e(380	1	5	120)
e(380	2	5	150)
e(380	3	5	50)
e(380	4	5	30)
e(381	1	2	70)
e(381	1	3	10)
e(381	2	3	20)
e(382	1	2	110)
e(382	1	3	80)
e(384	1	2	110)
e(384	1	3	80)
e(384	2	3	120)
e(385	1	2	70)
e(385	1	3	40)
e(385	2	3	130)
e(385	1	4	160)
e(385	2	4	90)
e(385	3	4	30)
e(386	1	2	30)
e(386	1	3	20)
e(386	2	3	10)
e(386	1	4	40)
e(386	2	4	70)
e(386	3	4	20)
e(388	1	2	10)
e(388	1	3	80)
e(388	2	3	30)
e(388	1	4	120)
e(388	2	4	40)
e(388	3	4	130)
e(389	1	2	130)
e(389	1	3	160)
e(389	2	3	20)
e(389	1	4	90)
e(389	2	4	100)
e(389	3	4	50)
e(389	1	5	80)
e(389	2	5	70)
e(389	3	5	150)
e(389	4	5	160)
e(391	1	2	30)
e(391	2	3	160)
e(391	1	4	80)
e(391	2	4	30)
e(391	3	4	100)
e(391	1	5	110)
e(391	2	5	20)
e(391	3	5	70)
e(391	4	5	20)
e(392	1	2	80)
e(393	1	2	20)
e(393	1	3	70)
e(393	1	4	160)
e(393	2	4	10)
e(393	3	4	20)
e(394	1	2	150)
e(394	1	3	50)
e(394	2	3	80)
e(394	1	4	30)
e(394	2	4	10)
e(394	3	4	50)
e(395	1	2	20)
e(395	1	3	160)
e(395	2	3	30)
e(396	1	2	120)
e(396	1	3	10)
e(396	2	3	140)
e(398	1	2	150)
e(398	1	3	10)
e(398	2	3	160)
e(398	1	4	50)
e(398	2	4	30)
e(398	3	4	140)
e(398	1	5	20)
e(398	2	5	60)
e(398	3	5	100)
e(398	4	5	160)
e(400	1	2	20)
e(400	2	3	20)
e(400	1	4	160)
e(400	2	4	60)
e(400	3	4	90)
e(400	1	5	150)
e(400	2	5	70)
e(400	3	5	30)
e(400	4	5	150)
e(401	1	2	70)
e(403	1	2	80)
e(405	1	2	150)
e(406	1	2	10)
e(406	1	3	50)
e(406	2	3	120)
e(406	1	4	120)
e(406	2	4	70)
e(406	3	4	50)
e(407	1	2	120)
e(408	1	2	30)
e(408	1	3	50)
e(408	2	3	130)
e(409	1	2	100)
e(409	1	3	130)
e(409	2	3	130)
e(410	1	2	130)
e(410	1	3	120)
e(410	2	3	100)
e(410	1	4	20)
e(410	2	4	140)
e(410	3	4	60)
e(411	1	2	90)
e(412	1	2	110)
e(412	1	3	40)
e(412	2	3	70)
e(413	1	2	20)
e(413	1	3	30)
e(413	2	3	50)
e(415	1	2	120)
e(415	1	3	120)
e(415	2	3	30)
e(416	1	2	140)
e(416	1	3	110)
e(416	2	3	60)
e(416	1	4	90)
e(416	2	4	100)
e(416	3	4	10)
e(417	1	2	150)
e(417	1	3	20)
e(417	2	3	110)
e(417	1	4	40)
e(417	2	4	70)
e(417	3	4	30)
e(418	1	2	130)
e(419	1	2	40)
e(420	1	3	160)
e(420	2	3	140)
e(420	1	4	90)
e(420	2	4	60)
e(420	3	4	10)
e(420	1	5	40)
e(420	2	5	20)
e(420	3	5	110)
e(420	4	5	110)
e(421	1	2	40)
e(421	1	4	110)
e(421	2	4	30)
e(421	3	4	20)
e(422	1	2	140)
e(422	1	3	20)
e(422	2	3	110)
e(422	1	4	130)
e(422	2	4	50)
e(422	3	4	10)
e(424	1	2	120)
e(425	1	2	130)
e(425	1	3	40)
e(425	2	3	140)
e(425	1	4	40)
e(425	2	4	110)
e(426	1	2	130)
e(426	1	3	130)
e(426	2	3	10)
e(426	1	4	140)
e(426	2	4	130)
e(426	3	4	70)
e(426	1	5	60)
e(426	2	5	70)
e(426	3	5	10)
e(426	4	5	50)
e(427	1	2	160)
e(427	2	3	70)
e(427	1	4	150)
e(427	2	4	90)
e(427	3	4	90)
e(429	1	2	130)
e(429	1	3	30)
e(429	2	3	120)
e(429	1	4	90)
e(429	2	4	10)
e(429	3	4	130)
e(429	1	5	130)
e(429	2	5	70)
e(429	3	5	10)
e(429	4	5	120)
e(430	1	3	140)
e(430	2	3	70)
e(430	1	4	90)
e(430	2	4	150)
e(430	3	4	100)
e(431	1	2	80)
e(431	1	3	40)
e(431	2	3	150)
e(432	1	2	80)
e(433	1	2	100)
e(434	1	2	50)
e(434	1	3	120)
e(434	2	3	90)
e(434	1	4	160)
e(434	2	4	40)
e(434	3	4	70)
e(435	1	2	150)
e(435	2	3	120)
e(435	1	4	60)
e(435	2	4	120)
e(435	3	4	110)
e(436	1	2	110)
e(436	1	3	110)
e(436	2	3	140)
e(436	2	4	10)
e(436	3	4	130)
e(436	1	5	90)
e(436	2	5	30)
e(436	3	5	30)
e(436	4	5	160)
e(437	1	2	160)
e(438	1	2	60)
e(438	1	3	20)
e(438	2	3	140)
e(438	1	4	60)
e(438	2	4	60)
e(438	3	4	120)
e(439	1	2	40)
e(439	1	3	40)
e(439	2	3	10)
e(439	1	4	110)
e(439	2	4	90)
e(439	3	4	150)
e(440	1	2	70)
e(440	1	3	80)
e(440	2	3	140)
e(440	1	4	160)
e(440	3	4	120)
e(441	1	2	110)
e(441	1	3	10)
e(441	2	3	160)
e(441	1	4	50)
e(441	2	4	10)
e(441	3	4	150)
e(442	1	2	120)
e(442	1	3	10)
e(442	2	3	80)
e(442	1	4	140)
e(442	2	4	70)
e(442	3	4	150)
e(443	1	2	50)
e(443	1	3	50)
e(443	2	3	140)
e(443	1	4	140)
e(443	2	4	160)
e(443	3	4	110)
e(443	1	5	10)
e(443	2	5	110)
e(443	3	5	10)
e(443	4	5	10)
e(444	1	2	90)
e(444	1	3	30)
e(444	2	3	150)
e(444	1	4	30)
e(444	2	4	70)
e(444	3	4	80)
e(447	1	2	150)
e(447	1	3	110)
e(447	2	3	120)
e(447	1	4	70)
e(447	2	4	50)
e(447	3	4	10)
e(447	1	5	130)
e(447	2	5	60)
e(447	3	5	10)
e(447	4	5	140)
e(448	1	2	150)
e(448	1	3	160)
e(448	2	3	160)
e(448	1	4	90)
e(448	2	4	100)
e(448	3	4	100)
e(448	1	5	160)
e(448	2	5	140)
e(448	4	5	10)
e(449	1	2	150)
e(450	1	2	40)
e(450	1	3	120)
e(450	2	3	40)
e(451	1	2	100)
e(452	1	3	110)
e(452	2	3	50)
e(452	1	4	110)
e(452	2	4	90)
e(452	3	4	160)
e(452	1	5	130)
e(452	2	5	80)
e(452	3	5	70)
e(452	4	5	130)
e(453	1	2	20)
e(454	1	2	80)
e(454	1	3	30)
e(454	2	3	140)
e(455	1	2	90)
e(456	1	2	140)
e(456	1	3	120)
e(456	2	3	130)
e(456	1	4	80)
e(456	2	4	130)
e(456	3	4	130)
e(457	1	2	10)
e(457	1	3	120)
e(457	2	3	70)
e(457	1	4	10)
e(457	2	4	50)
e(457	3	4	90)
e(458	1	2	150)
e(458	1	3	80)
e(458	2	3	30)
e(459	1	2	20)
e(459	1	3	160)
e(459	2	3	120)
e(459	1	4	40)
e(459	2	4	130)
e(459	3	4	150)
e(459	1	5	150)
e(459	2	5	130)
e(459	3	5	150)
e(459	4	5	110)
e(460	1	2	100)
e(461	1	2	90)
e(465	1	2	120)
e(466	1	2	70)
e(466	1	3	160)
e(466	2	3	70)
e(466	1	4	130)
e(466	3	4	140)
e(469	1	2	130)
e(469	1	3	100)
e(469	2	3	50)
e(469	1	4	90)
e(469	2	4	30)
e(469	3	4	150)
e(470	1	2	30)
e(470	1	3	80)
e(470	2	3	90)
e(472	1	2	10)
e(472	1	3	140)
e(472	2	3	140)
e(472	1	4	130)
e(472	2	4	140)
e(472	3	4	140)
e(473	1	2	100)
e(473	1	3	100)
e(473	2	3	60)
e(474	1	2	60)
e(475	1	2	40)
e(475	1	3	90)
e(475	2	3	70)
e(475	1	4	70)
e(475	2	4	90)
e(475	3	4	110)
e(475	1	5	70)
e(475	2	5	150)
e(475	3	5	10)
e(475	4	5	150)
e(477	1	2	160)
e(477	1	3	50)
e(477	2	3	70)
e(478	1	2	20)
e(478	1	3	150)
e(478	2	3	10)
e(478	1	4	90)
e(478	3	4	110)
e(478	1	5	160)
e(478	2	5	10)
e(478	4	5	140)
e(479	1	2	130)
e(479	1	3	160)
e(479	2	3	20)
e(479	1	4	60)
e(479	2	4	110)
e(480	1	2	60)
e(480	1	3	60)
e(480	2	3	150)
e(481	1	2	120)
e(482	1	2	80)
e(482	1	3	150)
e(482	2	3	130)
e(483	1	2	10)
e(484	1	3	30)
e(484	2	3	140)
e(484	1	4	40)
e(484	2	4	120)
e(484	3	4	80)
e(484	1	5	50)
e(484	2	5	10)
e(484	3	5	140)
e(484	4	5	60)
e(486	1	2	120)
e(487	1	2	130)
e(488	1	2	110)
e(488	1	3	130)
e(488	2	3	150)
e(488	1	4	80)
e(488	2	4	120)
e(488	3	4	40)
e(488	1	5	160)
e(488	2	5	90)
e(488	3	5	110)
e(488	4	5	40)
e(489	1	2	30)
e(489	1	3	10)
e(489	1	4	90)
e(489	2	4	130)
e(489	3	4	40)
e(490	1	2	80)
e(490	1	3	100)
e(490	2	3	40)
e(490	1	4	100)
e(490	2	4	90)
e(490	3	4	120)
e(491	1	2	120)
e(491	1	3	100)
e(491	2	3	60)
e(491	1	4	20)
e(491	2	4	60)
e(491	3	4	110)
e(492	1	2	90)
e(494	1	2	10)
e(494	1	3	120)
e(494	2	3	130)
e(494	1	4	80)
e(494	2	4	70)
e(494	3	4	90)
e(495	1	2	150)
e(495	1	3	140)
e(495	2	3	120)
e(495	1	4	140)
e(495	2	4	160)
e(495	3	4	130)
e(495	1	5	80)
e(495	2	5	90)
e(495	3	5	50)
e(495	4	5	20)
e(497	1	2	60)
e(497	1	3	140)
e(497	2	3	100)
e(497	1	4	30)
e(497	2	4	90)
e(497	3	4	10)
e(498	1	2	70)
e(498	1	3	140)
e(498	2	3	40)
e(499	1	2	140)
e(500	1	2	60)
e(502	1	2	10)
e(502	2	3	20)
e(502	1	4	100)
e(502	2	4	120)
e(502	3	4	90)
e(503	1	2	40)
e(503	1	3	120)
e(503	2	3	60)
e(503	1	4	100)
e(503	2	4	20)
e(503	3	4	110)
e(503	1	5	40)
e(503	2	5	80)
e(503	3	5	60)
e(504	1	2	80)
e(504	1	3	40)
e(504	2	3	50)
e(504	1	4	110)
e(504	2	4	30)
e(505	1	2	70)
e(505	1	3	20)
e(505	2	3	160)
e(505	1	4	120)
e(505	2	4	10)
e(505	3	4	90)
e(506	1	2	160)
e(506	1	3	40)
e(506	2	3	90)
e(506	1	4	90)
e(506	2	4	40)
e(508	1	2	150)
e(508	1	3	110)
e(508	2	3	40)
e(508	1	4	160)
e(508	2	4	100)
e(508	3	4	60)
e(508	1	5	150)
e(508	2	5	20)
e(508	3	5	110)
e(508	4	5	120)
e(509	1	2	140)
e(510	1	2	140)
e(510	1	3	50)
e(511	1	2	60)
e(512	1	2	100)
e(512	1	3	140)
e(512	2	3	40)
e(512	1	4	20)
e(512	2	4	140)
e(512	3	4	110)
e(512	1	5	160)
e(512	2	5	150)
e(512	3	5	50)
e(512	4	5	160)
e(513	1	2	10)
e(513	1	3	140)
e(513	2	3	130)
e(513	1	4	110)
e(513	2	4	70)
e(513	1	5	50)
e(513	2	5	120)
e(513	3	5	100)
e(513	4	5	130)
e(514	1	3	70)
e(514	2	3	10)
e(514	1	4	140)
e(514	2	4	50)
e(515	1	2	100)
e(515	1	3	140)
e(515	2	3	120)
e(515	1	4	40)
e(515	2	4	150)
e(515	3	4	150)
e(516	1	2	30)
e(516	1	3	50)
e(516	2	3	70)
e(516	1	4	150)
e(516	2	4	40)
e(516	3	4	20)
e(519	1	2	40)
e(519	1	3	20)
e(519	2	3	20)
e(519	1	4	100)
e(519	2	4	80)
e(519	3	4	20)
e(519	1	5	120)
e(519	2	5	70)
e(519	3	5	160)
e(519	4	5	150)
e(520	1	2	20)
e(521	1	2	50)
e(522	1	2	40)
e(522	1	3	40)
e(522	2	3	130)
e(523	1	2	140)
e(523	1	3	160)
e(523	2	3	130)
e(523	1	4	70)
e(523	2	4	140)
e(523	3	4	160)
e(524	1	2	10)
e(524	1	3	110)
e(524	2	3	30)
e(524	1	4	130)
e(524	2	4	70)
e(524	3	4	110)
e(525	1	2	10)
e(525	1	3	140)
e(525	2	3	60)
e(526	1	2	100)
e(526	1	3	150)
e(526	2	3	20)
e(526	2	4	10)
e(526	3	4	120)
e(527	1	2	70)
e(527	1	3	110)
e(527	2	3	10)
e(529	1	2	60)
e(533	1	2	50)
e(533	1	3	140)
e(533	2	3	140)
e(533	1	4	100)
e(533	2	4	30)
e(533	3	4	50)
e(533	1	5	130)
e(533	2	5	100)
e(533	4	5	100)
e(534	1	3	130)
e(534	2	3	30)
e(534	1	4	10)
e(534	2	4	130)
e(534	3	4	70)
e(534	1	5	10)
e(534	2	5	120)
e(534	3	5	90)
e(534	4	5	160)
e(535	1	2	140)
e(535	1	3	80)
e(535	2	3	150)
e(535	1	4	50)
e(535	2	4	160)
e(535	3	4	110)
e(536	1	2	50)
e(536	1	3	160)
e(536	2	3	50)
e(536	1	4	100)
e(536	2	4	100)
e(536	3	4	30)
e(536	1	5	10)
e(536	2	5	20)
e(536	3	5	50)
e(536	4	5	50)
e(537	1	2	70)
e(538	1	2	140)
e(538	1	3	120)
e(538	2	3	20)
e(539	1	2	30)
e(541	1	2	100)
e(541	1	3	90)
e(541	2	3	60)
e(541	1	4	10)
e(541	2	4	80)
e(541	3	4	120)
e(541	1	5	130)
e(541	2	5	130)
e(541	3	5	70)
e(541	4	5	50)
e(542	1	2	160)
e(542	1	3	70)
e(542	2	3	160)
e(544	1	2	110)
e(544	1	3	150)
e(544	2	3	90)
e(544	2	4	160)
e(544	3	4	150)
e(544	1	5	50)
e(544	2	5	100)
e(544	3	5	160)
e(544	4	5	90)
e(545	1	2	10)
e(546	1	2	50)
e(546	1	3	70)
e(546	2	3	80)
e(548	1	2	20)
e(549	1	2	80)
e(549	1	3	70)
e(549	2	3	110)
e(549	1	4	20)
e(549	2	4	60)
e(549	3	4	10)
e(549	1	5	10)
e(549	2	5	50)
e(549	3	5	130)
e(549	4	5	160)
e(550	1	2	160)
e(550	1	3	120)
e(550	2	3	160)
e(551	1	2	100)
e(551	2	3	150)
e(552	1	2	140)
e(552	1	3	10)
e(552	2	3	20)
e(552	1	4	130)
e(552	2	4	160)
e(552	3	4	30)
e(552	1	5	20)
e(552	2	5	40)
e(552	3	5	120)
e(552	4	5	30)
e(553	1	2	60)
e(553	1	3	110)
e(553	2	3	160)
e(553	1	4	30)
e(553	2	4	160)
e(553	3	4	160)
e(554	1	2	90)
e(554	1	3	70)
e(554	2	3	150)
e(555	1	2	100)
e(555	1	3	90)
e(555	2	3	60)
e(556	1	2	130)
e(556	1	3	110)
e(556	2	3	160)
e(556	1	4	80)
e(556	2	4	80)
e(556	3	4	40)
e(556	1	5	90)
e(556	2	5	100)
e(556	3	5	30)
e(556	4	5	40)
e(557	1	2	20)
e(558	1	3	70)
e(558	2	3	100)
e(558	1	4	30)
e(558	2	4	100)
e(558	3	4	130)
e(559	1	2	70)
e(560	1	2	90)
e(560	1	3	160)
e(560	2	3	10)
e(562	1	2	40)
e(565	1	2	10)
e(566	1	2	10)
e(566	1	3	140)
e(566	2	3	50)
e(566	1	4	80)
e(566	2	4	80)
e(566	3	4	40)
e(567	1	2	150)
e(567	1	3	90)
e(567	2	3	100)
e(567	1	4	60)
e(567	2	4	120)
e(567	3	4	110)
e(567	1	5	40)
e(567	2	5	50)
e(567	3	5	20)
e(568	1	2	40)
e(568	1	3	90)
e(568	2	3	30)
e(570	1	2	10)
e(570	1	3	120)
e(570	2	3	50)
e(571	1	2	80)
e(571	1	3	10)
e(571	2	3	140)
e(571	1	4	50)
e(571	2	4	150)
e(571	3	4	110)
e(571	1	5	70)
e(571	3	5	100)
e(571	4	5	90)
e(573	1	2	30)
e(574	1	2	150)
e(574	1	3	90)
e(574	2	3	100)
e(574	1	4	40)
e(574	2	4	10)
e(574	3	4	110)
e(576	1	2	160)
e(576	1	3	90)
e(576	2	3	90)
e(576	1	4	150)
e(576	2	4	60)
e(576	3	4	120)
e(577	1	2	20)
e(577	1	3	120)
e(577	2	3	50)
e(578	1	2	70)
e(578	1	3	130)
e(578	2	3	100)
e(579	1	2	60)
e(579	1	3	120)
e(579	2	3	110)
e(579	1	4	10)
e(579	2	4	80)
e(579	3	4	40)
e(579	1	5	80)
e(579	2	5	50)
e(579	3	5	130)
e(579	4	5	120)
e(581	1	2	150)
e(581	1	3	150)
e(581	2	3	140)
e(581	1	4	10)
e(581	2	4	130)
e(581	1	5	150)
e(581	2	5	160)
e(581	3	5	120)
e(581	4	5	30)
e(582	1	2	30)
e(583	1	2	120)
e(584	1	2	80)
e(584	1	3	150)
e(584	2	3	90)
e(584	1	4	30)
e(584	2	4	160)
e(584	3	4	60)
e(585	1	2	140)
e(585	1	3	10)
e(585	2	3	150)
e(586	1	3	70)
e(586	2	3	140)
e(586	1	4	160)
e(586	2	4	140)
e(586	3	4	80)
e(588	1	2	160)
e(588	1	3	10)
e(588	2	3	80)
e(588	1	4	110)
e(588	2	4	160)
e(588	3	4	20)
e(588	1	5	20)
e(588	2	5	90)
e(588	3	5	20)
e(588	4	5	40)
e(589	1	2	50)
e(589	1	3	90)
e(589	2	3	10)
e(589	1	4	10)
e(589	2	4	20)
e(589	3	4	80)
e(589	1	5	140)
e(589	2	5	160)
e(589	4	5	150)
e(591	1	2	90)
e(591	1	3	30)
e(591	2	3	110)
e(592	1	2	20)
e(592	2	3	100)
e(592	1	4	10)
e(592	2	4	120)
e(592	1	5	100)
e(592	2	5	100)
e(592	3	5	10)
e(592	4	5	90)
e(593	1	2	100)
e(594	1	2	70)
e(594	1	3	160)
e(594	2	3	10)
e(595	1	2	30)
e(595	1	3	110)
e(595	2	3	50)
e(595	1	4	30)
e(595	2	4	70)
e(595	3	4	150)
e(595	2	5	90)
e(595	3	5	150)
e(595	4	5	100)
e(596	1	2	10)
e(596	1	3	50)
e(596	2	3	50)
e(597	1	2	150)
e(597	2	3	60)
e(598	1	2	120)
e(598	1	3	150)
e(598	2	3	20)
e(599	1	2	160)
e(599	1	3	120)
e(599	1	4	110)
e(599	2	4	130)
e(599	3	4	50)
e(600	1	2	20)
e(600	1	3	40)
e(600	2	3	50)
