700

d(1	14	24	1	200000.0)
d(2	12	24	2	200000.0)
d(3	8	11	5	200000.0)
d(4	7	14	4	200000.0)
d(5	20	22	5	200000.0)
d(6	13	23	1	200000.0)
d(7	8	23	4	200000.0)
d(8	8	18	3	200000.0)
d(9	10	16	3	200000.0)
d(10	19	19	5	200000.0)
d(11	20	24	2	200000.0)
d(12	4	15	3	200000.0)
d(13	12	20	1	200000.0)
d(14	24	24	4	200000.0)
d(15	6	10	2	200000.0)
d(16	10	10	2	200000.0)
d(17	20	22	2	200000.0)
d(18	17	23	4	200000.0)
d(19	19	21	2	200000.0)
d(20	21	24	4	200000.0)
d(21	23	24	1	200000.0)
d(22	2	22	2	200000.0)
d(23	12	15	1	200000.0)
d(24	12	16	5	200000.0)
d(25	23	24	5	200000.0)
d(26	20	22	2	200000.0)
d(27	13	15	3	200000.0)
d(28	17	24	3	200000.0)
d(29	12	23	4	200000.0)
d(30	7	24	1	200000.0)
d(31	3	15	2	200000.0)
d(32	15	17	5	200000.0)
d(33	12	18	2	200000.0)
d(34	12	14	1	200000.0)
d(35	17	24	4	200000.0)
d(36	11	20	5	200000.0)
d(37	2	21	2	200000.0)
d(38	22	24	5	200000.0)
d(39	21	23	4	200000.0)
d(40	2	8	1	200000.0)
d(41	8	17	4	200000.0)
d(42	8	16	5	200000.0)
d(43	6	6	3	200000.0)
d(44	14	20	2	200000.0)
d(45	20	21	5	200000.0)
d(46	16	21	3	200000.0)
d(47	6	12	5	200000.0)
d(48	13	19	3	200000.0)
d(49	9	21	1	200000.0)
d(50	14	24	2	200000.0)
d(51	1	1	2	200000.0)
d(52	19	24	1	200000.0)
d(53	8	9	2	200000.0)
d(54	5	22	1	200000.0)
d(55	23	24	2	200000.0)
d(56	8	24	2	200000.0)
d(57	8	20	4	200000.0)
d(58	20	23	4	200000.0)
d(59	16	23	3	200000.0)
d(60	18	19	4	200000.0)
d(61	15	24	3	200000.0)
d(62	24	24	2	200000.0)
d(63	15	20	3	200000.0)
d(64	19	21	4	200000.0)
d(65	9	20	5	200000.0)
d(66	16	16	1	200000.0)
d(67	7	17	1	200000.0)
d(68	14	22	3	200000.0)
d(69	20	23	5	200000.0)
d(70	13	14	2	200000.0)
d(71	12	21	5	200000.0)
d(72	24	24	1	200000.0)
d(73	14	15	3	200000.0)
d(74	4	23	4	200000.0)
d(75	12	19	3	200000.0)
d(76	8	11	5	200000.0)
d(77	19	22	3	200000.0)
d(78	15	20	2	200000.0)
d(79	19	19	1	200000.0)
d(80	4	17	5	200000.0)
d(81	13	16	3	200000.0)
d(82	23	24	1	200000.0)
d(83	13	16	5	200000.0)
d(84	17	22	5	200000.0)
d(85	14	24	3	200000.0)
d(86	21	23	1	200000.0)
d(87	15	16	4	200000.0)
d(88	3	13	5	200000.0)
d(89	18	23	2	200000.0)
d(90	17	18	4	200000.0)
d(91	3	6	3	200000.0)
d(92	17	18	5	200000.0)
d(93	11	11	2	200000.0)
d(94	22	23	2	200000.0)
d(95	1	10	1	200000.0)
d(96	8	19	2	200000.0)
d(97	5	17	3	200000.0)
d(98	3	10	2	200000.0)
d(99	22	24	4	200000.0)
d(100	6	9	5	200000.0)
d(101	9	15	1	200000.0)
d(102	8	18	4	200000.0)
d(103	18	18	3	200000.0)
d(104	13	18	5	200000.0)
d(105	9	20	1	200000.0)
d(106	21	22	4	200000.0)
d(107	23	23	1	200000.0)
d(108	4	8	3	200000.0)
d(109	11	18	4	200000.0)
d(110	12	21	1	200000.0)
d(111	5	18	5	200000.0)
d(112	12	14	1	200000.0)
d(113	1	15	1	200000.0)
d(114	6	18	2	200000.0)
d(115	8	10	1	200000.0)
d(116	23	23	4	200000.0)
d(117	12	22	4	200000.0)
d(118	10	10	1	200000.0)
d(119	3	15	1	200000.0)
d(120	24	24	2	200000.0)
d(121	14	24	1	200000.0)
d(122	16	22	3	200000.0)
d(123	19	24	5	200000.0)
d(124	16	23	4	200000.0)
d(125	11	24	1	200000.0)
d(126	5	24	2	200000.0)
d(127	2	11	4	200000.0)
d(128	21	23	2	200000.0)
d(129	6	17	1	200000.0)
d(130	14	16	3	200000.0)
d(131	5	18	3	200000.0)
d(132	1	16	1	200000.0)
d(133	10	17	4	200000.0)
d(134	3	16	3	200000.0)
d(135	17	17	5	200000.0)
d(136	1	13	3	200000.0)
d(137	11	23	4	200000.0)
d(138	2	5	3	200000.0)
d(139	7	15	4	200000.0)
d(140	4	17	1	200000.0)
d(141	13	17	1	200000.0)
d(142	2	2	2	200000.0)
d(143	14	20	4	200000.0)
d(144	18	22	5	200000.0)
d(145	10	12	1	200000.0)
d(146	24	24	1	200000.0)
d(147	18	18	5	200000.0)
d(148	16	22	2	200000.0)
d(149	10	17	3	200000.0)
d(150	22	24	3	200000.0)
d(151	21	23	5	200000.0)
d(152	10	24	2	200000.0)
d(153	17	21	5	200000.0)
d(154	21	23	4	200000.0)
d(155	15	18	3	200000.0)
d(156	19	24	5	200000.0)
d(157	11	23	1	200000.0)
d(158	22	24	5	200000.0)
d(159	13	14	2	200000.0)
d(160	6	21	5	200000.0)
d(161	23	23	3	200000.0)
d(162	15	20	1	200000.0)
d(163	11	13	2	200000.0)
d(164	22	24	3	200000.0)
d(165	24	24	2	200000.0)
d(166	21	22	3	200000.0)
d(167	12	14	2	200000.0)
d(168	20	24	2	200000.0)
d(169	4	10	2	200000.0)
d(170	1	24	4	200000.0)
d(171	6	14	5	200000.0)
d(172	6	24	4	200000.0)
d(173	1	11	4	200000.0)
d(174	13	21	3	200000.0)
d(175	11	21	1	200000.0)
d(176	13	17	3	200000.0)
d(177	7	13	4	200000.0)
d(178	15	22	1	200000.0)
d(179	14	21	2	200000.0)
d(180	1	18	4	200000.0)
d(181	15	22	1	200000.0)
d(182	4	13	5	200000.0)
d(183	2	8	4	200000.0)
d(184	9	19	5	200000.0)
d(185	18	24	4	200000.0)
d(186	20	24	5	200000.0)
d(187	21	23	5	200000.0)
d(188	9	24	2	200000.0)
d(189	14	21	1	200000.0)
d(190	16	21	3	200000.0)
d(191	16	22	5	200000.0)
d(192	17	19	4	200000.0)
d(193	5	15	4	200000.0)
d(194	21	21	4	200000.0)
d(195	19	24	3	200000.0)
d(196	1	15	5	200000.0)
d(197	18	22	3	200000.0)
d(198	11	24	1	200000.0)
d(199	3	24	4	200000.0)
d(200	3	20	2	200000.0)
d(201	15	24	4	200000.0)
d(202	17	18	3	200000.0)
d(203	7	11	5	200000.0)
d(204	11	16	2	200000.0)
d(205	3	6	2	200000.0)
d(206	20	21	3	200000.0)
d(207	12	12	4	200000.0)
d(208	6	12	4	200000.0)
d(209	4	18	4	200000.0)
d(210	4	5	4	200000.0)
d(211	22	23	5	200000.0)
d(212	20	24	3	200000.0)
d(213	5	14	5	200000.0)
d(214	9	15	5	200000.0)
d(215	2	24	1	200000.0)
d(216	24	24	3	200000.0)
d(217	3	20	3	200000.0)
d(218	20	21	4	200000.0)
d(219	24	24	5	200000.0)
d(220	24	24	3	200000.0)
d(221	9	12	3	200000.0)
d(222	3	12	2	200000.0)
d(223	7	23	2	200000.0)
d(224	23	24	1	200000.0)
d(225	12	17	2	200000.0)
d(226	19	20	3	200000.0)
d(227	5	13	3	200000.0)
d(228	8	14	2	200000.0)
d(229	18	19	5	200000.0)
d(230	13	22	3	200000.0)
d(231	4	16	1	200000.0)
d(232	17	19	1	200000.0)
d(233	17	20	4	200000.0)
d(234	20	21	5	200000.0)
d(235	23	24	2	200000.0)
d(236	21	22	2	200000.0)
d(237	2	20	2	200000.0)
d(238	17	18	5	200000.0)
d(239	15	17	5	200000.0)
d(240	22	22	3	200000.0)
d(241	17	24	2	200000.0)
d(242	18	21	5	200000.0)
d(243	15	19	1	200000.0)
d(244	11	17	2	200000.0)
d(245	19	24	4	200000.0)
d(246	4	10	4	200000.0)
d(247	16	17	5	200000.0)
d(248	21	21	1	200000.0)
d(249	15	21	4	200000.0)
d(250	12	12	5	200000.0)
d(251	9	18	2	200000.0)
d(252	11	17	1	200000.0)
d(253	14	22	4	200000.0)
d(254	4	13	5	200000.0)
d(255	22	23	5	200000.0)
d(256	18	18	4	200000.0)
d(257	8	11	1	200000.0)
d(258	22	24	1	200000.0)
d(259	5	22	3	200000.0)
d(260	6	15	3	200000.0)
d(261	3	21	3	200000.0)
d(262	22	22	2	200000.0)
d(263	24	24	1	200000.0)
d(264	17	24	2	200000.0)
d(265	16	17	5	200000.0)
d(266	23	23	1	200000.0)
d(267	2	23	1	200000.0)
d(268	6	16	1	200000.0)
d(269	23	23	5	200000.0)
d(270	22	22	1	200000.0)
d(271	5	23	2	200000.0)
d(272	17	21	1	200000.0)
d(273	14	23	3	200000.0)
d(274	18	24	1	200000.0)
d(275	21	24	3	200000.0)
d(276	14	17	5	200000.0)
d(277	10	11	5	200000.0)
d(278	17	22	5	200000.0)
d(279	21	23	5	200000.0)
d(280	5	18	2	200000.0)
d(281	19	22	4	200000.0)
d(282	14	24	1	200000.0)
d(283	14	21	5	200000.0)
d(284	10	12	1	200000.0)
d(285	5	12	3	200000.0)
d(286	9	10	5	200000.0)
d(287	5	7	1	200000.0)
d(288	8	17	4	200000.0)
d(289	1	6	1	200000.0)
d(290	4	23	3	200000.0)
d(291	10	17	1	200000.0)
d(292	23	24	4	200000.0)
d(293	20	21	5	200000.0)
d(294	4	24	2	200000.0)
d(295	11	19	1	200000.0)
d(296	24	24	4	200000.0)
d(297	18	22	2	200000.0)
d(298	24	24	5	200000.0)
d(299	20	21	5	200000.0)
d(300	11	19	2	200000.0)
d(301	9	16	4	200000.0)
d(302	16	24	4	200000.0)
d(303	3	13	2	200000.0)
d(304	6	17	2	200000.0)
d(305	1	19	2	200000.0)
d(306	12	18	5	200000.0)
d(307	5	14	2	200000.0)
d(308	14	17	4	200000.0)
d(309	5	23	2	200000.0)
d(310	17	19	1	200000.0)
d(311	5	18	2	200000.0)
d(312	9	16	4	200000.0)
d(313	16	18	1	200000.0)
d(314	13	15	5	200000.0)
d(315	23	24	4	200000.0)
d(316	12	24	2	200000.0)
d(317	11	17	2	200000.0)
d(318	19	19	3	200000.0)
d(319	23	24	1	200000.0)
d(320	15	22	5	200000.0)
d(321	5	19	2	200000.0)
d(322	13	20	2	200000.0)
d(323	3	17	4	200000.0)
d(324	11	14	5	200000.0)
d(325	2	10	2	200000.0)
d(326	16	23	1	200000.0)
d(327	10	24	5	200000.0)
d(328	9	21	3	200000.0)
d(329	3	21	5	200000.0)
d(330	12	23	5	200000.0)
d(331	9	19	3	200000.0)
d(332	15	24	1	200000.0)
d(333	6	13	3	200000.0)
d(334	22	24	1	200000.0)
d(335	15	20	2	200000.0)
d(336	9	9	5	200000.0)
d(337	22	24	1	200000.0)
d(338	8	16	5	200000.0)
d(339	12	13	1	200000.0)
d(340	13	17	2	200000.0)
d(341	23	23	1	200000.0)
d(342	11	20	3	200000.0)
d(343	1	3	1	200000.0)
d(344	9	24	5	200000.0)
d(345	22	24	5	200000.0)
d(346	7	24	5	200000.0)
d(347	13	20	5	200000.0)
d(348	23	24	2	200000.0)
d(349	22	24	2	200000.0)
d(350	2	8	3	200000.0)
d(351	14	24	5	200000.0)
d(352	2	6	2	200000.0)
d(353	23	23	2	200000.0)
d(354	8	20	4	200000.0)
d(355	20	20	1	200000.0)
d(356	1	6	3	200000.0)
d(357	13	18	2	200000.0)
d(358	7	14	4	200000.0)
d(359	12	24	1	200000.0)
d(360	2	3	3	200000.0)
d(361	23	23	1	200000.0)
d(362	8	11	2	200000.0)
d(363	13	16	1	200000.0)
d(364	16	23	2	200000.0)
d(365	15	16	2	200000.0)
d(366	6	21	1	200000.0)
d(367	22	22	5	200000.0)
d(368	3	11	1	200000.0)
d(369	16	22	3	200000.0)
d(370	20	24	2	200000.0)
d(371	17	22	5	200000.0)
d(372	12	20	1	200000.0)
d(373	20	23	2	200000.0)
d(374	15	23	5	200000.0)
d(375	1	14	3	200000.0)
d(376	14	20	1	200000.0)
d(377	17	22	4	200000.0)
d(378	1	21	1	200000.0)
d(379	16	22	3	200000.0)
d(380	20	20	3	200000.0)
d(381	7	9	1	200000.0)
d(382	15	18	5	200000.0)
d(383	14	20	4	200000.0)
d(384	8	16	2	200000.0)
d(385	2	22	2	200000.0)
d(386	19	21	1	200000.0)
d(387	16	16	2	200000.0)
d(388	14	16	2	200000.0)
d(389	1	9	2	200000.0)
d(390	4	12	3	200000.0)
d(391	14	16	1	200000.0)
d(392	15	24	2	200000.0)
d(393	11	12	1	200000.0)
d(394	7	13	2	200000.0)
d(395	17	18	1	200000.0)
d(396	20	24	5	200000.0)
d(397	17	23	1	200000.0)
d(398	16	18	1	200000.0)
d(399	16	18	4	200000.0)
d(400	9	17	4	200000.0)
d(401	10	17	2	200000.0)
d(402	22	24	4	200000.0)
d(403	19	21	1	200000.0)
d(404	6	15	4	200000.0)
d(405	12	12	2	200000.0)
d(406	20	22	2	200000.0)
d(407	7	14	4	200000.0)
d(408	12	18	5	200000.0)
d(409	5	15	2	200000.0)
d(410	24	24	2	200000.0)
d(411	20	22	3	200000.0)
d(412	18	23	2	200000.0)
d(413	20	24	2	200000.0)
d(414	11	23	3	200000.0)
d(415	10	10	1	200000.0)
d(416	3	3	2	200000.0)
d(417	22	23	3	200000.0)
d(418	13	14	4	200000.0)
d(419	1	13	4	200000.0)
d(420	3	18	3	200000.0)
d(421	5	13	4	200000.0)
d(422	8	10	5	200000.0)
d(423	23	24	3	200000.0)
d(424	12	14	1	200000.0)
d(425	17	24	2	200000.0)
d(426	4	13	3	200000.0)
d(427	14	22	2	200000.0)
d(428	16	16	1	200000.0)
d(429	17	24	3	200000.0)
d(430	13	13	4	200000.0)
d(431	21	21	3	200000.0)
d(432	9	16	2	200000.0)
d(433	1	15	3	200000.0)
d(434	2	13	1	200000.0)
d(435	18	24	5	200000.0)
d(436	11	20	3	200000.0)
d(437	4	5	5	200000.0)
d(438	22	22	4	200000.0)
d(439	12	20	3	200000.0)
d(440	14	24	5	200000.0)
d(441	11	15	2	200000.0)
d(442	18	20	4	200000.0)
d(443	3	16	1	200000.0)
d(444	12	17	1	200000.0)
d(445	15	15	5	200000.0)
d(446	1	5	2	200000.0)
d(447	12	19	4	200000.0)
d(448	3	23	4	200000.0)
d(449	9	15	4	200000.0)
d(450	7	9	1	200000.0)
d(451	20	20	3	200000.0)
d(452	16	20	1	200000.0)
d(453	13	14	5	200000.0)
d(454	24	24	2	200000.0)
d(455	22	22	3	200000.0)
d(456	15	19	5	200000.0)
d(457	16	19	4	200000.0)
d(458	3	3	3	200000.0)
d(459	18	21	5	200000.0)
d(460	10	14	1	200000.0)
d(461	22	24	5	200000.0)
d(462	11	19	5	200000.0)
d(463	22	23	5	200000.0)
d(464	21	24	1	200000.0)
d(465	9	22	3	200000.0)
d(466	19	20	5	200000.0)
d(467	23	24	5	200000.0)
d(468	15	17	5	200000.0)
d(469	14	20	5	200000.0)
d(470	7	15	1	200000.0)
d(471	5	14	3	200000.0)
d(472	10	13	4	200000.0)
d(473	8	9	5	200000.0)
d(474	9	14	1	200000.0)
d(475	8	9	4	200000.0)
d(476	19	22	2	200000.0)
d(477	13	13	1	200000.0)
d(478	18	23	3	200000.0)
d(479	15	16	1	200000.0)
d(480	8	23	1	200000.0)
d(481	4	17	4	200000.0)
d(482	1	19	2	200000.0)
d(483	16	21	1	200000.0)
d(484	19	22	5	200000.0)
d(485	3	16	4	200000.0)
d(486	21	24	3	200000.0)
d(487	24	24	4	200000.0)
d(488	23	23	5	200000.0)
d(489	4	15	3	200000.0)
d(490	1	10	5	200000.0)
d(491	11	22	4	200000.0)
d(492	9	21	3	200000.0)
d(493	21	21	5	200000.0)
d(494	5	23	4	200000.0)
d(495	7	8	3	200000.0)
d(496	4	13	5	200000.0)
d(497	15	20	5	200000.0)
d(498	19	22	2	200000.0)
d(499	24	24	1	200000.0)
d(500	7	23	1	200000.0)
d(501	7	16	4	200000.0)
d(502	5	24	3	200000.0)
d(503	14	14	5	200000.0)
d(504	9	13	3	200000.0)
d(505	8	17	5	200000.0)
d(506	18	18	5	200000.0)
d(507	15	22	4	200000.0)
d(508	10	15	2	200000.0)
d(509	2	7	1	200000.0)
d(510	23	24	3	200000.0)
d(511	8	11	4	200000.0)
d(512	10	18	2	200000.0)
d(513	21	22	1	200000.0)
d(514	1	4	2	200000.0)
d(515	22	24	1	200000.0)
d(516	8	15	4	200000.0)
d(517	16	16	2	200000.0)
d(518	12	18	5	200000.0)
d(519	6	12	1	200000.0)
d(520	20	23	1	200000.0)
d(521	7	9	3	200000.0)
d(522	23	23	4	200000.0)
d(523	17	17	5	200000.0)
d(524	10	22	1	200000.0)
d(525	9	24	2	200000.0)
d(526	7	14	2	200000.0)
d(527	19	19	1	200000.0)
d(528	4	18	4	200000.0)
d(529	12	23	3	200000.0)
d(530	19	22	5	200000.0)
d(531	6	15	5	200000.0)
d(532	20	21	5	200000.0)
d(533	12	13	4	200000.0)
d(534	24	24	2	200000.0)
d(535	15	18	5	200000.0)
d(536	10	20	4	200000.0)
d(537	15	16	5	200000.0)
d(538	10	21	4	200000.0)
d(539	21	24	3	200000.0)
d(540	12	12	1	200000.0)
d(541	20	23	5	200000.0)
d(542	7	20	1	200000.0)
d(543	2	11	3	200000.0)
d(544	20	24	2	200000.0)
d(545	14	23	2	200000.0)
d(546	17	17	3	200000.0)
d(547	11	15	3	200000.0)
d(548	13	22	5	200000.0)
d(549	22	23	5	200000.0)
d(550	21	22	4	200000.0)
d(551	19	24	1	200000.0)
d(552	18	22	2	200000.0)
d(553	2	3	3	200000.0)
d(554	20	21	4	200000.0)
d(555	24	24	4	200000.0)
d(556	19	22	3	200000.0)
d(557	11	16	1	200000.0)
d(558	6	18	1	200000.0)
d(559	14	23	5	200000.0)
d(560	18	22	5	200000.0)
d(561	17	24	2	200000.0)
d(562	24	24	3	200000.0)
d(563	24	24	3	200000.0)
d(564	6	21	5	200000.0)
d(565	1	21	2	200000.0)
d(566	9	24	3	200000.0)
d(567	18	22	5	200000.0)
d(568	12	20	1	200000.0)
d(569	12	19	4	200000.0)
d(570	22	23	2	200000.0)
d(571	1	20	2	200000.0)
d(572	24	24	4	200000.0)
d(573	4	6	4	200000.0)
d(574	23	23	3	200000.0)
d(575	2	17	3	200000.0)
d(576	5	17	4	200000.0)
d(577	5	11	2	200000.0)
d(578	7	11	1	200000.0)
d(579	2	23	3	200000.0)
d(580	18	23	2	200000.0)
d(581	11	14	4	200000.0)
d(582	13	21	2	200000.0)
d(583	20	24	2	200000.0)
d(584	20	22	3	200000.0)
d(585	5	19	2	200000.0)
d(586	12	16	5	200000.0)
d(587	14	17	3	200000.0)
d(588	17	23	3	200000.0)
d(589	5	12	3	200000.0)
d(590	16	21	3	200000.0)
d(591	3	7	5	200000.0)
d(592	6	6	2	200000.0)
d(593	4	17	3	200000.0)
d(594	12	22	3	200000.0)
d(595	3	4	3	200000.0)
d(596	10	11	3	200000.0)
d(597	9	21	2	200000.0)
d(598	7	7	5	200000.0)
d(599	6	20	3	200000.0)
d(600	21	23	3	200000.0)
d(601	16	24	3	200000.0)
d(602	14	15	5	200000.0)
d(603	3	20	5	200000.0)
d(604	21	21	1	200000.0)
d(605	2	9	1	200000.0)
d(606	3	23	3	200000.0)
d(607	14	24	4	200000.0)
d(608	16	24	3	200000.0)
d(609	7	21	2	200000.0)
d(610	13	15	1	200000.0)
d(611	18	20	3	200000.0)
d(612	15	19	3	200000.0)
d(613	8	8	4	200000.0)
d(614	13	13	2	200000.0)
d(615	3	24	2	200000.0)
d(616	16	24	2	200000.0)
d(617	12	14	3	200000.0)
d(618	22	23	3	200000.0)
d(619	16	16	3	200000.0)
d(620	13	24	1	200000.0)
d(621	23	24	3	200000.0)
d(622	15	23	3	200000.0)
d(623	14	14	3	200000.0)
d(624	8	20	3	200000.0)
d(625	17	19	2	200000.0)
d(626	15	19	4	200000.0)
d(627	8	16	5	200000.0)
d(628	13	19	5	200000.0)
d(629	24	24	2	200000.0)
d(630	12	23	3	200000.0)
d(631	11	20	2	200000.0)
d(632	12	13	2	200000.0)
d(633	20	23	1	200000.0)
d(634	21	23	2	200000.0)
d(635	3	23	1	200000.0)
d(636	19	20	4	200000.0)
d(637	5	20	5	200000.0)
d(638	5	14	4	200000.0)
d(639	1	20	3	200000.0)
d(640	19	22	2	200000.0)
d(641	4	24	4	200000.0)
d(642	19	23	2	200000.0)
d(643	21	24	2	200000.0)
d(644	13	22	1	200000.0)
d(645	4	4	3	200000.0)
d(646	10	17	2	200000.0)
d(647	22	23	5	200000.0)
d(648	10	24	3	200000.0)
d(649	10	14	2	200000.0)
d(650	24	24	4	200000.0)
d(651	10	13	1	200000.0)
d(652	6	11	2	200000.0)
d(653	17	24	1	200000.0)
d(654	18	21	3	200000.0)
d(655	17	23	1	200000.0)
d(656	5	6	1	200000.0)
d(657	21	22	2	200000.0)
d(658	10	13	3	200000.0)
d(659	14	17	4	200000.0)
d(660	16	17	4	200000.0)
d(661	1	19	2	200000.0)
d(662	16	21	3	200000.0)
d(663	1	1	3	200000.0)
d(664	11	13	1	200000.0)
d(665	4	21	4	200000.0)
d(666	10	12	1	200000.0)
d(667	17	24	3	200000.0)
d(668	20	23	1	200000.0)
d(669	7	22	3	200000.0)
d(670	19	23	4	200000.0)
d(671	18	18	1	200000.0)
d(672	2	19	5	200000.0)
d(673	15	17	3	200000.0)
d(674	1	9	1	200000.0)
d(675	19	24	1	200000.0)
d(676	5	13	4	200000.0)
d(677	10	12	1	200000.0)
d(678	23	24	2	200000.0)
d(679	14	21	5	200000.0)
d(680	18	20	1	200000.0)
d(681	13	18	3	200000.0)
d(682	21	21	3	200000.0)
d(683	24	24	5	200000.0)
d(684	7	9	4	200000.0)
d(685	22	22	4	200000.0)
d(686	18	20	1	200000.0)
d(687	15	19	5	200000.0)
d(688	18	21	4	200000.0)
d(689	12	19	4	200000.0)
d(690	23	24	4	200000.0)
d(691	16	18	3	200000.0)
d(692	23	24	1	200000.0)
d(693	18	18	5	200000.0)
d(694	10	15	1	200000.0)
d(695	20	21	5	200000.0)
d(696	13	14	1	200000.0)
d(697	18	20	1	200000.0)
d(698	22	24	3	200000.0)
d(699	3	17	4	200000.0)
d(700	20	21	4	200000.0)
v(1	1	26	49	52	0)
v(2	1	13	76	26	1)
v(2	2	5	118	10	1)
v(3	1	20	69	40	4)
v(3	2	21	173	42	4)
v(3	3	26	67	52	4)
v(3	4	3	92	6	3)
v(3	5	24	137	48	3)
v(4	1	9	16	18	3)
v(4	2	17	83	34	3)
v(4	3	17	75	34	3)
v(4	4	28	67	56	3)
v(5	1	18	74	36	4)
v(5	2	18	64	36	4)
v(5	3	9	141	18	4)
v(5	4	19	70	38	3)
v(5	5	23	96	46	3)
v(6	1	2	152	4	0)
v(7	1	17	26	34	2)
v(7	2	16	150	32	2)
v(7	3	22	63	44	3)
v(7	4	21	178	42	3)
v(8	1	15	85	30	2)
v(8	2	10	19	20	2)
v(8	3	10	54	20	2)
v(9	1	16	101	32	2)
v(9	2	18	129	36	2)
v(9	3	8	123	16	2)
v(10	1	25	137	50	4)
v(10	2	11	32	22	4)
v(10	3	1	40	2	4)
v(10	4	28	115	56	4)
v(10	5	21	30	42	4)
v(11	1	31	190	62	1)
v(11	2	7	115	14	1)
v(12	1	15	148	30	2)
v(12	2	7	58	14	2)
v(12	3	4	115	8	2)
v(13	1	27	98	54	0)
v(14	1	17	72	34	3)
v(14	2	18	107	36	3)
v(14	3	30	101	60	3)
v(14	4	6	161	12	3)
v(15	1	6	69	12	0)
v(15	2	2	6	4	0)
v(16	1	24	75	48	1)
v(16	2	21	117	42	1)
v(17	1	7	133	14	0)
v(17	2	14	160	28	0)
v(18	1	22	23	44	2)
v(18	2	19	36	38	3)
v(18	3	15	39	30	3)
v(18	4	18	61	36	2)
v(19	1	21	45	42	1)
v(19	2	32	140	64	1)
v(20	1	30	37	60	3)
v(20	2	26	51	52	3)
v(20	3	20	113	40	3)
v(20	4	31	169	62	3)
v(21	1	24	183	48	0)
v(22	1	23	149	46	1)
v(22	2	29	35	58	1)
v(23	1	14	108	28	0)
v(24	1	22	56	44	4)
v(24	2	5	93	10	4)
v(24	3	6	72	12	4)
v(24	4	17	132	34	4)
v(24	5	4	158	8	4)
v(25	1	20	136	40	4)
v(25	2	5	44	10	4)
v(25	3	9	34	18	4)
v(25	4	13	170	26	4)
v(25	5	14	121	28	4)
v(26	1	19	55	38	1)
v(26	2	14	138	28	1)
v(27	1	14	86	28	2)
v(27	2	31	45	62	2)
v(27	3	10	112	20	2)
v(28	1	5	102	10	2)
v(28	2	26	106	52	2)
v(28	3	8	138	16	2)
v(29	1	23	163	46	3)
v(29	2	21	151	42	3)
v(29	3	32	183	64	3)
v(29	4	32	64	64	3)
v(30	1	22	180	44	0)
v(31	1	25	80	50	1)
v(31	2	9	127	18	1)
v(32	1	21	35	42	3)
v(32	2	27	58	54	3)
v(32	3	28	144	56	4)
v(32	4	7	144	14	4)
v(32	5	5	47	10	4)
v(33	1	13	87	26	1)
v(33	2	9	143	18	1)
v(34	1	29	36	58	0)
v(35	1	17	82	34	3)
v(35	2	24	68	48	3)
v(35	3	16	57	32	3)
v(35	4	7	93	14	3)
v(36	1	14	104	28	4)
v(36	2	4	122	8	4)
v(36	3	5	19	10	4)
v(36	4	3	106	6	4)
v(36	5	14	39	28	4)
v(37	1	2	124	4	1)
v(37	2	12	86	24	1)
v(38	1	26	116	52	4)
v(38	2	28	131	56	4)
v(38	3	4	135	8	4)
v(38	4	16	82	32	4)
v(38	5	8	102	16	4)
v(39	1	23	50	46	3)
v(39	2	10	37	20	3)
v(39	3	1	12	2	3)
v(39	4	8	13	16	3)
v(40	1	1	144	2	0)
v(41	1	28	68	56	3)
v(41	2	2	107	4	3)
v(41	3	12	162	24	3)
v(41	4	8	149	16	3)
v(42	1	10	37	20	3)
v(42	2	23	162	46	4)
v(42	3	24	134	48	3)
v(42	4	28	171	56	4)
v(42	5	13	27	26	4)
v(43	1	27	148	54	1)
v(43	2	18	158	36	1)
v(43	3	15	80	30	2)
v(44	1	28	155	56	1)
v(44	2	1	37	2	1)
v(45	1	11	143	22	4)
v(45	2	17	90	34	4)
v(45	3	21	28	42	4)
v(45	4	10	135	20	4)
v(45	5	24	182	48	4)
v(46	1	15	93	30	2)
v(46	2	16	52	32	2)
v(46	3	8	19	16	2)
v(47	1	24	164	48	4)
v(47	2	7	37	14	3)
v(47	3	26	107	52	3)
v(47	4	16	41	32	4)
v(47	5	29	162	58	4)
v(48	1	1	130	2	2)
v(48	2	4	42	8	2)
v(48	3	23	62	46	2)
v(49	1	13	150	26	0)
v(50	1	10	121	20	1)
v(50	2	5	149	10	1)
v(51	1	23	48	46	1)
v(51	2	17	135	34	1)
v(52	1	8	112	16	0)
v(53	1	10	33	20	1)
v(53	2	18	100	36	1)
v(54	1	8	35	16	0)
v(55	1	1	66	2	1)
v(55	2	25	94	50	1)
v(56	1	2	48	4	1)
v(56	2	11	76	22	1)
v(57	1	29	184	58	3)
v(57	2	26	158	52	3)
v(57	3	9	69	18	3)
v(57	4	22	63	44	3)
v(58	1	2	35	4	3)
v(58	2	3	120	6	3)
v(58	3	20	52	40	3)
v(58	4	28	91	56	3)
v(59	1	3	64	6	2)
v(59	2	6	129	12	2)
v(59	3	7	18	14	2)
v(60	1	14	41	28	3)
v(60	2	17	160	34	3)
v(60	3	5	42	10	3)
v(60	4	21	92	42	3)
v(61	1	23	175	46	2)
v(61	2	12	46	24	2)
v(61	3	3	119	6	2)
v(62	1	17	118	34	1)
v(62	2	31	55	62	1)
v(63	1	22	68	44	2)
v(63	2	19	139	38	2)
v(63	3	2	33	4	2)
v(64	1	28	49	56	3)
v(64	2	10	91	20	3)
v(64	3	9	159	18	3)
v(64	4	31	128	62	3)
v(65	1	28	105	56	4)
v(65	2	32	137	64	4)
v(65	3	27	59	54	4)
v(65	4	20	84	40	4)
v(65	5	22	26	44	4)
v(66	1	7	140	14	0)
v(67	1	11	66	22	0)
v(68	1	4	35	8	2)
v(68	2	6	86	12	2)
v(68	3	4	7	8	2)
v(69	1	11	154	22	4)
v(69	2	18	65	36	4)
v(69	3	5	165	10	4)
v(69	4	13	173	26	4)
v(69	5	17	82	34	4)
v(70	1	6	57	12	1)
v(70	2	19	105	38	1)
v(71	1	1	54	2	4)
v(71	2	25	120	50	4)
v(71	3	4	100	8	4)
v(71	4	15	21	30	4)
v(71	5	13	113	26	4)
v(72	1	7	116	14	0)
v(73	1	6	143	12	2)
v(73	2	5	97	10	2)
v(73	3	14	54	28	2)
v(74	1	7	157	14	3)
v(74	2	8	116	16	3)
v(74	3	28	115	56	3)
v(74	4	13	91	26	3)
v(75	1	11	97	22	2)
v(75	2	22	32	44	2)
v(75	3	9	155	18	2)
v(76	1	25	179	50	4)
v(76	2	16	127	32	4)
v(76	3	28	170	56	4)
v(76	4	11	138	22	3)
v(76	5	21	122	42	3)
v(77	1	21	104	42	2)
v(77	2	5	123	10	2)
v(77	3	24	59	48	2)
v(78	1	25	122	50	1)
v(78	2	32	39	64	1)
v(79	1	15	37	30	0)
v(80	1	11	22	22	4)
v(80	2	21	144	42	3)
v(80	3	16	118	32	4)
v(80	4	12	116	24	3)
v(80	5	13	168	26	4)
v(81	1	12	133	24	2)
v(81	2	3	46	6	1)
v(81	3	7	40	14	1)
v(82	1	2	134	4	0)
v(83	1	5	152	10	4)
v(83	2	23	170	46	4)
v(83	3	19	71	38	4)
v(83	4	21	155	42	4)
v(83	5	16	21	32	4)
v(84	1	1	32	2	4)
v(84	2	20	76	40	4)
v(84	3	23	122	46	4)
v(84	4	25	93	50	4)
v(84	5	2	42	4	4)
v(85	1	22	50	44	2)
v(85	2	31	112	62	2)
v(85	3	32	158	64	2)
v(86	1	24	100	48	0)
v(87	1	31	141	62	3)
v(87	2	8	15	16	3)
v(87	3	1	152	2	2)
v(87	4	27	137	54	2)
v(88	1	23	124	46	4)
v(88	2	13	130	26	4)
v(88	3	8	12	16	4)
v(88	4	18	43	36	4)
v(88	5	25	76	50	4)
v(89	1	4	136	8	0)
v(89	2	28	131	56	0)
v(90	1	15	44	30	3)
v(90	2	16	122	32	3)
v(90	3	11	100	22	3)
v(90	4	26	66	52	3)
v(91	1	24	60	48	2)
v(91	2	14	45	28	2)
v(91	3	18	149	36	2)
v(92	1	6	13	12	3)
v(92	2	19	146	38	2)
v(92	3	17	86	34	4)
v(92	4	31	129	62	3)
v(92	5	10	136	20	4)
v(93	1	29	70	58	1)
v(93	2	25	185	50	1)
v(94	1	24	101	48	1)
v(94	2	31	120	62	1)
v(95	1	11	111	22	0)
v(96	1	31	169	62	1)
v(96	2	20	131	40	1)
v(97	1	17	157	34	1)
v(97	2	12	118	24	2)
v(97	3	16	100	32	1)
v(98	1	3	97	6	1)
v(98	2	24	147	48	1)
v(99	1	30	51	60	3)
v(99	2	29	103	58	3)
v(99	3	8	77	16	3)
v(99	4	11	76	22	3)
v(100	1	19	25	38	4)
v(100	2	22	95	44	4)
v(100	3	32	98	64	4)
v(100	4	32	126	64	4)
v(100	5	13	152	26	4)
v(101	1	16	163	32	0)
v(102	1	29	106	58	3)
v(102	2	13	121	26	3)
v(102	3	30	137	60	3)
v(102	4	30	137	60	3)
v(103	1	4	154	8	2)
v(103	2	21	114	42	2)
v(103	3	16	134	32	2)
v(104	1	13	88	26	4)
v(104	2	12	149	24	4)
v(104	3	22	71	44	4)
v(104	4	9	101	18	4)
v(104	5	2	110	4	4)
v(105	1	30	43	60	0)
v(106	1	18	142	36	3)
v(106	2	4	92	8	3)
v(106	3	10	27	20	3)
v(106	4	29	169	58	3)
v(107	1	19	160	38	0)
v(108	1	22	180	44	2)
v(108	2	25	91	50	2)
v(108	3	13	170	26	2)
v(109	1	27	118	54	3)
v(109	2	12	46	24	3)
v(109	3	10	107	20	3)
v(109	4	15	102	30	3)
v(110	1	18	163	36	0)
v(111	1	18	87	36	4)
v(111	2	8	131	16	3)
v(111	3	2	160	4	3)
v(111	4	11	48	22	4)
v(111	5	31	165	62	4)
v(112	1	21	50	42	0)
v(113	1	28	141	56	0)
v(114	1	12	102	24	1)
v(114	2	16	73	32	1)
v(115	1	4	67	8	0)
v(116	1	15	128	30	3)
v(116	2	17	150	34	3)
v(116	3	5	124	10	3)
v(116	4	16	105	32	3)
v(117	1	14	137	28	3)
v(117	2	5	58	10	3)
v(117	3	1	55	2	3)
v(117	4	5	49	10	3)
v(118	1	5	24	10	0)
v(119	1	20	104	40	0)
v(120	1	10	169	20	1)
v(120	2	22	153	44	1)
v(121	1	24	130	48	0)
v(122	1	30	50	60	2)
v(122	2	1	121	2	2)
v(122	3	17	55	34	2)
v(123	1	3	42	6	4)
v(123	2	18	29	36	4)
v(123	3	21	101	42	4)
v(123	4	25	77	50	4)
v(123	5	6	138	12	4)
v(124	1	26	29	52	3)
v(124	2	10	101	20	3)
v(124	3	4	37	8	3)
v(124	4	28	88	56	3)
v(125	1	28	103	56	0)
v(126	1	28	46	56	1)
v(126	2	29	141	58	1)
v(127	1	29	85	58	3)
v(127	2	21	172	42	3)
v(127	3	10	131	20	3)
v(127	4	9	78	18	3)
v(128	1	16	97	32	1)
v(128	2	1	118	2	1)
v(129	1	26	182	52	0)
v(130	1	13	88	26	2)
v(130	2	12	67	24	2)
v(130	3	3	56	6	2)
v(131	1	20	129	40	2)
v(131	2	23	174	46	2)
v(131	3	20	82	40	2)
v(132	1	26	124	52	0)
v(133	1	19	20	38	2)
v(133	2	28	105	56	3)
v(133	3	7	46	14	2)
v(133	4	16	21	32	3)
v(134	1	15	127	30	2)
v(134	2	17	91	34	2)
v(134	3	18	47	36	2)
v(135	1	13	86	26	4)
v(135	2	27	40	54	4)
v(135	3	29	186	58	4)
v(135	4	5	122	10	4)
v(135	5	29	156	58	4)
v(136	1	11	101	22	2)
v(136	2	16	169	32	2)
v(136	3	29	50	58	2)
v(137	1	14	142	28	3)
v(137	2	19	80	38	3)
v(137	3	9	102	18	3)
v(137	4	25	68	50	3)
v(138	1	14	99	28	2)
v(138	2	21	64	42	2)
v(138	3	6	46	12	2)
v(139	1	22	180	44	3)
v(139	2	2	108	4	2)
v(139	3	26	87	52	3)
v(139	4	7	152	14	2)
v(140	1	11	14	22	0)
v(141	1	1	122	2	0)
v(142	1	29	93	58	1)
v(142	2	29	130	58	1)
v(143	1	5	58	10	3)
v(143	2	23	70	46	3)
v(143	3	23	25	46	3)
v(143	4	28	59	56	3)
v(144	1	5	72	10	4)
v(144	2	26	43	52	4)
v(144	3	21	151	42	4)
v(144	4	14	100	28	4)
v(144	5	11	46	22	4)
v(145	1	32	134	64	0)
v(146	1	25	76	50	0)
v(147	1	24	70	48	4)
v(147	2	17	150	34	4)
v(147	3	9	114	18	4)
v(147	4	11	21	22	4)
v(147	5	8	29	16	4)
v(148	1	2	76	4	1)
v(148	2	11	154	22	1)
v(149	1	6	54	12	2)
v(149	2	4	28	8	2)
v(149	3	14	31	28	2)
v(150	1	19	81	38	2)
v(150	2	5	106	10	2)
v(150	3	16	105	32	2)
v(151	1	2	99	4	4)
v(151	2	21	36	42	4)
v(151	3	24	78	48	4)
v(151	4	3	5	6	4)
v(151	5	21	141	42	4)
v(152	1	4	89	8	1)
v(152	2	1	84	2	1)
v(153	1	21	101	42	4)
v(153	2	23	120	46	3)
v(153	3	12	111	24	3)
v(153	4	7	142	14	4)
v(153	5	28	164	56	4)
v(154	1	21	95	42	2)
v(154	2	19	127	38	3)
v(154	3	10	45	20	2)
v(154	4	28	158	56	3)
v(155	1	20	109	40	2)
v(155	2	29	37	58	2)
v(155	3	16	77	32	2)
v(156	1	25	115	50	4)
v(156	2	22	86	44	4)
v(156	3	20	127	40	4)
v(156	4	20	148	40	4)
v(156	5	3	151	6	4)
v(157	1	8	24	16	0)
v(158	1	32	100	64	4)
v(158	2	21	116	42	4)
v(158	3	18	57	36	3)
v(158	4	3	40	6	3)
v(158	5	24	166	48	4)
v(159	1	11	161	22	1)
v(159	2	4	120	8	1)
v(160	1	18	28	36	4)
v(160	2	26	142	52	4)
v(160	3	8	128	16	4)
v(160	4	32	181	64	4)
v(160	5	23	148	46	4)
v(161	1	25	114	50	1)
v(161	2	14	147	28	2)
v(161	3	10	103	20	1)
v(162	1	23	58	46	0)
v(163	1	8	109	16	1)
v(163	2	7	96	14	1)
v(164	1	20	85	40	2)
v(164	2	25	36	50	2)
v(164	3	28	101	56	2)
v(165	1	29	49	58	1)
v(165	2	23	47	46	1)
v(166	1	20	71	40	2)
v(166	2	31	56	62	2)
v(166	3	9	161	18	2)
v(167	1	4	67	8	1)
v(167	2	3	30	6	1)
v(168	1	10	114	20	1)
v(168	2	10	77	20	1)
v(169	1	20	78	40	1)
v(169	2	5	135	10	1)
v(170	1	12	64	24	3)
v(170	2	16	122	32	3)
v(170	3	28	127	56	3)
v(170	4	2	143	4	3)
v(171	1	19	126	38	3)
v(171	2	32	61	64	4)
v(171	3	19	174	38	4)
v(171	4	32	88	64	3)
v(171	5	22	108	44	4)
v(172	1	15	114	30	3)
v(172	2	31	79	62	3)
v(172	3	5	121	10	3)
v(172	4	9	41	18	3)
v(173	1	14	140	28	3)
v(173	2	14	84	28	3)
v(173	3	20	155	40	3)
v(173	4	1	107	2	3)
v(174	1	19	171	38	2)
v(174	2	22	49	44	2)
v(174	3	14	43	28	2)
v(175	1	13	148	26	0)
v(176	1	26	162	52	2)
v(176	2	17	31	34	2)
v(176	3	9	24	18	2)
v(177	1	26	116	52	3)
v(177	2	5	121	10	3)
v(177	3	19	179	38	3)
v(177	4	1	75	2	3)
v(178	1	18	152	36	0)
v(179	1	26	181	52	1)
v(179	2	21	143	42	1)
v(180	1	21	131	42	3)
v(180	2	19	30	38	3)
v(180	3	1	118	2	3)
v(180	4	6	102	12	3)
v(181	1	19	159	38	0)
v(182	1	17	170	34	4)
v(182	2	3	138	6	3)
v(182	3	29	96	58	4)
v(182	4	31	124	62	4)
v(182	5	10	38	20	3)
v(183	1	10	69	20	3)
v(183	2	5	129	10	3)
v(183	3	27	33	54	3)
v(183	4	17	128	34	3)
v(184	1	16	33	32	4)
v(184	2	28	73	56	4)
v(184	3	30	160	60	4)
v(184	4	21	176	42	4)
v(184	5	18	25	36	4)
v(185	1	1	134	2	3)
v(185	2	11	45	22	3)
v(185	3	17	110	34	3)
v(185	4	24	88	48	3)
v(186	1	13	117	26	4)
v(186	2	17	83	34	4)
v(186	3	24	44	48	4)
v(186	4	3	32	6	4)
v(186	5	1	69	2	4)
v(187	1	13	82	26	3)
v(187	2	28	77	56	4)
v(187	3	4	132	8	3)
v(187	4	11	161	22	2)
v(187	5	14	59	28	4)
v(188	1	4	21	8	1)
v(188	2	27	170	54	1)
v(189	1	17	103	34	0)
v(190	1	8	126	16	2)
v(190	2	26	32	52	2)
v(190	3	7	133	14	2)
v(191	1	31	32	62	3)
v(191	2	10	48	20	4)
v(191	3	20	156	40	4)
v(191	4	16	55	32	4)
v(191	5	32	155	64	3)
v(192	1	19	98	38	3)
v(192	2	13	15	26	2)
v(192	3	31	69	62	3)
v(192	4	32	85	64	2)
v(193	1	8	96	16	2)
v(193	2	31	37	62	3)
v(193	3	24	137	48	3)
v(193	4	23	31	46	2)
v(194	1	27	178	54	3)
v(194	2	5	63	10	3)
v(194	3	29	55	58	3)
v(194	4	16	104	32	3)
v(195	1	20	162	40	2)
v(195	2	5	87	10	2)
v(195	3	27	134	54	2)
v(196	1	32	86	64	4)
v(196	2	19	91	38	4)
v(196	3	6	17	12	4)
v(196	4	27	156	54	4)
v(196	5	27	116	54	4)
v(197	1	16	123	32	2)
v(197	2	24	93	48	2)
v(197	3	28	145	56	2)
v(198	1	30	182	60	0)
v(199	1	7	56	14	3)
v(199	2	12	80	24	3)
v(199	3	24	49	48	3)
v(199	4	24	89	48	3)
v(200	1	14	131	28	1)
v(200	2	14	15	28	1)
v(201	1	8	79	16	3)
v(201	2	20	25	40	3)
v(201	3	4	36	8	2)
v(201	4	10	118	20	2)
v(202	1	3	77	6	2)
v(202	2	27	75	54	2)
v(202	3	17	39	34	2)
v(203	1	10	18	20	4)
v(203	2	1	135	2	4)
v(203	3	11	85	22	4)
v(203	4	16	121	32	4)
v(203	5	10	101	20	4)
v(204	1	2	96	4	1)
v(204	2	6	66	12	1)
v(205	1	3	156	6	0)
v(205	2	3	91	6	0)
v(206	1	9	82	18	2)
v(206	2	11	41	22	2)
v(206	3	23	104	46	2)
v(207	1	29	106	58	3)
v(207	2	10	107	20	3)
v(207	3	18	117	36	3)
v(207	4	22	126	44	3)
v(208	1	27	141	54	3)
v(208	2	14	41	28	3)
v(208	3	7	93	14	3)
v(208	4	15	80	30	3)
v(209	1	8	140	16	3)
v(209	2	6	104	12	3)
v(209	3	32	127	64	3)
v(209	4	20	63	40	3)
v(210	1	7	73	14	3)
v(210	2	17	161	34	3)
v(210	3	11	111	22	3)
v(210	4	23	115	46	3)
v(211	1	12	73	24	4)
v(211	2	20	44	40	4)
v(211	3	29	72	58	4)
v(211	4	29	88	58	4)
v(211	5	24	180	48	4)
v(212	1	19	140	38	2)
v(212	2	5	57	10	2)
v(212	3	6	56	12	2)
v(213	1	5	94	10	4)
v(213	2	25	124	50	3)
v(213	3	29	57	58	3)
v(213	4	14	131	28	4)
v(213	5	30	84	60	2)
v(214	1	2	66	4	4)
v(214	2	28	63	56	4)
v(214	3	11	35	22	4)
v(214	4	4	113	8	4)
v(214	5	15	18	30	4)
v(215	1	15	131	30	0)
v(216	1	22	142	44	2)
v(216	2	9	86	18	2)
v(216	3	30	86	60	2)
v(217	1	5	144	10	1)
v(217	2	23	165	46	1)
v(217	3	13	51	26	2)
v(218	1	30	190	60	3)
v(218	2	25	76	50	3)
v(218	3	16	71	32	3)
v(218	4	28	86	56	3)
v(219	1	15	32	30	4)
v(219	2	22	34	44	3)
v(219	3	6	73	12	4)
v(219	4	30	184	60	3)
v(219	5	27	131	54	4)
v(220	1	15	20	30	2)
v(220	2	23	133	46	2)
v(220	3	11	41	22	2)
v(221	1	16	64	32	2)
v(221	2	29	76	58	2)
v(221	3	23	182	46	2)
v(222	1	23	85	46	1)
v(222	2	21	99	42	1)
v(223	1	25	170	50	1)
v(223	2	11	46	22	1)
v(224	1	4	33	8	0)
v(225	1	32	192	64	1)
v(225	2	17	117	34	1)
v(226	1	15	89	30	2)
v(226	2	16	67	32	2)
v(226	3	32	145	64	2)
v(227	1	10	127	20	2)
v(227	2	22	93	44	2)
v(227	3	12	92	24	2)
v(228	1	7	123	14	1)
v(228	2	10	62	20	1)
v(229	1	19	105	38	4)
v(229	2	5	51	10	4)
v(229	3	7	90	14	4)
v(229	4	4	149	8	4)
v(229	5	28	53	56	4)
v(230	1	14	20	28	2)
v(230	2	28	86	56	2)
v(230	3	10	14	20	2)
v(231	1	28	186	56	0)
v(232	1	18	139	36	0)
v(233	1	19	174	38	3)
v(233	2	30	185	60	3)
v(233	3	4	43	8	3)
v(233	4	1	160	2	3)
v(234	1	22	48	44	4)
v(234	2	22	94	44	4)
v(234	3	7	51	14	4)
v(234	4	17	40	34	4)
v(234	5	5	80	10	4)
v(235	1	10	63	20	1)
v(235	2	23	182	46	1)
v(236	1	12	84	24	1)
v(236	2	16	147	32	1)
v(237	1	26	57	52	1)
v(237	2	6	94	12	1)
v(238	1	18	30	36	4)
v(238	2	26	76	52	4)
v(238	3	31	58	62	4)
v(238	4	22	35	44	4)
v(238	5	12	143	24	4)
v(239	1	8	137	16	4)
v(239	2	17	99	34	4)
v(239	3	25	65	50	4)
v(239	4	29	66	58	4)
v(239	5	24	152	48	4)
v(240	1	27	31	54	2)
v(240	2	21	79	42	2)
v(240	3	24	47	48	2)
v(241	1	31	133	62	1)
v(241	2	14	64	28	1)
v(242	1	22	145	44	4)
v(242	2	2	146	4	4)
v(242	3	22	121	44	4)
v(242	4	32	173	64	4)
v(242	5	32	69	64	4)
v(243	1	7	166	14	0)
v(244	1	21	129	42	1)
v(244	2	13	46	26	1)
v(245	1	28	146	56	3)
v(245	2	11	165	22	3)
v(245	3	3	4	6	3)
v(245	4	1	36	2	3)
v(246	1	31	122	62	2)
v(246	2	17	107	34	2)
v(246	3	14	60	28	2)
v(246	4	8	29	16	2)
v(247	1	31	150	62	3)
v(247	2	2	161	4	3)
v(247	3	29	180	58	4)
v(247	4	17	117	34	4)
v(247	5	27	114	54	4)
v(248	1	7	12	14	0)
v(249	1	11	123	22	3)
v(249	2	23	121	46	3)
v(249	3	19	96	38	3)
v(249	4	11	30	22	3)
v(250	1	15	70	30	3)
v(250	2	6	124	12	4)
v(250	3	17	45	34	3)
v(250	4	14	32	28	4)
v(250	5	4	24	8	4)
v(251	1	8	117	16	1)
v(251	2	29	189	58	1)
v(252	1	10	22	20	0)
v(253	1	25	160	50	2)
v(253	2	27	127	54	3)
v(253	3	20	92	40	3)
v(253	4	11	99	22	2)
v(254	1	18	23	36	4)
v(254	2	25	73	50	4)
v(254	3	9	142	18	4)
v(254	4	2	40	4	4)
v(254	5	14	75	28	4)
v(255	1	12	105	24	4)
v(255	2	19	44	38	4)
v(255	3	23	44	46	4)
v(255	4	31	120	62	4)
v(255	5	30	103	60	4)
v(256	1	18	135	36	3)
v(256	2	25	174	50	2)
v(256	3	3	154	6	3)
v(256	4	15	84	30	2)
v(257	1	28	71	56	0)
v(258	1	5	92	10	0)
v(259	1	31	79	62	1)
v(259	2	13	69	26	1)
v(259	3	23	66	46	2)
v(260	1	5	136	10	2)
v(260	2	31	70	62	2)
v(260	3	22	119	44	2)
v(261	1	23	154	46	2)
v(261	2	28	148	56	1)
v(261	3	29	140	58	1)
v(262	1	9	58	18	1)
v(262	2	4	8	8	1)
v(263	1	27	143	54	0)
v(264	1	13	89	26	1)
v(264	2	24	66	48	1)
v(265	1	9	35	18	4)
v(265	2	30	163	60	4)
v(265	3	10	40	20	3)
v(265	4	19	142	38	3)
v(265	5	32	92	64	4)
v(266	1	1	136	2	0)
v(267	1	20	128	40	0)
v(268	1	25	147	50	0)
v(269	1	24	98	48	4)
v(269	2	11	49	22	4)
v(269	3	24	41	48	4)
v(269	4	30	131	60	4)
v(269	5	1	88	2	4)
v(270	1	2	86	4	0)
v(271	1	32	117	64	1)
v(271	2	3	22	6	1)
v(272	1	21	132	42	0)
v(273	1	21	131	42	2)
v(273	2	23	177	46	2)
v(273	3	25	71	50	2)
v(274	1	17	177	34	0)
v(275	1	19	51	38	2)
v(275	2	10	78	20	2)
v(275	3	21	181	42	2)
v(276	1	18	144	36	3)
v(276	2	11	90	22	4)
v(276	3	25	75	50	4)
v(276	4	22	144	44	3)
v(276	5	19	40	38	4)
v(277	1	22	26	44	4)
v(277	2	28	64	56	4)
v(277	3	3	158	6	4)
v(277	4	16	156	32	4)
v(277	5	32	174	64	4)
v(278	1	23	101	46	4)
v(278	2	20	120	40	4)
v(278	3	14	132	28	4)
v(278	4	24	119	48	4)
v(278	5	2	73	4	4)
v(279	1	16	93	32	4)
v(279	2	19	60	38	3)
v(279	3	12	146	24	3)
v(279	4	22	42	44	4)
v(279	5	1	130	2	4)
v(280	1	6	165	12	1)
v(280	2	25	160	50	1)
v(281	1	4	131	8	2)
v(281	2	16	39	32	2)
v(281	3	10	161	20	3)
v(281	4	2	75	4	3)
v(282	1	13	19	26	0)
v(283	1	2	42	4	4)
v(283	2	4	138	8	3)
v(283	3	25	46	50	3)
v(283	4	1	33	2	4)
v(283	5	4	160	8	4)
v(284	1	24	134	48	0)
v(285	1	27	40	54	2)
v(285	2	24	171	48	2)
v(285	3	27	62	54	2)
v(286	1	4	164	8	3)
v(286	2	2	101	4	4)
v(286	3	4	136	8	4)
v(286	4	30	43	60	4)
v(286	5	29	96	58	3)
v(287	1	14	40	28	0)
v(288	1	23	46	46	3)
v(288	2	11	134	22	3)
v(288	3	6	24	12	3)
v(288	4	21	118	42	3)
v(289	1	2	12	4	0)
v(290	1	19	87	38	2)
v(290	2	28	145	56	2)
v(290	3	12	29	24	2)
v(291	1	20	170	40	0)
v(292	1	1	80	2	3)
v(292	2	20	70	40	3)
v(292	3	14	171	28	3)
v(292	4	7	29	14	3)
v(293	1	18	149	36	4)
v(293	2	24	104	48	4)
v(293	3	24	152	48	4)
v(293	4	21	118	42	4)
v(293	5	13	31	26	4)
v(294	1	22	26	44	1)
v(294	2	13	111	26	1)
v(295	1	18	77	36	0)
v(296	1	10	36	20	3)
v(296	2	21	159	42	3)
v(296	3	21	121	42	3)
v(296	4	8	167	16	3)
v(297	1	1	102	2	1)
v(297	2	17	46	34	1)
v(298	1	27	82	54	4)
v(298	2	22	99	44	2)
v(298	3	24	139	48	4)
v(298	4	21	93	42	3)
v(298	5	11	158	22	3)
v(299	1	11	106	22	2)
v(299	2	19	132	38	4)
v(299	3	29	115	58	3)
v(299	4	3	36	6	3)
v(299	5	19	30	38	4)
v(300	1	24	74	48	0)
v(300	2	9	152	18	0)
v(301	1	11	44	22	3)
v(301	2	32	85	64	2)
v(301	3	21	136	42	1)
v(301	4	4	37	8	2)
v(302	1	26	38	52	3)
v(302	2	14	52	28	3)
v(302	3	5	161	10	3)
v(302	4	9	100	18	3)
v(303	1	27	133	54	0)
v(303	2	17	25	34	0)
v(304	1	30	189	60	1)
v(304	2	12	105	24	1)
v(305	1	23	43	46	1)
v(305	2	13	84	26	1)
v(306	1	18	105	36	4)
v(306	2	30	116	60	4)
v(306	3	3	17	6	4)
v(306	4	6	26	12	4)
v(306	5	8	128	16	4)
v(307	1	29	99	58	0)
v(307	2	19	59	38	0)
v(308	1	5	63	10	3)
v(308	2	23	92	46	2)
v(308	3	19	49	38	1)
v(308	4	21	82	42	2)
v(309	1	9	160	18	1)
v(309	2	9	70	18	1)
v(310	1	17	86	34	0)
v(311	1	30	115	60	1)
v(311	2	27	136	54	1)
v(312	1	20	171	40	3)
v(312	2	21	149	42	3)
v(312	3	9	121	18	3)
v(312	4	15	67	30	3)
v(313	1	7	98	14	0)
v(314	1	14	80	28	4)
v(314	2	1	31	2	4)
v(314	3	23	68	46	4)
v(314	4	8	62	16	4)
v(314	5	24	74	48	4)
v(315	1	26	40	52	3)
v(315	2	9	120	18	3)
v(315	3	20	161	40	3)
v(315	4	5	74	10	3)
v(316	1	22	60	44	1)
v(316	2	19	57	38	1)
v(317	1	31	37	62	1)
v(317	2	19	147	38	1)
v(318	1	3	58	6	2)
v(318	2	29	154	58	2)
v(318	3	13	111	26	2)
v(319	1	16	93	32	0)
v(320	1	3	142	6	4)
v(320	2	25	73	50	4)
v(320	3	7	125	14	4)
v(320	4	19	66	38	4)
v(320	5	7	127	14	4)
v(321	1	14	90	28	1)
v(321	2	22	151	44	1)
v(322	1	8	10	16	1)
v(322	2	1	69	2	1)
v(323	1	28	47	56	3)
v(323	2	1	99	2	3)
v(323	3	28	157	56	3)
v(323	4	29	106	58	3)
v(324	1	24	126	48	4)
v(324	2	8	100	16	3)
v(324	3	4	141	8	3)
v(324	4	28	187	56	4)
v(324	5	31	105	62	4)
v(325	1	2	149	4	1)
v(325	2	12	76	24	1)
v(326	1	3	130	6	0)
v(327	1	29	86	58	3)
v(327	2	1	136	2	3)
v(327	3	7	82	14	4)
v(327	4	25	58	50	4)
v(327	5	5	51	10	4)
v(328	1	27	169	54	2)
v(328	2	1	95	2	2)
v(328	3	22	123	44	2)
v(329	1	17	148	34	4)
v(329	2	3	149	6	4)
v(329	3	19	150	38	4)
v(329	4	10	112	20	4)
v(329	5	25	56	50	4)
v(330	1	12	94	24	4)
v(330	2	2	9	4	4)
v(330	3	2	115	4	4)
v(330	4	9	167	18	4)
v(330	5	4	161	8	4)
v(331	1	2	76	4	2)
v(331	2	23	40	46	2)
v(331	3	24	184	48	2)
v(332	1	13	148	26	0)
v(333	1	5	35	10	2)
v(333	2	9	64	18	2)
v(333	3	29	96	58	2)
v(334	1	30	32	60	0)
v(335	1	14	78	28	1)
v(335	2	32	48	64	1)
v(336	1	14	135	28	4)
v(336	2	22	67	44	4)
v(336	3	19	167	38	4)
v(336	4	14	117	28	4)
v(336	5	15	25	30	4)
v(337	1	17	30	34	0)
v(338	1	11	74	22	4)
v(338	2	27	173	54	4)
v(338	3	23	132	46	4)
v(338	4	9	107	18	4)
v(338	5	15	169	30	4)
v(339	1	16	50	32	0)
v(340	1	10	83	20	1)
v(340	2	32	154	64	1)
v(341	1	18	33	36	0)
v(342	1	22	181	44	2)
v(342	2	14	132	28	2)
v(342	3	29	134	58	2)
v(343	1	30	47	60	0)
v(344	1	17	61	34	3)
v(344	2	17	101	34	4)
v(344	3	16	58	32	3)
v(344	4	14	57	28	4)
v(344	5	1	155	2	4)
v(345	1	11	151	22	3)
v(345	2	16	168	32	3)
v(345	3	8	87	16	4)
v(345	4	14	42	28	4)
v(345	5	2	29	4	4)
v(346	1	24	95	48	4)
v(346	2	27	47	54	4)
v(346	3	8	42	16	4)
v(346	4	7	134	14	4)
v(346	5	4	84	8	4)
v(347	1	30	41	60	4)
v(347	2	5	111	10	4)
v(347	3	5	17	10	4)
v(347	4	13	133	26	4)
v(347	5	16	145	32	4)
v(348	1	13	26	26	1)
v(348	2	30	140	60	1)
v(349	1	5	163	10	1)
v(349	2	25	52	50	1)
v(350	1	24	38	48	2)
v(350	2	2	119	4	1)
v(350	3	27	29	54	1)
v(351	1	2	54	4	4)
v(351	2	22	175	44	3)
v(351	3	8	46	16	2)
v(351	4	31	89	62	3)
v(351	5	4	142	8	4)
v(352	1	12	145	24	1)
v(352	2	27	56	54	1)
v(353	1	6	12	12	1)
v(353	2	12	108	24	1)
v(354	1	13	129	26	2)
v(354	2	16	22	32	2)
v(354	3	24	62	48	3)
v(354	4	3	143	6	3)
v(355	1	29	135	58	0)
v(356	1	24	165	48	2)
v(356	2	24	146	48	2)
v(356	3	11	42	22	2)
v(357	1	21	138	42	1)
v(357	2	10	154	20	1)
v(358	1	1	154	2	3)
v(358	2	29	50	58	3)
v(358	3	22	106	44	3)
v(358	4	24	118	48	3)
v(359	1	13	57	26	0)
v(360	1	17	58	34	2)
v(360	2	32	125	64	2)
v(360	3	15	78	30	2)
v(361	1	20	180	40	0)
v(362	1	3	49	6	1)
v(362	2	7	125	14	1)
v(363	1	8	49	16	0)
v(364	1	29	138	58	1)
v(364	2	10	96	20	1)
v(365	1	1	151	2	1)
v(365	2	15	78	30	1)
v(366	1	27	181	54	0)
v(367	1	21	161	42	4)
v(367	2	20	77	40	4)
v(367	3	3	12	6	4)
v(367	4	31	124	62	4)
v(367	5	22	133	44	4)
v(368	1	6	39	12	0)
v(369	1	29	61	58	2)
v(369	2	31	47	62	2)
v(369	3	19	174	38	2)
v(370	1	3	147	6	1)
v(370	2	22	136	44	1)
v(371	1	28	72	56	4)
v(371	2	18	176	36	4)
v(371	3	28	137	56	4)
v(371	4	14	63	28	3)
v(371	5	4	131	8	3)
v(372	1	28	120	56	0)
v(373	1	11	39	22	1)
v(373	2	26	50	52	1)
v(374	1	3	77	6	3)
v(374	2	17	150	34	3)
v(374	3	9	146	18	4)
v(374	4	7	124	14	1)
v(374	5	17	87	34	3)
v(375	1	4	51	8	1)
v(375	2	23	31	46	2)
v(375	3	19	160	38	1)
v(376	1	12	121	24	0)
v(377	1	24	57	48	2)
v(377	2	30	85	60	2)
v(377	3	3	23	6	3)
v(377	4	24	170	48	3)
v(378	1	14	147	28	0)
v(379	1	11	22	22	1)
v(379	2	5	153	10	1)
v(379	3	25	142	50	2)
v(380	1	18	94	36	1)
v(380	2	16	79	32	2)
v(380	3	14	127	28	1)
v(381	1	14	25	28	0)
v(382	1	29	145	58	4)
v(382	2	2	8	4	3)
v(382	3	26	119	52	3)
v(382	4	23	75	46	4)
v(382	5	7	100	14	4)
v(383	1	3	8	6	3)
v(383	2	11	48	22	3)
v(383	3	1	76	2	3)
v(383	4	10	38	20	3)
v(384	1	9	110	18	1)
v(384	2	11	71	22	1)
v(385	1	21	177	42	1)
v(385	2	32	183	64	1)
v(386	1	5	26	10	0)
v(387	1	15	37	30	1)
v(387	2	6	15	12	1)
v(388	1	18	69	36	1)
v(388	2	31	33	62	1)
v(389	1	1	77	2	1)
v(389	2	7	62	14	1)
v(390	1	21	56	42	2)
v(390	2	22	85	44	2)
v(390	3	13	102	26	2)
v(391	1	22	58	44	0)
v(392	1	30	151	60	1)
v(392	2	3	73	6	1)
v(393	1	12	92	24	0)
v(394	1	23	75	46	1)
v(394	2	6	59	12	1)
v(395	1	2	16	4	0)
v(396	1	29	56	58	3)
v(396	2	30	146	60	3)
v(396	3	2	27	4	4)
v(396	4	7	84	14	3)
v(396	5	16	135	32	3)
v(397	1	24	101	48	0)
v(398	1	18	68	36	0)
v(399	1	29	54	58	3)
v(399	2	26	72	52	3)
v(399	3	15	110	30	2)
v(399	4	5	121	10	2)
v(400	1	19	47	38	2)
v(400	2	10	119	20	3)
v(400	3	11	161	22	3)
v(400	4	10	59	20	2)
v(401	1	28	173	56	1)
v(401	2	19	24	38	1)
v(402	1	20	54	40	1)
v(402	2	16	93	32	2)
v(402	3	28	143	56	2)
v(402	4	7	95	14	3)
v(403	1	25	94	50	0)
v(404	1	25	100	50	3)
v(404	2	24	146	48	3)
v(404	3	3	143	6	3)
v(404	4	21	141	42	3)
v(405	1	32	146	64	1)
v(405	2	28	157	56	1)
v(406	1	5	143	10	1)
v(406	2	3	82	6	1)
v(407	1	13	155	26	3)
v(407	2	9	13	18	3)
v(407	3	23	149	46	3)
v(407	4	13	33	26	3)
v(408	1	19	42	38	3)
v(408	2	10	105	20	3)
v(408	3	13	96	26	4)
v(408	4	20	119	40	4)
v(408	5	26	39	52	2)
v(409	1	28	61	56	1)
v(409	2	3	93	6	1)
v(410	1	6	73	12	1)
v(410	2	20	151	40	1)
v(411	1	27	101	54	2)
v(411	2	23	31	46	2)
v(411	3	16	38	32	2)
v(412	1	3	45	6	1)
v(412	2	14	39	28	1)
v(413	1	8	96	16	1)
v(413	2	6	126	12	1)
v(414	1	6	118	12	2)
v(414	2	2	95	4	2)
v(414	3	5	64	10	2)
v(415	1	5	143	10	0)
v(416	1	19	86	38	1)
v(416	2	16	24	32	1)
v(417	1	13	27	26	1)
v(417	2	30	178	60	1)
v(417	3	29	74	58	2)
v(418	1	16	101	32	3)
v(418	2	12	120	24	3)
v(418	3	28	137	56	3)
v(418	4	18	71	36	3)
v(419	1	17	116	34	3)
v(419	2	32	54	64	3)
v(419	3	28	158	56	2)
v(419	4	10	47	20	2)
v(420	1	10	151	20	2)
v(420	2	11	91	22	2)
v(420	3	26	74	52	2)
v(421	1	11	33	22	3)
v(421	2	4	41	8	3)
v(421	3	16	157	32	2)
v(421	4	16	161	32	2)
v(422	1	17	127	34	4)
v(422	2	31	59	62	4)
v(422	3	11	147	22	4)
v(422	4	6	23	12	4)
v(422	5	14	136	28	4)
v(423	1	18	37	36	2)
v(423	2	22	152	44	2)
v(423	3	4	27	8	2)
v(424	1	31	87	62	0)
v(425	1	31	45	62	1)
v(425	2	9	33	18	1)
v(426	1	29	65	58	2)
v(426	2	16	18	32	2)
v(426	3	27	89	54	2)
v(427	1	28	177	56	1)
v(427	2	14	78	28	1)
v(428	1	26	129	52	0)
v(429	1	18	71	36	2)
v(429	2	20	108	40	1)
v(429	3	28	143	56	1)
v(430	1	3	86	6	3)
v(430	2	21	171	42	3)
v(430	3	1	73	2	3)
v(430	4	28	131	56	3)
v(431	1	22	41	44	2)
v(431	2	14	143	28	2)
v(431	3	18	35	36	2)
v(432	1	30	98	60	1)
v(432	2	2	9	4	1)
v(433	1	2	33	4	2)
v(433	2	32	106	64	2)
v(433	3	3	81	6	2)
v(434	1	4	148	8	0)
v(435	1	8	157	16	4)
v(435	2	19	30	38	4)
v(435	3	4	29	8	3)
v(435	4	13	140	26	4)
v(435	5	21	94	42	3)
v(436	1	25	150	50	2)
v(436	2	9	126	18	2)
v(436	3	27	34	54	2)
v(437	1	23	55	46	4)
v(437	2	27	126	54	4)
v(437	3	22	40	44	3)
v(437	4	11	49	22	4)
v(437	5	26	173	52	3)
v(438	1	25	95	50	3)
v(438	2	10	89	20	3)
v(438	3	32	36	64	3)
v(438	4	9	84	18	3)
v(439	1	9	158	18	2)
v(439	2	32	142	64	2)
v(439	3	21	163	42	2)
v(440	1	6	158	12	3)
v(440	2	6	98	12	4)
v(440	3	23	95	46	3)
v(440	4	29	187	58	4)
v(440	5	17	98	34	4)
v(441	1	19	120	38	1)
v(441	2	11	87	22	1)
v(442	1	29	72	58	2)
v(442	2	32	130	64	2)
v(442	3	21	22	42	3)
v(442	4	12	164	24	3)
v(443	1	17	91	34	0)
v(444	1	5	37	10	0)
v(445	1	10	141	20	4)
v(445	2	12	49	24	4)
v(445	3	28	41	56	4)
v(445	4	20	168	40	4)
v(445	5	6	86	12	4)
v(446	1	29	88	58	1)
v(446	2	30	143	60	1)
v(447	1	6	72	12	3)
v(447	2	21	100	42	3)
v(447	3	28	175	56	3)
v(447	4	15	61	30	3)
v(448	1	30	87	60	3)
v(448	2	24	111	48	3)
v(448	3	5	96	10	3)
v(448	4	7	117	14	3)
v(449	1	7	161	14	3)
v(449	2	3	10	6	3)
v(449	3	3	69	6	3)
v(449	4	17	114	34	3)
v(450	1	16	152	32	0)
v(451	1	25	53	50	2)
v(451	2	2	57	4	2)
v(451	3	16	135	32	2)
v(452	1	32	167	64	0)
v(453	1	31	191	62	4)
v(453	2	9	14	18	2)
v(453	3	22	177	44	3)
v(453	4	8	41	16	4)
v(453	5	16	69	32	3)
v(454	1	13	60	26	1)
v(454	2	23	27	46	1)
v(455	1	15	138	30	2)
v(455	2	13	71	26	2)
v(455	3	23	33	46	2)
v(456	1	12	27	24	3)
v(456	2	27	81	54	4)
v(456	3	29	58	58	4)
v(456	4	14	59	28	3)
v(456	5	1	59	2	4)
v(457	1	29	185	58	3)
v(457	2	30	147	60	3)
v(457	3	12	91	24	3)
v(457	4	22	101	44	3)
v(458	1	10	40	20	2)
v(458	2	17	49	34	2)
v(458	3	31	78	62	2)
v(459	1	1	108	2	3)
v(459	2	20	158	40	3)
v(459	3	8	69	16	3)
v(459	4	1	19	2	3)
v(459	5	25	112	50	4)
v(460	1	21	81	42	0)
v(461	1	29	54	58	4)
v(461	2	23	68	46	4)
v(461	3	11	166	22	4)
v(461	4	22	55	44	4)
v(461	5	2	127	4	4)
v(462	1	13	109	26	4)
v(462	2	27	54	54	4)
v(462	3	25	118	50	4)
v(462	4	13	173	26	3)
v(462	5	4	152	8	3)
v(463	1	15	143	30	2)
v(463	2	10	86	20	4)
v(463	3	13	55	26	3)
v(463	4	9	140	18	3)
v(463	5	4	33	8	4)
v(464	1	31	117	62	0)
v(465	1	23	150	46	2)
v(465	2	14	106	28	2)
v(465	3	18	87	36	2)
v(466	1	29	106	58	4)
v(466	2	26	127	52	4)
v(466	3	6	141	12	4)
v(466	4	15	65	30	4)
v(466	5	25	68	50	4)
v(467	1	6	135	12	3)
v(467	2	29	150	58	3)
v(467	3	20	45	40	3)
v(467	4	25	185	50	4)
v(467	5	9	130	18	3)
v(468	1	12	31	24	3)
v(468	2	10	134	20	3)
v(468	3	4	149	8	3)
v(468	4	5	108	10	4)
v(468	5	18	165	36	3)
v(469	1	15	40	30	4)
v(469	2	16	119	32	3)
v(469	3	17	119	34	4)
v(469	4	11	88	22	4)
v(469	5	12	13	24	3)
v(470	1	23	95	46	0)
v(471	1	5	49	10	2)
v(471	2	8	154	16	2)
v(471	3	32	90	64	2)
v(472	1	26	107	52	3)
v(472	2	12	142	24	3)
v(472	3	30	129	60	3)
v(472	4	16	118	32	3)
v(473	1	32	158	64	2)
v(473	2	26	28	52	3)
v(473	3	8	45	16	3)
v(473	4	21	146	42	3)
v(473	5	4	33	8	3)
v(474	1	20	53	40	0)
v(475	1	19	140	38	3)
v(475	2	27	123	54	2)
v(475	3	22	90	44	3)
v(475	4	26	86	52	2)
v(476	1	29	30	58	1)
v(476	2	24	166	48	1)
v(477	1	27	48	54	0)
v(478	1	21	163	42	2)
v(478	2	3	109	6	2)
v(478	3	27	137	54	2)
v(479	1	2	46	4	0)
v(480	1	15	91	30	0)
v(481	1	20	96	40	3)
v(481	2	30	132	60	3)
v(481	3	7	54	14	3)
v(481	4	14	121	28	3)
v(482	1	20	148	40	0)
v(482	2	16	117	32	0)
v(483	1	22	173	44	0)
v(484	1	10	19	20	4)
v(484	2	26	131	52	4)
v(484	3	19	47	38	4)
v(484	4	13	23	26	4)
v(484	5	13	111	26	4)
v(485	1	27	163	54	3)
v(485	2	22	125	44	3)
v(485	3	27	98	54	3)
v(485	4	32	104	64	3)
v(486	1	18	148	36	2)
v(486	2	29	48	58	2)
v(486	3	25	33	50	2)
v(487	1	8	73	16	2)
v(487	2	32	124	64	2)
v(487	3	15	49	30	2)
v(487	4	21	85	42	2)
v(488	1	16	165	32	4)
v(488	2	2	115	4	4)
v(488	3	8	162	16	4)
v(488	4	8	159	16	4)
v(488	5	29	84	58	4)
v(489	1	29	54	58	2)
v(489	2	4	89	8	2)
v(489	3	6	104	12	2)
v(490	1	15	109	30	4)
v(490	2	26	179	52	4)
v(490	3	3	39	6	4)
v(490	4	15	132	30	4)
v(490	5	29	162	58	4)
v(491	1	8	154	16	3)
v(491	2	2	56	4	3)
v(491	3	3	47	6	3)
v(491	4	24	136	48	3)
v(492	1	14	133	28	2)
v(492	2	23	160	46	2)
v(492	3	9	92	18	2)
v(493	1	30	177	60	4)
v(493	2	8	120	16	4)
v(493	3	25	30	50	3)
v(493	4	32	43	64	4)
v(493	5	27	136	54	3)
v(494	1	10	94	20	3)
v(494	2	3	87	6	3)
v(494	3	8	139	16	3)
v(494	4	6	21	12	3)
v(495	1	13	98	26	2)
v(495	2	8	46	16	2)
v(495	3	9	145	18	2)
v(496	1	10	115	20	4)
v(496	2	3	76	6	4)
v(496	3	5	79	10	4)
v(496	4	29	31	58	4)
v(496	5	19	100	38	4)
v(497	1	29	36	58	4)
v(497	2	30	128	60	4)
v(497	3	32	129	64	4)
v(497	4	32	49	64	4)
v(497	5	14	54	28	4)
v(498	1	7	65	14	1)
v(498	2	27	159	54	1)
v(499	1	22	107	44	0)
v(500	1	31	180	62	0)
v(501	1	1	127	2	3)
v(501	2	25	118	50	3)
v(501	3	26	109	52	3)
v(501	4	12	49	24	3)
v(502	1	28	177	56	2)
v(502	2	14	142	28	2)
v(502	3	4	106	8	2)
v(503	1	11	99	22	3)
v(503	2	22	89	44	3)
v(503	3	24	151	48	3)
v(503	4	13	117	26	3)
v(503	5	3	128	6	4)
v(504	1	28	102	56	2)
v(504	2	10	126	20	2)
v(504	3	16	63	32	2)
v(505	1	30	123	60	4)
v(505	2	11	94	22	4)
v(505	3	24	154	48	4)
v(505	4	16	130	32	4)
v(505	5	12	156	24	4)
v(506	1	10	100	20	3)
v(506	2	27	170	54	4)
v(506	3	11	142	22	4)
v(506	4	27	86	54	4)
v(506	5	2	45	4	3)
v(507	1	11	35	22	3)
v(507	2	31	127	62	3)
v(507	3	32	36	64	3)
v(507	4	11	157	22	3)
v(508	1	9	26	18	1)
v(508	2	14	33	28	1)
v(509	1	25	52	50	0)
v(510	1	5	23	10	2)
v(510	2	5	16	10	1)
v(510	3	6	114	12	1)
v(511	1	17	168	34	3)
v(511	2	23	67	46	3)
v(511	3	13	103	26	3)
v(511	4	5	147	10	3)
v(512	1	11	58	22	1)
v(512	2	11	107	22	1)
v(513	1	9	83	18	0)
v(514	1	14	36	28	1)
v(514	2	31	160	62	1)
v(515	1	28	129	56	0)
v(516	1	7	43	14	3)
v(516	2	25	147	50	3)
v(516	3	17	153	34	3)
v(516	4	7	165	14	3)
v(517	1	8	126	16	1)
v(517	2	26	113	52	1)
v(518	1	19	166	38	4)
v(518	2	1	69	2	4)
v(518	3	29	162	58	4)
v(518	4	32	187	64	4)
v(518	5	20	171	40	4)
v(519	1	31	65	62	0)
v(520	1	2	69	4	0)
v(521	1	10	102	20	2)
v(521	2	2	129	4	1)
v(521	3	19	91	38	1)
v(522	1	16	127	32	3)
v(522	2	26	149	52	3)
v(522	3	6	77	12	3)
v(522	4	21	146	42	3)
v(523	1	31	175	62	4)
v(523	2	6	166	12	3)
v(523	3	21	42	42	4)
v(523	4	31	188	62	2)
v(523	5	6	140	12	3)
v(524	1	10	149	20	0)
v(525	1	24	126	48	1)
v(525	2	32	39	64	1)
v(526	1	25	83	50	1)
v(526	2	9	106	18	1)
v(527	1	10	73	20	0)
v(528	1	12	143	24	2)
v(528	2	32	130	64	3)
v(528	3	4	106	8	2)
v(528	4	21	161	42	3)
v(529	1	23	83	46	2)
v(529	2	20	169	40	1)
v(529	3	30	176	60	1)
v(530	1	24	184	48	4)
v(530	2	20	148	40	4)
v(530	3	14	131	28	4)
v(530	4	11	30	22	4)
v(530	5	9	38	18	4)
v(531	1	2	74	4	4)
v(531	2	30	135	60	4)
v(531	3	15	168	30	4)
v(531	4	9	29	18	4)
v(531	5	13	55	26	4)
v(532	1	8	68	16	4)
v(532	2	14	122	28	4)
v(532	3	15	138	30	4)
v(532	4	21	157	42	3)
v(532	5	8	125	16	3)
v(533	1	28	143	56	3)
v(533	2	4	137	8	3)
v(533	3	6	86	12	3)
v(533	4	15	100	30	3)
v(534	1	27	137	54	1)
v(534	2	28	69	56	1)
v(535	1	9	33	18	4)
v(535	2	10	76	20	3)
v(535	3	7	53	14	2)
v(535	4	19	117	38	3)
v(535	5	27	41	54	4)
v(536	1	7	82	14	3)
v(536	2	23	165	46	3)
v(536	3	8	20	16	3)
v(536	4	10	109	20	3)
v(537	1	31	80	62	4)
v(537	2	20	81	40	4)
v(537	3	27	161	54	4)
v(537	4	12	35	24	4)
v(537	5	32	72	64	4)
v(538	1	16	78	32	3)
v(538	2	22	53	44	3)
v(538	3	15	38	30	3)
v(538	4	23	41	46	3)
v(539	1	15	53	30	2)
v(539	2	11	34	22	2)
v(539	3	22	164	44	2)
v(540	1	9	19	18	0)
v(541	1	25	26	50	3)
v(541	2	6	87	12	2)
v(541	3	8	105	16	2)
v(541	4	21	49	42	3)
v(541	5	20	33	40	4)
v(542	1	30	176	60	0)
v(543	1	16	120	32	2)
v(543	2	32	162	64	2)
v(543	3	23	128	46	2)
v(544	1	9	99	18	1)
v(544	2	7	80	14	1)
v(545	1	3	78	6	1)
v(545	2	13	39	26	1)
v(546	1	29	93	58	2)
v(546	2	23	157	46	2)
v(546	3	10	83	20	2)
v(547	1	5	113	10	2)
v(547	2	15	27	30	2)
v(547	3	24	149	48	2)
v(548	1	19	164	38	4)
v(548	2	7	95	14	4)
v(548	3	5	141	10	3)
v(548	4	26	87	52	3)
v(548	5	31	32	62	4)
v(549	1	23	135	46	3)
v(549	2	10	120	20	4)
v(549	3	29	76	58	4)
v(549	4	13	38	26	3)
v(549	5	32	185	64	4)
v(550	1	3	142	6	3)
v(550	2	11	39	22	3)
v(550	3	23	151	46	3)
v(550	4	6	133	12	3)
v(551	1	6	53	12	0)
v(552	1	1	38	2	1)
v(552	2	8	17	16	1)
v(553	1	10	112	20	2)
v(553	2	30	190	60	2)
v(553	3	25	162	50	2)
v(554	1	22	78	44	2)
v(554	2	12	32	24	3)
v(554	3	27	127	54	3)
v(554	4	10	133	20	2)
v(555	1	20	57	40	3)
v(555	2	30	153	60	3)
v(555	3	5	68	10	3)
v(555	4	20	120	40	3)
v(556	1	10	115	20	2)
v(556	2	3	50	6	2)
v(556	3	30	130	60	2)
v(557	1	18	130	36	0)
v(558	1	6	118	12	0)
v(559	1	23	38	46	3)
v(559	2	5	30	10	3)
v(559	3	4	152	8	3)
v(559	4	5	148	10	2)
v(559	5	27	87	54	3)
v(560	1	5	18	10	4)
v(560	2	2	154	4	4)
v(560	3	31	176	62	3)
v(560	4	12	103	24	4)
v(560	5	21	74	42	3)
v(561	1	26	91	52	1)
v(561	2	18	82	36	1)
v(562	1	7	127	14	2)
v(562	2	1	28	2	1)
v(562	3	32	107	64	1)
v(563	1	30	68	60	1)
v(563	2	25	130	50	1)
v(563	3	19	30	38	0)
v(564	1	31	84	62	3)
v(564	2	30	87	60	3)
v(564	3	14	15	28	3)
v(564	4	5	163	10	3)
v(564	5	7	25	14	4)
v(565	1	11	129	22	1)
v(565	2	20	168	40	1)
v(566	1	12	78	24	2)
v(566	2	3	49	6	2)
v(566	3	4	153	8	2)
v(567	1	14	157	28	4)
v(567	2	11	36	22	4)
v(567	3	26	75	52	3)
v(567	4	24	78	48	3)
v(567	5	25	163	50	4)
v(568	1	29	77	58	0)
v(569	1	9	77	18	2)
v(569	2	23	123	46	2)
v(569	3	8	127	16	3)
v(569	4	17	141	34	3)
v(570	1	11	24	22	1)
v(570	2	11	20	22	1)
v(571	1	31	47	62	1)
v(571	2	2	29	4	1)
v(572	1	13	19	26	3)
v(572	2	25	116	50	3)
v(572	3	5	120	10	3)
v(572	4	24	45	48	3)
v(573	1	8	15	16	3)
v(573	2	23	73	46	3)
v(573	3	12	69	24	3)
v(573	4	32	82	64	3)
v(574	1	13	121	26	1)
v(574	2	7	59	14	2)
v(574	3	32	133	64	1)
v(575	1	21	73	42	2)
v(575	2	29	100	58	2)
v(575	3	21	61	42	2)
v(576	1	26	78	52	3)
v(576	2	18	146	36	3)
v(576	3	12	70	24	3)
v(576	4	16	170	32	3)
v(577	1	19	144	38	1)
v(577	2	11	151	22	1)
v(578	1	25	130	50	0)
v(579	1	21	64	42	2)
v(579	2	24	74	48	2)
v(579	3	26	33	52	2)
v(580	1	8	135	16	1)
v(580	2	22	103	44	1)
v(581	1	18	135	36	3)
v(581	2	14	39	28	3)
v(581	3	11	142	22	3)
v(581	4	27	139	54	3)
v(582	1	1	114	2	1)
v(582	2	19	105	38	1)
v(583	1	13	90	26	1)
v(583	2	10	30	20	1)
v(584	1	16	65	32	2)
v(584	2	12	56	24	2)
v(584	3	28	71	56	2)
v(585	1	22	100	44	0)
v(585	2	14	102	28	0)
v(586	1	31	62	62	4)
v(586	2	25	71	50	3)
v(586	3	13	120	26	4)
v(586	4	18	141	36	3)
v(586	5	8	23	16	4)
v(587	1	19	53	38	2)
v(587	2	16	164	32	2)
v(587	3	20	41	40	2)
v(588	1	25	185	50	1)
v(588	2	13	140	26	2)
v(588	3	9	134	18	1)
v(589	1	17	40	34	2)
v(589	2	19	51	38	2)
v(589	3	3	114	6	2)
v(590	1	14	156	28	1)
v(590	2	2	146	4	2)
v(590	3	13	75	26	1)
v(591	1	9	59	18	3)
v(591	2	19	101	38	4)
v(591	3	24	119	48	4)
v(591	4	31	42	62	3)
v(591	5	23	181	46	4)
v(592	1	21	162	42	1)
v(592	2	6	148	12	1)
v(593	1	23	117	46	2)
v(593	2	30	79	60	2)
v(593	3	26	142	52	2)
v(594	1	14	89	28	1)
v(594	2	9	42	18	1)
v(594	3	29	167	58	2)
v(595	1	6	7	12	2)
v(595	2	13	149	26	2)
v(595	3	17	54	34	2)
v(596	1	15	134	30	2)
v(596	2	2	62	4	2)
v(596	3	22	28	44	2)
v(597	1	32	89	64	1)
v(597	2	25	102	50	1)
v(598	1	14	144	28	4)
v(598	2	13	145	26	4)
v(598	3	26	130	52	4)
v(598	4	3	7	6	4)
v(598	5	31	54	62	4)
v(599	1	24	131	48	2)
v(599	2	19	169	38	2)
v(599	3	14	22	28	2)
v(600	1	8	165	16	2)
v(600	2	21	22	42	2)
v(600	3	7	135	14	2)
v(601	1	18	177	36	2)
v(601	2	6	152	12	2)
v(601	3	16	59	32	2)
v(602	1	2	60	4	4)
v(602	2	26	82	52	4)
v(602	3	7	141	14	3)
v(602	4	9	18	18	3)
v(602	5	29	162	58	4)
v(603	1	18	53	36	2)
v(603	2	18	108	36	3)
v(603	3	29	54	58	4)
v(603	4	13	160	26	2)
v(603	5	5	72	10	3)
v(604	1	14	78	28	0)
v(605	1	11	91	22	0)
v(606	1	20	36	40	1)
v(606	2	17	154	34	1)
v(606	3	6	131	12	2)
v(607	1	10	155	20	3)
v(607	2	25	154	50	3)
v(607	3	10	55	20	3)
v(607	4	5	150	10	3)
v(608	1	23	34	46	2)
v(608	2	1	64	2	2)
v(608	3	10	88	20	2)
v(609	1	16	171	32	1)
v(609	2	22	136	44	1)
v(610	1	30	95	60	0)
v(611	1	23	38	46	2)
v(611	2	20	117	40	2)
v(611	3	16	133	32	2)
v(612	1	4	65	8	2)
v(612	2	18	136	36	2)
v(612	3	10	150	20	2)
v(613	1	24	27	48	3)
v(613	2	9	54	18	3)
v(613	3	12	36	24	3)
v(613	4	3	57	6	3)
v(614	1	13	23	26	1)
v(614	2	21	99	42	1)
v(615	1	6	142	12	1)
v(615	2	4	47	8	1)
v(616	1	15	79	30	1)
v(616	2	4	128	8	1)
v(617	1	5	19	10	2)
v(617	2	25	36	50	2)
v(617	3	9	18	18	2)
v(618	1	30	46	60	2)
v(618	2	1	141	2	2)
v(618	3	7	129	14	2)
v(619	1	1	11	2	2)
v(619	2	22	55	44	2)
v(619	3	9	102	18	2)
v(620	1	22	142	44	0)
v(621	1	10	48	20	2)
v(621	2	24	44	48	2)
v(621	3	30	173	60	2)
v(622	1	25	85	50	2)
v(622	2	3	55	6	2)
v(622	3	14	45	28	2)
v(623	1	4	6	8	2)
v(623	2	21	124	42	2)
v(623	3	18	151	36	2)
v(624	1	31	160	62	2)
v(624	2	30	183	60	2)
v(624	3	2	103	4	2)
v(625	1	23	121	46	1)
v(625	2	19	118	38	1)
v(626	1	10	15	20	2)
v(626	2	5	100	10	2)
v(626	3	13	15	26	3)
v(626	4	20	66	40	3)
v(627	1	12	37	24	3)
v(627	2	21	47	42	3)
v(627	3	11	169	22	4)
v(627	4	19	148	38	4)
v(627	5	6	147	12	4)
v(628	1	32	115	64	3)
v(628	2	13	136	26	3)
v(628	3	6	46	12	4)
v(628	4	26	27	52	4)
v(628	5	11	15	22	4)
v(629	1	29	159	58	1)
v(629	2	3	88	6	1)
v(630	1	31	86	62	2)
v(630	2	18	126	36	2)
v(630	3	28	57	56	2)
v(631	1	14	82	28	1)
v(631	2	23	52	46	1)
v(632	1	8	31	16	1)
v(632	2	13	128	26	1)
v(633	1	31	157	62	0)
v(634	1	22	70	44	1)
v(634	2	2	147	4	1)
v(635	1	13	111	26	0)
v(636	1	17	114	34	3)
v(636	2	20	84	40	3)
v(636	3	32	128	64	3)
v(636	4	7	31	14	3)
v(637	1	4	101	8	4)
v(637	2	11	62	22	4)
v(637	3	9	139	18	4)
v(637	4	11	41	22	4)
v(637	5	32	100	64	4)
v(638	1	32	189	64	3)
v(638	2	25	98	50	3)
v(638	3	11	126	22	3)
v(638	4	12	106	24	3)
v(639	1	17	139	34	2)
v(639	2	29	109	58	2)
v(639	3	7	90	14	2)
v(640	1	22	35	44	1)
v(640	2	12	21	24	1)
v(641	1	29	103	58	1)
v(641	2	10	134	20	2)
v(641	3	1	105	2	2)
v(641	4	31	124	62	3)
v(642	1	21	66	42	1)
v(642	2	29	59	58	1)
v(643	1	8	148	16	1)
v(643	2	31	61	62	1)
v(644	1	16	142	32	0)
v(645	1	24	68	48	2)
v(645	2	6	162	12	2)
v(645	3	22	60	44	2)
v(646	1	19	27	38	1)
v(646	2	23	136	46	1)
v(647	1	4	151	8	3)
v(647	2	15	136	30	3)
v(647	3	22	113	44	4)
v(647	4	22	77	44	3)
v(647	5	29	162	58	3)
v(648	1	7	36	14	2)
v(648	2	7	89	14	2)
v(648	3	11	60	22	2)
v(649	1	2	94	4	1)
v(649	2	17	171	34	1)
v(650	1	12	172	24	3)
v(650	2	29	69	58	2)
v(650	3	25	169	50	3)
v(650	4	18	52	36	2)
v(651	1	32	57	64	0)
v(652	1	32	168	64	1)
v(652	2	30	88	60	1)
v(653	1	26	98	52	0)
v(654	1	21	71	42	1)
v(654	2	29	87	58	1)
v(654	3	8	141	16	2)
v(655	1	29	184	58	0)
v(656	1	16	47	32	0)
v(657	1	10	107	20	1)
v(657	2	6	151	12	1)
v(658	1	2	159	4	2)
v(658	2	19	115	38	2)
v(658	3	29	91	58	2)
v(659	1	29	104	58	3)
v(659	2	20	112	40	3)
v(659	3	9	106	18	3)
v(659	4	21	55	42	3)
v(660	1	2	74	4	3)
v(660	2	11	34	22	3)
v(660	3	24	119	48	3)
v(660	4	18	77	36	3)
v(661	1	12	15	24	1)
v(661	2	30	140	60	1)
v(662	1	26	38	52	2)
v(662	2	18	172	36	2)
v(662	3	32	136	64	2)
v(663	1	28	65	56	2)
v(663	2	10	69	20	2)
v(663	3	30	77	60	2)
v(664	1	26	70	52	0)
v(665	1	11	98	22	3)
v(665	2	2	138	4	3)
v(665	3	16	20	32	3)
v(665	4	24	91	48	3)
v(666	1	22	80	44	0)
v(667	1	19	58	38	2)
v(667	2	27	38	54	2)
v(667	3	21	85	42	2)
v(668	1	28	122	56	0)
v(669	1	1	148	2	2)
v(669	2	2	55	4	2)
v(669	3	23	120	46	2)
v(670	1	32	91	64	2)
v(670	2	22	153	44	3)
v(670	3	28	93	56	3)
v(670	4	14	53	28	2)
v(671	1	17	154	34	0)
v(672	1	25	113	50	4)
v(672	2	22	110	44	4)
v(672	3	3	30	6	4)
v(672	4	31	80	62	3)
v(672	5	32	140	64	3)
v(673	1	30	103	60	2)
v(673	2	6	148	12	2)
v(673	3	13	31	26	2)
v(674	1	7	72	14	0)
v(675	1	25	153	50	0)
v(676	1	17	72	34	2)
v(676	2	3	52	6	2)
v(676	3	8	102	16	3)
v(676	4	1	134	2	3)
v(677	1	29	46	58	0)
v(678	1	30	181	60	1)
v(678	2	11	76	22	1)
v(679	1	10	166	20	4)
v(679	2	31	142	62	4)
v(679	3	14	67	28	4)
v(679	4	23	75	46	4)
v(679	5	26	100	52	4)
v(680	1	23	144	46	0)
v(681	1	6	144	12	2)
v(681	2	21	42	42	2)
v(681	3	31	36	62	2)
v(682	1	19	149	38	2)
v(682	2	13	101	26	2)
v(682	3	17	28	34	2)
v(683	1	11	135	22	4)
v(683	2	27	54	54	4)
v(683	3	11	74	22	4)
v(683	4	31	74	62	4)
v(683	5	19	35	38	4)
v(684	1	20	120	40	3)
v(684	2	10	105	20	2)
v(684	3	31	79	62	3)
v(684	4	17	168	34	2)
v(685	1	13	58	26	3)
v(685	2	6	142	12	3)
v(685	3	26	79	52	3)
v(685	4	18	97	36	3)
v(686	1	17	52	34	0)
v(687	1	15	79	30	4)
v(687	2	5	156	10	4)
v(687	3	7	118	14	4)
v(687	4	12	93	24	4)
v(687	5	1	118	2	4)
v(688	1	1	115	2	3)
v(688	2	5	17	10	3)
v(688	3	15	19	30	3)
v(688	4	13	124	26	3)
v(689	1	16	79	32	3)
v(689	2	8	20	16	3)
v(689	3	4	35	8	3)
v(689	4	25	45	50	3)
v(690	1	3	42	6	3)
v(690	2	2	54	4	3)
v(690	3	11	98	22	3)
v(690	4	13	78	26	3)
v(691	1	19	82	38	2)
v(691	2	6	149	12	2)
v(691	3	16	82	32	2)
v(692	1	22	180	44	0)
v(693	1	32	108	64	4)
v(693	2	2	101	4	4)
v(693	3	5	120	10	4)
v(693	4	11	53	22	4)
v(693	5	14	85	28	4)
v(694	1	25	76	50	0)
v(695	1	9	29	18	4)
v(695	2	26	136	52	3)
v(695	3	3	87	6	4)
v(695	4	20	161	40	4)
v(695	5	17	155	34	3)
v(696	1	10	66	20	0)
v(697	1	6	72	12	0)
v(698	1	17	103	34	2)
v(698	2	3	88	6	2)
v(698	3	24	129	48	2)
v(699	1	6	126	12	2)
v(699	2	13	136	26	3)
v(699	3	24	157	48	3)
v(699	4	17	157	34	2)
v(700	1	8	96	16	3)
v(700	2	28	49	56	3)
v(700	3	25	177	50	2)
v(700	4	32	100	64	2)
e(2	1	2	10)
e(3	1	2	100)
e(3	1	3	40)
e(3	2	3	150)
e(3	1	4	160)
e(3	2	4	100)
e(3	3	4	10)
e(3	1	5	130)
e(3	2	5	10)
e(3	3	5	90)
e(4	1	2	90)
e(4	1	3	60)
e(4	2	3	150)
e(4	1	4	160)
e(4	2	4	90)
e(4	3	4	140)
e(5	1	2	20)
e(5	1	3	140)
e(5	2	3	60)
e(5	1	4	40)
e(5	2	4	70)
e(5	3	4	10)
e(5	1	5	150)
e(5	2	5	160)
e(5	3	5	80)
e(7	1	3	10)
e(7	2	3	10)
e(7	1	4	80)
e(7	2	4	160)
e(7	3	4	40)
e(8	1	2	120)
e(8	1	3	30)
e(8	2	3	30)
e(9	1	2	160)
e(9	1	3	50)
e(9	2	3	120)
e(10	1	2	120)
e(10	1	3	60)
e(10	2	3	100)
e(10	1	4	110)
e(10	2	4	10)
e(10	3	4	80)
e(10	1	5	140)
e(10	2	5	160)
e(10	3	5	20)
e(10	4	5	70)
e(11	1	2	90)
e(12	1	2	90)
e(12	1	3	20)
e(12	2	3	40)
e(14	1	2	110)
e(14	1	3	130)
e(14	2	3	130)
e(14	1	4	10)
e(14	2	4	90)
e(14	3	4	40)
e(16	1	2	20)
e(18	1	2	30)
e(18	1	3	80)
e(18	2	3	130)
e(18	2	4	110)
e(18	3	4	50)
e(19	1	2	70)
e(20	1	2	70)
e(20	1	3	160)
e(20	2	3	140)
e(20	1	4	20)
e(20	2	4	150)
e(20	3	4	10)
e(22	1	2	120)
e(24	1	2	110)
e(24	1	3	140)
e(24	2	3	100)
e(24	1	4	130)
e(24	2	4	90)
e(24	3	4	40)
e(24	1	5	130)
e(24	2	5	130)
e(24	3	5	30)
e(24	4	5	50)
e(25	1	2	30)
e(25	1	3	140)
e(25	2	3	20)
e(25	1	4	130)
e(25	2	4	10)
e(25	3	4	160)
e(25	1	5	20)
e(25	2	5	140)
e(25	3	5	40)
e(25	4	5	160)
e(26	1	2	100)
e(27	1	2	50)
e(27	1	3	60)
e(27	2	3	120)
e(28	1	2	160)
e(28	1	3	80)
e(28	2	3	30)
e(29	1	2	100)
e(29	1	3	50)
e(29	2	3	30)
e(29	1	4	10)
e(29	2	4	30)
e(29	3	4	60)
e(31	1	2	130)
e(32	1	3	40)
e(32	2	3	50)
e(32	1	4	30)
e(32	2	4	40)
e(32	3	4	70)
e(32	1	5	80)
e(32	2	5	20)
e(32	3	5	90)
e(32	4	5	10)
e(33	1	2	140)
e(35	1	2	50)
e(35	1	3	10)
e(35	2	3	150)
e(35	1	4	90)
e(35	2	4	150)
e(35	3	4	140)
e(36	1	2	110)
e(36	1	3	80)
e(36	2	3	10)
e(36	1	4	90)
e(36	2	4	30)
e(36	3	4	40)
e(36	1	5	130)
e(36	2	5	10)
e(36	3	5	80)
e(36	4	5	60)
e(37	1	2	20)
e(38	1	2	150)
e(38	1	3	70)
e(38	2	3	160)
e(38	1	4	140)
e(38	2	4	70)
e(38	3	4	120)
e(38	1	5	150)
e(38	2	5	120)
e(38	3	5	80)
e(38	4	5	110)
e(39	1	2	50)
e(39	1	3	90)
e(39	2	3	140)
e(39	1	4	20)
e(39	2	4	10)
e(39	3	4	120)
e(41	1	2	30)
e(41	1	3	20)
e(41	2	3	120)
e(41	1	4	90)
e(41	2	4	60)
e(41	3	4	10)
e(42	1	2	30)
e(42	2	3	130)
e(42	1	4	100)
e(42	2	4	160)
e(42	3	4	100)
e(42	1	5	30)
e(42	2	5	140)
e(42	3	5	140)
e(42	4	5	80)
e(43	1	3	140)
e(43	2	3	130)
e(44	1	2	140)
e(45	1	2	10)
e(45	1	3	20)
e(45	2	3	50)
e(45	1	4	130)
e(45	2	4	110)
e(45	3	4	100)
e(45	1	5	50)
e(45	2	5	120)
e(45	3	5	140)
e(45	4	5	130)
e(46	1	2	160)
e(46	1	3	60)
e(46	2	3	40)
e(47	1	2	60)
e(47	1	3	60)
e(47	1	4	40)
e(47	2	4	110)
e(47	3	4	120)
e(47	1	5	10)
e(47	2	5	140)
e(47	3	5	70)
e(47	4	5	50)
e(48	1	2	100)
e(48	1	3	160)
e(48	2	3	130)
e(50	1	2	110)
e(51	1	2	90)
e(53	1	2	80)
e(55	1	2	130)
e(56	1	2	20)
e(57	1	2	100)
e(57	1	3	50)
e(57	2	3	90)
e(57	1	4	110)
e(57	2	4	150)
e(57	3	4	90)
e(58	1	2	90)
e(58	1	3	140)
e(58	2	3	100)
e(58	1	4	90)
e(58	2	4	90)
e(58	3	4	150)
e(59	1	2	70)
e(59	1	3	110)
e(59	2	3	20)
e(60	1	2	120)
e(60	1	3	30)
e(60	2	3	60)
e(60	1	4	30)
e(60	2	4	60)
e(60	3	4	130)
e(61	1	2	100)
e(61	1	3	160)
e(61	2	3	160)
e(62	1	2	70)
e(63	1	2	130)
e(63	1	3	70)
e(63	2	3	120)
e(64	1	2	120)
e(64	1	3	160)
e(64	2	3	30)
e(64	1	4	140)
e(64	2	4	50)
e(64	3	4	60)
e(65	1	2	10)
e(65	1	3	10)
e(65	2	3	40)
e(65	1	4	90)
e(65	2	4	50)
e(65	3	4	140)
e(65	1	5	120)
e(65	2	5	30)
e(65	3	5	90)
e(65	4	5	20)
e(68	1	2	150)
e(68	1	3	40)
e(68	2	3	70)
e(69	1	2	100)
e(69	1	3	110)
e(69	2	3	140)
e(69	1	4	40)
e(69	2	4	130)
e(69	3	4	80)
e(69	1	5	80)
e(69	2	5	160)
e(69	3	5	40)
e(69	4	5	130)
e(70	1	2	70)
e(71	1	2	10)
e(71	1	3	90)
e(71	2	3	160)
e(71	1	4	100)
e(71	2	4	130)
e(71	3	4	60)
e(71	1	5	50)
e(71	2	5	20)
e(71	3	5	30)
e(71	4	5	60)
e(73	1	2	70)
e(73	1	3	80)
e(73	2	3	60)
e(74	1	2	140)
e(74	1	3	130)
e(74	2	3	30)
e(74	1	4	130)
e(74	2	4	70)
e(74	3	4	10)
e(75	1	2	50)
e(75	1	3	40)
e(75	2	3	60)
e(76	1	2	120)
e(76	1	3	20)
e(76	2	3	60)
e(76	1	4	140)
e(76	2	4	150)
e(76	3	4	140)
e(76	1	5	60)
e(76	2	5	110)
e(76	3	5	100)
e(77	1	2	120)
e(77	1	3	40)
e(77	2	3	140)
e(78	1	2	150)
e(80	1	2	10)
e(80	1	3	110)
e(80	2	3	90)
e(80	1	4	30)
e(80	3	4	120)
e(80	1	5	150)
e(80	2	5	70)
e(80	3	5	40)
e(80	4	5	150)
e(81	1	2	160)
e(81	1	3	130)
e(83	1	2	130)
e(83	1	3	90)
e(83	2	3	80)
e(83	1	4	30)
e(83	2	4	150)
e(83	3	4	10)
e(83	1	5	50)
e(83	2	5	70)
e(83	3	5	70)
e(83	4	5	30)
e(84	1	2	130)
e(84	1	3	110)
e(84	2	3	40)
e(84	1	4	150)
e(84	2	4	100)
e(84	3	4	50)
e(84	1	5	140)
e(84	2	5	20)
e(84	3	5	150)
e(84	4	5	100)
e(85	1	2	50)
e(85	1	3	90)
e(85	2	3	120)
e(87	1	2	110)
e(87	1	3	40)
e(87	2	3	20)
e(87	1	4	50)
e(87	2	4	40)
e(88	1	2	50)
e(88	1	3	70)
e(88	2	3	140)
e(88	1	4	10)
e(88	2	4	100)
e(88	3	4	80)
e(88	1	5	50)
e(88	2	5	160)
e(88	3	5	40)
e(88	4	5	110)
e(90	1	2	40)
e(90	1	3	100)
e(90	2	3	90)
e(90	1	4	110)
e(90	2	4	90)
e(90	3	4	160)
e(91	1	2	100)
e(91	1	3	30)
e(91	2	3	100)
e(92	1	3	120)
e(92	2	3	80)
e(92	1	4	40)
e(92	3	4	100)
e(92	1	5	150)
e(92	2	5	160)
e(92	3	5	20)
e(92	4	5	70)
e(93	1	2	140)
e(94	1	2	100)
e(96	1	2	50)
e(97	1	2	50)
e(97	2	3	20)
e(98	1	2	70)
e(99	1	2	80)
e(99	1	3	90)
e(99	2	3	40)
e(99	1	4	10)
e(99	2	4	110)
e(99	3	4	100)
e(100	1	2	120)
e(100	1	3	140)
e(100	2	3	60)
e(100	1	4	110)
e(100	2	4	60)
e(100	3	4	30)
e(100	1	5	100)
e(100	2	5	50)
e(100	3	5	120)
e(100	4	5	60)
e(102	1	2	10)
e(102	1	3	30)
e(102	2	3	140)
e(102	1	4	50)
e(102	2	4	10)
e(102	3	4	60)
e(103	1	2	20)
e(103	1	3	130)
e(103	2	3	130)
e(104	1	2	30)
e(104	1	3	100)
e(104	2	3	20)
e(104	1	4	140)
e(104	2	4	20)
e(104	3	4	30)
e(104	1	5	140)
e(104	2	5	50)
e(104	3	5	20)
e(104	4	5	120)
e(106	1	2	30)
e(106	1	3	20)
e(106	2	3	120)
e(106	1	4	20)
e(106	2	4	90)
e(106	3	4	150)
e(108	1	2	160)
e(108	1	3	30)
e(108	2	3	70)
e(109	1	2	40)
e(109	1	3	90)
e(109	2	3	150)
e(109	1	4	40)
e(109	2	4	10)
e(109	3	4	120)
e(111	1	2	130)
e(111	1	3	150)
e(111	1	4	160)
e(111	2	4	160)
e(111	3	4	70)
e(111	1	5	140)
e(111	2	5	10)
e(111	3	5	120)
e(111	4	5	130)
e(114	1	2	10)
e(116	1	2	20)
e(116	1	3	110)
e(116	2	3	50)
e(116	1	4	20)
e(116	2	4	140)
e(116	3	4	90)
e(117	1	2	140)
e(117	1	3	90)
e(117	2	3	30)
e(117	1	4	100)
e(117	2	4	50)
e(117	3	4	100)
e(120	1	2	20)
e(122	1	2	160)
e(122	1	3	10)
e(122	2	3	70)
e(123	1	2	140)
e(123	1	3	70)
e(123	2	3	20)
e(123	1	4	10)
e(123	2	4	70)
e(123	3	4	60)
e(123	1	5	110)
e(123	2	5	160)
e(123	3	5	160)
e(123	4	5	70)
e(124	1	2	30)
e(124	1	3	70)
e(124	2	3	30)
e(124	1	4	20)
e(124	2	4	20)
e(124	3	4	10)
e(126	1	2	150)
e(127	1	2	30)
e(127	1	3	80)
e(127	2	3	150)
e(127	1	4	110)
e(127	2	4	140)
e(127	3	4	70)
e(128	1	2	90)
e(130	1	2	120)
e(130	1	3	90)
e(130	2	3	110)
e(131	1	2	120)
e(131	1	3	100)
e(131	2	3	100)
e(133	1	2	130)
e(133	2	3	140)
e(133	1	4	130)
e(133	2	4	140)
e(133	3	4	10)
e(134	1	2	110)
e(134	1	3	40)
e(134	2	3	150)
e(135	1	2	120)
e(135	1	3	70)
e(135	2	3	50)
e(135	1	4	30)
e(135	2	4	10)
e(135	3	4	160)
e(135	1	5	140)
e(135	2	5	120)
e(135	3	5	60)
e(135	4	5	30)
e(136	1	2	120)
e(136	1	3	30)
e(136	2	3	90)
e(137	1	2	100)
e(137	1	3	30)
e(137	2	3	60)
e(137	1	4	120)
e(137	2	4	140)
e(137	3	4	40)
e(138	1	2	110)
e(138	1	3	50)
e(138	2	3	110)
e(139	1	2	10)
e(139	1	3	80)
e(139	2	3	50)
e(139	1	4	120)
e(139	3	4	120)
e(142	1	2	70)
e(143	1	2	120)
e(143	1	3	140)
e(143	2	3	40)
e(143	1	4	10)
e(143	2	4	100)
e(143	3	4	40)
e(144	1	2	160)
e(144	1	3	20)
e(144	2	3	10)
e(144	1	4	20)
e(144	2	4	160)
e(144	3	4	110)
e(144	1	5	40)
e(144	2	5	150)
e(144	3	5	160)
e(144	4	5	70)
e(147	1	2	60)
e(147	1	3	10)
e(147	2	3	140)
e(147	1	4	90)
e(147	2	4	120)
e(147	3	4	100)
e(147	1	5	10)
e(147	2	5	150)
e(147	3	5	140)
e(147	4	5	30)
e(148	1	2	120)
e(149	1	2	100)
e(149	1	3	90)
e(149	2	3	160)
e(150	1	2	150)
e(150	1	3	110)
e(150	2	3	140)
e(151	1	2	10)
e(151	1	3	40)
e(151	2	3	70)
e(151	1	4	90)
e(151	2	4	30)
e(151	3	4	80)
e(151	1	5	100)
e(151	2	5	90)
e(151	3	5	50)
e(151	4	5	100)
e(152	1	2	160)
e(153	1	2	160)
e(153	1	3	150)
e(153	1	4	20)
e(153	2	4	20)
e(153	3	4	160)
e(153	1	5	80)
e(153	2	5	50)
e(153	3	5	40)
e(153	4	5	40)
e(154	1	2	40)
e(154	2	3	110)
e(154	1	4	10)
e(154	2	4	80)
e(154	3	4	160)
e(155	1	2	130)
e(155	1	3	90)
e(155	2	3	40)
e(156	1	2	150)
e(156	1	3	30)
e(156	2	3	160)
e(156	1	4	80)
e(156	2	4	140)
e(156	3	4	120)
e(156	1	5	120)
e(156	2	5	160)
e(156	3	5	70)
e(156	4	5	150)
e(158	1	2	50)
e(158	1	3	30)
e(158	2	3	90)
e(158	1	4	60)
e(158	2	4	10)
e(158	1	5	30)
e(158	2	5	110)
e(158	3	5	40)
e(158	4	5	30)
e(159	1	2	100)
e(160	1	2	10)
e(160	1	3	20)
e(160	2	3	100)
e(160	1	4	60)
e(160	2	4	110)
e(160	3	4	40)
e(160	1	5	150)
e(160	2	5	80)
e(160	3	5	70)
e(160	4	5	160)
e(161	1	2	70)
e(161	2	3	50)
e(163	1	2	80)
e(164	1	2	160)
e(164	1	3	60)
e(164	2	3	40)
e(165	1	2	50)
e(166	1	2	150)
e(166	1	3	120)
e(166	2	3	150)
e(167	1	2	150)
e(168	1	2	40)
e(169	1	2	90)
e(170	1	2	120)
e(170	1	3	60)
e(170	2	3	100)
e(170	1	4	90)
e(170	2	4	60)
e(170	3	4	10)
e(171	1	2	30)
e(171	1	3	60)
e(171	2	3	120)
e(171	2	4	160)
e(171	3	4	150)
e(171	1	5	70)
e(171	2	5	30)
e(171	3	5	40)
e(171	4	5	150)
e(172	1	2	60)
e(172	1	3	160)
e(172	2	3	70)
e(172	1	4	110)
e(172	2	4	160)
e(172	3	4	120)
e(173	1	2	30)
e(173	1	3	100)
e(173	2	3	20)
e(173	1	4	150)
e(173	2	4	130)
e(173	3	4	110)
e(174	1	2	70)
e(174	1	3	70)
e(174	2	3	90)
e(176	1	2	150)
e(176	1	3	120)
e(176	2	3	120)
e(177	1	2	100)
e(177	1	3	80)
e(177	2	3	40)
e(177	1	4	90)
e(177	2	4	10)
e(177	3	4	160)
e(179	1	2	130)
e(180	1	2	90)
e(180	1	3	40)
e(180	2	3	70)
e(180	1	4	40)
e(180	2	4	10)
e(180	3	4	10)
e(182	1	2	90)
e(182	1	3	70)
e(182	2	3	40)
e(182	1	4	30)
e(182	2	4	20)
e(182	3	4	50)
e(182	1	5	70)
e(182	3	5	130)
e(182	4	5	10)
e(183	1	2	120)
e(183	1	3	160)
e(183	2	3	10)
e(183	1	4	20)
e(183	2	4	20)
e(183	3	4	140)
e(184	1	2	120)
e(184	1	3	110)
e(184	2	3	130)
e(184	1	4	120)
e(184	2	4	150)
e(184	3	4	60)
e(184	1	5	60)
e(184	2	5	110)
e(184	3	5	10)
e(184	4	5	40)
e(185	1	2	160)
e(185	1	3	80)
e(185	2	3	30)
e(185	1	4	150)
e(185	2	4	20)
e(185	3	4	20)
e(186	1	2	60)
e(186	1	3	120)
e(186	2	3	140)
e(186	1	4	140)
e(186	2	4	10)
e(186	3	4	40)
e(186	1	5	50)
e(186	2	5	50)
e(186	3	5	40)
e(186	4	5	110)
e(187	1	2	90)
e(187	1	3	160)
e(187	2	3	140)
e(187	2	4	110)
e(187	1	5	40)
e(187	2	5	30)
e(187	3	5	160)
e(187	4	5	150)
e(188	1	2	70)
e(190	1	2	100)
e(190	1	3	130)
e(190	2	3	110)
e(191	1	2	60)
e(191	1	3	10)
e(191	2	3	120)
e(191	1	4	110)
e(191	2	4	120)
e(191	3	4	140)
e(191	2	5	40)
e(191	3	5	20)
e(191	4	5	160)
e(192	1	2	100)
e(192	1	3	160)
e(192	2	3	110)
e(192	1	4	10)
e(192	3	4	110)
e(193	1	2	60)
e(193	1	3	30)
e(193	2	3	50)
e(193	2	4	90)
e(193	3	4	130)
e(194	1	2	70)
e(194	1	3	30)
e(194	2	3	70)
e(194	1	4	110)
e(194	2	4	20)
e(194	3	4	70)
e(195	1	2	50)
e(195	1	3	30)
e(195	2	3	140)
e(196	1	2	130)
e(196	1	3	20)
e(196	2	3	140)
e(196	1	4	140)
e(196	2	4	160)
e(196	3	4	80)
e(196	1	5	70)
e(196	2	5	60)
e(196	3	5	110)
e(196	4	5	130)
e(197	1	2	40)
e(197	1	3	100)
e(197	2	3	150)
e(199	1	2	100)
e(199	1	3	120)
e(199	2	3	20)
e(199	1	4	40)
e(199	2	4	90)
e(199	3	4	110)
e(200	1	2	20)
e(201	1	2	10)
e(201	1	3	40)
e(201	2	3	30)
e(201	1	4	140)
e(201	2	4	130)
e(202	1	2	30)
e(202	1	3	10)
e(202	2	3	130)
e(203	1	2	110)
e(203	1	3	30)
e(203	2	3	60)
e(203	1	4	130)
e(203	2	4	100)
e(203	3	4	130)
e(203	1	5	80)
e(203	2	5	100)
e(203	3	5	120)
e(203	4	5	50)
e(204	1	2	10)
e(206	1	2	120)
e(206	1	3	160)
e(206	2	3	30)
e(207	1	2	110)
e(207	1	3	50)
e(207	2	3	150)
e(207	1	4	20)
e(207	2	4	120)
e(207	3	4	30)
e(208	1	2	150)
e(208	1	3	80)
e(208	2	3	150)
e(208	1	4	70)
e(208	2	4	50)
e(208	3	4	40)
e(209	1	2	70)
e(209	1	3	160)
e(209	2	3	50)
e(209	1	4	70)
e(209	2	4	150)
e(209	3	4	10)
e(210	1	2	70)
e(210	1	3	130)
e(210	2	3	80)
e(210	1	4	160)
e(210	2	4	120)
e(210	3	4	20)
e(211	1	2	80)
e(211	1	3	150)
e(211	2	3	10)
e(211	1	4	130)
e(211	2	4	100)
e(211	3	4	120)
e(211	1	5	60)
e(211	2	5	80)
e(211	3	5	40)
e(211	4	5	50)
e(212	1	2	110)
e(212	1	3	110)
e(212	2	3	130)
e(213	1	2	30)
e(213	1	3	20)
e(213	2	3	30)
e(213	1	4	60)
e(213	2	4	100)
e(213	3	4	20)
e(213	1	5	140)
e(213	4	5	120)
e(214	1	2	40)
e(214	1	3	80)
e(214	2	3	70)
e(214	1	4	30)
e(214	2	4	60)
e(214	3	4	20)
e(214	1	5	130)
e(214	2	5	110)
e(214	3	5	70)
e(214	4	5	50)
e(216	1	2	50)
e(216	1	3	90)
e(216	2	3	130)
e(217	1	3	160)
e(217	2	3	160)
e(218	1	2	130)
e(218	1	3	60)
e(218	2	3	80)
e(218	1	4	60)
e(218	2	4	120)
e(218	3	4	70)
e(219	1	2	160)
e(219	1	3	60)
e(219	2	3	150)
e(219	1	4	100)
e(219	3	4	80)
e(219	1	5	120)
e(219	2	5	130)
e(219	3	5	60)
e(219	4	5	10)
e(220	1	2	160)
e(220	1	3	160)
e(220	2	3	160)
e(221	1	2	70)
e(221	1	3	20)
e(221	2	3	150)
e(222	1	2	100)
e(223	1	2	60)
e(225	1	2	120)
e(226	1	2	10)
e(226	1	3	10)
e(226	2	3	80)
e(227	1	2	160)
e(227	1	3	140)
e(227	2	3	160)
e(228	1	2	10)
e(229	1	2	150)
e(229	1	3	110)
e(229	2	3	40)
e(229	1	4	70)
e(229	2	4	10)
e(229	3	4	20)
e(229	1	5	130)
e(229	2	5	20)
e(229	3	5	80)
e(229	4	5	20)
e(230	1	2	90)
e(230	1	3	150)
e(230	2	3	130)
e(233	1	2	70)
e(233	1	3	50)
e(233	2	3	30)
e(233	1	4	70)
e(233	2	4	150)
e(233	3	4	30)
e(234	1	2	160)
e(234	1	3	90)
e(234	2	3	70)
e(234	1	4	60)
e(234	2	4	130)
e(234	3	4	60)
e(234	1	5	50)
e(234	2	5	160)
e(234	3	5	150)
e(234	4	5	160)
e(235	1	2	60)
e(236	1	2	160)
e(237	1	2	160)
e(238	1	2	10)
e(238	1	3	150)
e(238	2	3	110)
e(238	1	4	90)
e(238	2	4	70)
e(238	3	4	120)
e(238	1	5	80)
e(238	2	5	100)
e(238	3	5	110)
e(238	4	5	160)
e(239	1	2	140)
e(239	1	3	130)
e(239	2	3	90)
e(239	1	4	120)
e(239	2	4	160)
e(239	3	4	100)
e(239	1	5	120)
e(239	2	5	90)
e(239	3	5	120)
e(239	4	5	40)
e(240	1	2	120)
e(240	1	3	20)
e(240	2	3	40)
e(241	1	2	140)
e(242	1	2	160)
e(242	1	3	100)
e(242	2	3	120)
e(242	1	4	130)
e(242	2	4	10)
e(242	3	4	120)
e(242	1	5	10)
e(242	2	5	120)
e(242	3	5	40)
e(242	4	5	120)
e(244	1	2	80)
e(245	1	2	140)
e(245	1	3	140)
e(245	2	3	110)
e(245	1	4	40)
e(245	2	4	140)
e(245	3	4	40)
e(246	1	2	10)
e(246	1	3	50)
e(246	2	4	40)
e(246	3	4	130)
e(247	1	3	70)
e(247	2	3	20)
e(247	1	4	10)
e(247	2	4	60)
e(247	3	4	150)
e(247	1	5	120)
e(247	2	5	140)
e(247	3	5	90)
e(247	4	5	140)
e(249	1	2	40)
e(249	1	3	20)
e(249	2	3	100)
e(249	1	4	120)
e(249	2	4	130)
e(249	3	4	150)
e(250	1	2	30)
e(250	2	3	30)
e(250	1	4	140)
e(250	2	4	150)
e(250	3	4	130)
e(250	1	5	100)
e(250	2	5	50)
e(250	3	5	20)
e(250	4	5	100)
e(251	1	2	80)
e(253	1	2	160)
e(253	1	3	130)
e(253	2	3	40)
e(253	2	4	110)
e(253	3	4	140)
e(254	1	2	100)
e(254	1	3	40)
e(254	2	3	100)
e(254	1	4	20)
e(254	2	4	20)
e(254	3	4	30)
e(254	1	5	80)
e(254	2	5	20)
e(254	3	5	90)
e(254	4	5	20)
e(255	1	2	50)
e(255	1	3	10)
e(255	2	3	40)
e(255	1	4	120)
e(255	2	4	100)
e(255	3	4	100)
e(255	1	5	150)
e(255	2	5	60)
e(255	3	5	20)
e(255	4	5	150)
e(256	1	2	100)
e(256	1	3	70)
e(256	2	3	40)
e(256	1	4	130)
e(256	3	4	160)
e(259	1	3	60)
e(259	2	3	50)
e(260	1	2	110)
e(260	1	3	140)
e(260	2	3	60)
e(261	1	2	60)
e(261	1	3	60)
e(262	1	2	90)
e(264	1	2	130)
e(265	1	2	160)
e(265	1	3	140)
e(265	2	3	130)
e(265	1	4	20)
e(265	2	4	40)
e(265	1	5	140)
e(265	2	5	80)
e(265	3	5	100)
e(265	4	5	150)
e(269	1	2	40)
e(269	1	3	20)
e(269	2	3	80)
e(269	1	4	40)
e(269	2	4	70)
e(269	3	4	70)
e(269	1	5	90)
e(269	2	5	10)
e(269	3	5	70)
e(269	4	5	140)
e(271	1	2	120)
e(273	1	2	20)
e(273	1	3	40)
e(273	2	3	30)
e(275	1	2	80)
e(275	1	3	100)
e(275	2	3	90)
e(276	1	2	70)
e(276	1	3	60)
e(276	2	3	10)
e(276	2	4	90)
e(276	3	4	110)
e(276	1	5	20)
e(276	2	5	150)
e(276	3	5	60)
e(276	4	5	110)
e(277	1	2	130)
e(277	1	3	70)
e(277	2	3	30)
e(277	1	4	60)
e(277	2	4	110)
e(277	3	4	10)
e(277	1	5	30)
e(277	2	5	90)
e(277	3	5	140)
e(277	4	5	10)
e(278	1	2	70)
e(278	1	3	10)
e(278	2	3	40)
e(278	1	4	20)
e(278	2	4	10)
e(278	3	4	130)
e(278	1	5	110)
e(278	2	5	140)
e(278	3	5	80)
e(278	4	5	60)
e(279	1	2	30)
e(279	1	3	90)
e(279	1	4	40)
e(279	2	4	130)
e(279	3	4	60)
e(279	1	5	100)
e(279	2	5	110)
e(279	3	5	130)
e(279	4	5	40)
e(280	1	2	110)
e(281	1	3	140)
e(281	2	3	70)
e(281	1	4	70)
e(281	2	4	110)
e(281	3	4	130)
e(283	1	2	110)
e(283	1	3	10)
e(283	1	4	80)
e(283	2	4	140)
e(283	3	4	30)
e(283	1	5	40)
e(283	2	5	140)
e(283	3	5	20)
e(283	4	5	20)
e(285	1	2	20)
e(285	1	3	30)
e(285	2	3	160)
e(286	1	2	60)
e(286	1	3	40)
e(286	2	3	100)
e(286	1	4	40)
e(286	2	4	70)
e(286	3	4	10)
e(286	2	5	110)
e(286	3	5	120)
e(286	4	5	60)
e(288	1	2	20)
e(288	1	3	20)
e(288	2	3	140)
e(288	1	4	10)
e(288	2	4	120)
e(288	3	4	60)
e(290	1	2	70)
e(290	1	3	100)
e(290	2	3	110)
e(292	1	2	30)
e(292	1	3	120)
e(292	2	3	50)
e(292	1	4	60)
e(292	2	4	80)
e(292	3	4	70)
e(293	1	2	130)
e(293	1	3	70)
e(293	2	3	160)
e(293	1	4	30)
e(293	2	4	60)
e(293	3	4	90)
e(293	1	5	140)
e(293	2	5	80)
e(293	3	5	70)
e(293	4	5	140)
e(294	1	2	150)
e(296	1	2	160)
e(296	1	3	160)
e(296	2	3	160)
e(296	1	4	10)
e(296	2	4	80)
e(296	3	4	20)
e(297	1	2	50)
e(298	1	2	40)
e(298	1	3	160)
e(298	2	3	40)
e(298	1	4	80)
e(298	3	4	50)
e(298	1	5	130)
e(298	3	5	70)
e(298	4	5	150)
e(299	1	2	130)
e(299	2	3	150)
e(299	2	4	10)
e(299	3	4	10)
e(299	1	5	80)
e(299	2	5	70)
e(299	3	5	160)
e(299	4	5	130)
e(301	1	2	90)
e(301	1	3	120)
e(301	1	4	10)
e(301	2	4	30)
e(302	1	2	140)
e(302	1	3	60)
e(302	2	3	120)
e(302	1	4	150)
e(302	2	4	130)
e(302	3	4	30)
e(304	1	2	20)
e(305	1	2	30)
e(306	1	2	120)
e(306	1	3	130)
e(306	2	3	150)
e(306	1	4	10)
e(306	2	4	90)
e(306	3	4	50)
e(306	1	5	140)
e(306	2	5	30)
e(306	3	5	60)
e(306	4	5	20)
e(308	1	2	40)
e(308	1	3	140)
e(308	1	4	110)
e(308	2	4	40)
e(309	1	2	10)
e(311	1	2	140)
e(312	1	2	80)
e(312	1	3	140)
e(312	2	3	50)
e(312	1	4	140)
e(312	2	4	90)
e(312	3	4	110)
e(314	1	2	130)
e(314	1	3	50)
e(314	2	3	130)
e(314	1	4	130)
e(314	2	4	30)
e(314	3	4	40)
e(314	1	5	40)
e(314	2	5	20)
e(314	3	5	150)
e(314	4	5	110)
e(315	1	2	110)
e(315	1	3	60)
e(315	2	3	150)
e(315	1	4	140)
e(315	2	4	20)
e(315	3	4	130)
e(316	1	2	40)
e(317	1	2	120)
e(318	1	2	100)
e(318	1	3	150)
e(318	2	3	100)
e(320	1	2	100)
e(320	1	3	60)
e(320	2	3	20)
e(320	1	4	150)
e(320	2	4	150)
e(320	3	4	70)
e(320	1	5	80)
e(320	2	5	90)
e(320	3	5	30)
e(320	4	5	150)
e(321	1	2	20)
e(322	1	2	30)
e(323	1	2	130)
e(323	1	3	90)
e(323	2	3	140)
e(323	1	4	150)
e(323	2	4	160)
e(323	3	4	10)
e(324	1	2	140)
e(324	1	3	140)
e(324	1	4	140)
e(324	2	4	110)
e(324	3	4	120)
e(324	1	5	50)
e(324	2	5	80)
e(324	3	5	100)
e(324	4	5	90)
e(325	1	2	10)
e(327	1	3	100)
e(327	2	3	100)
e(327	1	4	50)
e(327	2	4	80)
e(327	3	4	130)
e(327	1	5	160)
e(327	2	5	90)
e(327	3	5	40)
e(327	4	5	100)
e(328	1	2	90)
e(328	1	3	130)
e(328	2	3	70)
e(329	1	2	130)
e(329	1	3	60)
e(329	2	3	110)
e(329	1	4	90)
e(329	2	4	40)
e(329	3	4	130)
e(329	1	5	10)
e(329	2	5	150)
e(329	3	5	160)
e(329	4	5	70)
e(330	1	2	10)
e(330	1	3	130)
e(330	2	3	50)
e(330	1	4	130)
e(330	2	4	90)
e(330	3	4	130)
e(330	1	5	160)
e(330	2	5	50)
e(330	3	5	80)
e(330	4	5	70)
e(331	1	2	30)
e(331	1	3	150)
e(331	2	3	10)
e(333	1	2	50)
e(333	1	3	70)
e(333	2	3	120)
e(335	1	2	120)
e(336	1	2	70)
e(336	1	3	40)
e(336	2	3	20)
e(336	1	4	100)
e(336	2	4	30)
e(336	3	4	130)
e(336	1	5	130)
e(336	2	5	130)
e(336	3	5	40)
e(336	4	5	100)
e(338	1	2	160)
e(338	1	3	150)
e(338	2	3	150)
e(338	1	4	110)
e(338	2	4	20)
e(338	3	4	140)
e(338	1	5	60)
e(338	2	5	50)
e(338	3	5	120)
e(338	4	5	160)
e(340	1	2	150)
e(342	1	2	30)
e(342	1	3	110)
e(342	2	3	70)
e(344	1	2	150)
e(344	2	3	110)
e(344	1	4	30)
e(344	2	4	160)
e(344	3	4	100)
e(344	1	5	10)
e(344	2	5	20)
e(344	3	5	40)
e(344	4	5	40)
e(345	1	3	50)
e(345	2	3	90)
e(345	1	4	20)
e(345	2	4	70)
e(345	3	4	150)
e(345	1	5	50)
e(345	2	5	60)
e(345	3	5	20)
e(345	4	5	70)
e(346	1	2	140)
e(346	1	3	160)
e(346	2	3	80)
e(346	1	4	20)
e(346	2	4	160)
e(346	3	4	40)
e(346	1	5	30)
e(346	2	5	10)
e(346	3	5	90)
e(346	4	5	140)
e(347	1	2	20)
e(347	1	3	140)
e(347	2	3	130)
e(347	1	4	90)
e(347	2	4	140)
e(347	3	4	80)
e(347	1	5	70)
e(347	2	5	50)
e(347	3	5	150)
e(347	4	5	40)
e(348	1	2	60)
e(349	1	2	140)
e(350	1	2	30)
e(350	1	3	160)
e(351	1	2	100)
e(351	1	3	160)
e(351	1	4	80)
e(351	2	4	120)
e(351	1	5	80)
e(351	2	5	110)
e(351	3	5	140)
e(351	4	5	150)
e(352	1	2	20)
e(353	1	2	150)
e(354	1	3	120)
e(354	2	3	10)
e(354	1	4	150)
e(354	2	4	60)
e(354	3	4	90)
e(356	1	2	100)
e(356	1	3	160)
e(356	2	3	120)
e(357	1	2	90)
e(358	1	2	80)
e(358	1	3	100)
e(358	2	3	70)
e(358	1	4	100)
e(358	2	4	120)
e(358	3	4	140)
e(360	1	2	10)
e(360	1	3	150)
e(360	2	3	70)
e(362	1	2	40)
e(364	1	2	160)
e(365	1	2	130)
e(367	1	2	150)
e(367	1	3	90)
e(367	2	3	60)
e(367	1	4	60)
e(367	2	4	150)
e(367	3	4	160)
e(367	1	5	100)
e(367	2	5	130)
e(367	3	5	30)
e(367	4	5	140)
e(369	1	2	30)
e(369	1	3	100)
e(369	2	3	90)
e(370	1	2	10)
e(371	1	2	50)
e(371	1	3	10)
e(371	2	3	120)
e(371	1	4	20)
e(371	2	4	100)
e(371	3	4	90)
e(371	1	5	50)
e(371	2	5	10)
e(371	3	5	150)
e(373	1	2	70)
e(374	1	2	20)
e(374	1	3	20)
e(374	2	3	110)
e(374	3	4	130)
e(374	1	5	110)
e(374	2	5	100)
e(374	3	5	140)
e(375	1	2	90)
e(375	2	3	150)
e(377	1	3	120)
e(377	2	3	100)
e(377	1	4	60)
e(377	2	4	40)
e(377	3	4	160)
e(379	1	3	60)
e(379	2	3	60)
e(380	1	2	30)
e(380	2	3	80)
e(382	1	2	90)
e(382	1	3	140)
e(382	1	4	60)
e(382	2	4	40)
e(382	3	4	140)
e(382	1	5	120)
e(382	2	5	160)
e(382	3	5	40)
e(382	4	5	30)
e(383	1	2	110)
e(383	1	3	50)
e(383	2	3	160)
e(383	1	4	120)
e(383	2	4	10)
e(383	3	4	20)
e(384	1	2	140)
e(385	1	2	120)
e(387	1	2	10)
e(388	1	2	110)
e(389	1	2	40)
e(390	1	2	90)
e(390	1	3	110)
e(390	2	3	150)
e(392	1	2	140)
e(394	1	2	160)
e(396	1	2	140)
e(396	1	3	110)
e(396	2	3	80)
e(396	2	4	10)
e(396	3	4	150)
e(396	1	5	120)
e(396	3	5	150)
e(396	4	5	20)
e(399	1	2	70)
e(399	1	3	140)
e(399	2	3	150)
e(399	1	4	40)
e(399	2	4	130)
e(400	1	2	160)
e(400	1	3	110)
e(400	2	3	50)
e(400	2	4	140)
e(400	3	4	40)
e(401	1	2	110)
e(402	2	3	120)
e(402	1	4	120)
e(402	2	4	90)
e(402	3	4	150)
e(404	1	2	160)
e(404	1	3	120)
e(404	2	3	160)
e(404	1	4	160)
e(404	2	4	140)
e(404	3	4	70)
e(405	1	2	80)
e(406	1	2	60)
e(407	1	2	120)
e(407	1	3	30)
e(407	2	3	80)
e(407	1	4	120)
e(407	2	4	80)
e(407	3	4	60)
e(408	1	2	90)
e(408	1	3	20)
e(408	2	3	150)
e(408	1	4	40)
e(408	2	4	160)
e(408	3	4	100)
e(408	3	5	10)
e(408	4	5	30)
e(409	1	2	40)
e(410	1	2	100)
e(411	1	2	40)
e(411	1	3	30)
e(411	2	3	160)
e(412	1	2	110)
e(413	1	2	100)
e(414	1	2	160)
e(414	1	3	100)
e(414	2	3	20)
e(416	1	2	80)
e(417	1	3	60)
e(417	2	3	80)
e(418	1	2	130)
e(418	1	3	10)
e(418	2	3	160)
e(418	1	4	150)
e(418	2	4	110)
e(418	3	4	150)
e(419	1	2	100)
e(419	1	3	50)
e(419	2	3	120)
e(419	1	4	140)
e(419	2	4	120)
e(420	1	2	140)
e(420	1	3	90)
e(420	2	3	120)
e(421	1	2	130)
e(421	1	3	120)
e(421	2	3	110)
e(421	1	4	140)
e(421	2	4	140)
e(422	1	2	30)
e(422	1	3	120)
e(422	2	3	50)
e(422	1	4	110)
e(422	2	4	160)
e(422	3	4	100)
e(422	1	5	10)
e(422	2	5	110)
e(422	3	5	110)
e(422	4	5	110)
e(423	1	2	120)
e(423	1	3	20)
e(423	2	3	110)
e(425	1	2	100)
e(426	1	2	90)
e(426	1	3	80)
e(426	2	3	80)
e(427	1	2	110)
e(429	1	2	120)
e(429	1	3	110)
e(430	1	2	60)
e(430	1	3	10)
e(430	2	3	30)
e(430	1	4	120)
e(430	2	4	60)
e(430	3	4	130)
e(431	1	2	10)
e(431	1	3	50)
e(431	2	3	10)
e(432	1	2	140)
e(433	1	2	120)
e(433	1	3	80)
e(433	2	3	20)
e(435	1	2	130)
e(435	1	3	80)
e(435	2	3	130)
e(435	1	4	80)
e(435	2	4	90)
e(435	3	4	80)
e(435	1	5	70)
e(435	2	5	80)
e(435	4	5	160)
e(436	1	2	130)
e(436	1	3	150)
e(436	2	3	160)
e(437	1	2	110)
e(437	1	3	20)
e(437	2	3	60)
e(437	1	4	130)
e(437	2	4	100)
e(437	3	4	100)
e(437	1	5	160)
e(437	2	5	50)
e(437	4	5	40)
e(438	1	2	20)
e(438	1	3	150)
e(438	2	3	10)
e(438	1	4	40)
e(438	2	4	30)
e(438	3	4	10)
e(439	1	2	150)
e(439	1	3	110)
e(439	2	3	110)
e(440	1	2	10)
e(440	2	3	50)
e(440	1	4	70)
e(440	2	4	110)
e(440	3	4	80)
e(440	1	5	10)
e(440	2	5	160)
e(440	3	5	100)
e(440	4	5	80)
e(441	1	2	50)
e(442	1	3	60)
e(442	2	3	80)
e(442	1	4	20)
e(442	2	4	60)
e(442	3	4	90)
e(445	1	2	150)
e(445	1	3	40)
e(445	2	3	160)
e(445	1	4	160)
e(445	2	4	80)
e(445	3	4	40)
e(445	1	5	50)
e(445	2	5	160)
e(445	3	5	140)
e(445	4	5	70)
e(446	1	2	120)
e(447	1	2	10)
e(447	1	3	100)
e(447	2	3	10)
e(447	1	4	150)
e(447	2	4	150)
e(447	3	4	100)
e(448	1	2	110)
e(448	1	3	80)
e(448	2	3	20)
e(448	1	4	120)
e(448	2	4	100)
e(448	3	4	120)
e(449	1	2	60)
e(449	1	3	140)
e(449	2	3	60)
e(449	1	4	140)
e(449	2	4	40)
e(449	3	4	140)
e(451	1	2	40)
e(451	1	3	30)
e(451	2	3	150)
e(453	1	2	20)
e(453	1	3	80)
e(453	1	4	140)
e(453	2	4	110)
e(453	3	4	100)
e(453	1	5	160)
e(453	3	5	50)
e(453	4	5	90)
e(454	1	2	60)
e(455	1	2	120)
e(455	1	3	150)
e(455	2	3	150)
e(456	1	2	160)
e(456	1	3	40)
e(456	2	3	100)
e(456	2	4	80)
e(456	3	4	100)
e(456	1	5	30)
e(456	2	5	70)
e(456	3	5	140)
e(456	4	5	40)
e(457	1	2	140)
e(457	1	3	150)
e(457	2	3	110)
e(457	1	4	30)
e(457	2	4	120)
e(457	3	4	120)
e(458	1	2	40)
e(458	1	3	100)
e(458	2	3	150)
e(459	1	2	60)
e(459	2	3	160)
e(459	1	4	140)
e(459	3	4	140)
e(459	1	5	140)
e(459	2	5	70)
e(459	3	5	120)
e(459	4	5	110)
e(461	1	2	130)
e(461	1	3	20)
e(461	2	3	140)
e(461	1	4	80)
e(461	2	4	80)
e(461	3	4	140)
e(461	1	5	140)
e(461	2	5	100)
e(461	3	5	120)
e(461	4	5	30)
e(462	1	2	90)
e(462	1	3	100)
e(462	2	3	120)
e(462	1	4	20)
e(462	2	4	80)
e(462	3	4	160)
e(462	1	5	60)
e(462	2	5	130)
e(462	3	5	130)
e(463	1	2	140)
e(463	2	3	150)
e(463	2	4	160)
e(463	3	4	40)
e(463	1	5	70)
e(463	2	5	130)
e(463	3	5	90)
e(463	4	5	60)
e(465	1	2	150)
e(465	1	3	140)
e(465	2	3	10)
e(466	1	2	110)
e(466	1	3	80)
e(466	2	3	30)
e(466	1	4	120)
e(466	2	4	60)
e(466	3	4	130)
e(466	1	5	110)
e(466	2	5	80)
e(466	3	5	130)
e(466	4	5	130)
e(467	1	2	70)
e(467	2	3	120)
e(467	1	4	120)
e(467	2	4	80)
e(467	3	4	40)
e(467	1	5	160)
e(467	3	5	120)
e(467	4	5	50)
e(468	1	3	40)
e(468	2	3	80)
e(468	1	4	140)
e(468	2	4	80)
e(468	3	4	80)
e(468	1	5	40)
e(468	2	5	80)
e(468	4	5	100)
e(469	1	2	30)
e(469	1	3	70)
e(469	2	3	10)
e(469	1	4	80)
e(469	2	4	120)
e(469	3	4	60)
e(469	1	5	10)
e(469	3	5	100)
e(469	4	5	110)
e(471	1	2	100)
e(471	1	3	60)
e(471	2	3	160)
e(472	1	2	40)
e(472	1	3	100)
e(472	2	3	140)
e(472	1	4	90)
e(472	2	4	100)
e(472	3	4	120)
e(473	1	3	40)
e(473	2	3	130)
e(473	2	4	90)
e(473	3	4	50)
e(473	1	5	100)
e(473	2	5	140)
e(473	4	5	140)
e(475	1	2	150)
e(475	1	3	60)
e(475	2	3	160)
e(475	1	4	140)
e(475	3	4	130)
e(476	1	2	50)
e(478	1	2	100)
e(478	1	3	70)
e(478	2	3	150)
e(481	1	2	130)
e(481	1	3	70)
e(481	2	3	160)
e(481	1	4	10)
e(481	2	4	140)
e(481	3	4	50)
e(484	1	2	110)
e(484	1	3	120)
e(484	2	3	100)
e(484	1	4	100)
e(484	2	4	30)
e(484	3	4	40)
e(484	1	5	30)
e(484	2	5	150)
e(484	3	5	100)
e(484	4	5	110)
e(485	1	2	110)
e(485	1	3	100)
e(485	2	3	130)
e(485	1	4	70)
e(485	2	4	50)
e(485	3	4	90)
e(486	1	2	150)
e(486	1	3	80)
e(486	2	3	10)
e(487	1	3	160)
e(487	2	3	70)
e(487	1	4	150)
e(487	2	4	60)
e(488	1	2	130)
e(488	1	3	100)
e(488	2	3	10)
e(488	1	4	80)
e(488	2	4	140)
e(488	3	4	130)
e(488	1	5	110)
e(488	2	5	130)
e(488	3	5	20)
e(488	4	5	30)
e(489	1	2	40)
e(489	1	3	130)
e(489	2	3	10)
e(490	1	2	90)
e(490	1	3	10)
e(490	2	3	10)
e(490	1	4	40)
e(490	2	4	40)
e(490	3	4	150)
e(490	1	5	100)
e(490	2	5	40)
e(490	3	5	80)
e(490	4	5	80)
e(491	1	2	160)
e(491	1	3	30)
e(491	2	3	110)
e(491	1	4	80)
e(491	2	4	160)
e(491	3	4	20)
e(492	1	2	10)
e(492	1	3	100)
e(492	2	3	110)
e(493	1	2	150)
e(493	1	3	100)
e(493	2	3	70)
e(493	1	4	110)
e(493	2	4	40)
e(493	3	4	100)
e(493	1	5	80)
e(493	2	5	20)
e(493	4	5	70)
e(494	1	2	110)
e(494	1	3	80)
e(494	2	3	20)
e(494	1	4	100)
e(494	2	4	120)
e(494	3	4	100)
e(495	1	2	100)
e(495	1	3	60)
e(495	2	3	160)
e(496	1	2	90)
e(496	1	3	80)
e(496	2	3	20)
e(496	1	4	160)
e(496	2	4	70)
e(496	3	4	60)
e(496	1	5	120)
e(496	2	5	120)
e(496	3	5	120)
e(496	4	5	100)
e(497	1	2	120)
e(497	1	3	130)
e(497	2	3	150)
e(497	1	4	40)
e(497	2	4	150)
e(497	3	4	50)
e(497	1	5	120)
e(497	2	5	150)
e(497	3	5	80)
e(497	4	5	160)
e(498	1	2	140)
e(501	1	2	150)
e(501	1	3	150)
e(501	2	3	50)
e(501	1	4	50)
e(501	2	4	110)
e(501	3	4	70)
e(502	1	2	60)
e(502	1	3	80)
e(502	2	3	50)
e(503	1	3	60)
e(503	2	3	100)
e(503	1	4	80)
e(503	2	4	80)
e(503	1	5	40)
e(503	2	5	20)
e(503	3	5	90)
e(503	4	5	120)
e(504	1	2	40)
e(504	1	3	60)
e(504	2	3	150)
e(505	1	2	40)
e(505	1	3	40)
e(505	2	3	50)
e(505	1	4	20)
e(505	2	4	150)
e(505	3	4	50)
e(505	1	5	90)
e(505	2	5	110)
e(505	3	5	100)
e(505	4	5	150)
e(506	1	2	120)
e(506	1	3	70)
e(506	2	3	30)
e(506	1	4	50)
e(506	2	4	70)
e(506	3	4	70)
e(506	2	5	150)
e(506	3	5	90)
e(506	4	5	70)
e(507	1	2	90)
e(507	1	3	130)
e(507	2	3	150)
e(507	1	4	150)
e(507	2	4	10)
e(507	3	4	90)
e(508	1	2	20)
e(510	1	2	160)
e(510	1	3	60)
e(511	1	2	50)
e(511	1	3	60)
e(511	2	3	30)
e(511	1	4	110)
e(511	2	4	30)
e(511	3	4	130)
e(512	1	2	80)
e(514	1	2	120)
e(516	1	2	20)
e(516	1	3	30)
e(516	2	3	140)
e(516	1	4	70)
e(516	2	4	40)
e(516	3	4	50)
e(517	1	2	120)
e(518	1	2	130)
e(518	1	3	150)
e(518	2	3	90)
e(518	1	4	100)
e(518	2	4	110)
e(518	3	4	20)
e(518	1	5	30)
e(518	2	5	150)
e(518	3	5	10)
e(518	4	5	50)
e(521	1	2	50)
e(521	1	3	150)
e(522	1	2	100)
e(522	1	3	130)
e(522	2	3	40)
e(522	1	4	160)
e(522	2	4	160)
e(522	3	4	30)
e(523	1	2	40)
e(523	1	3	140)
e(523	2	3	90)
e(523	1	4	110)
e(523	3	4	30)
e(523	1	5	10)
e(523	2	5	90)
e(523	3	5	100)
e(525	1	2	70)
e(526	1	2	40)
e(528	1	2	100)
e(528	2	3	90)
e(528	1	4	140)
e(528	2	4	10)
e(528	3	4	10)
e(529	1	2	110)
e(529	1	3	160)
e(530	1	2	80)
e(530	1	3	60)
e(530	2	3	20)
e(530	1	4	160)
e(530	2	4	130)
e(530	3	4	160)
e(530	1	5	100)
e(530	2	5	40)
e(530	3	5	20)
e(530	4	5	90)
e(531	1	2	40)
e(531	1	3	110)
e(531	2	3	160)
e(531	1	4	110)
e(531	2	4	160)
e(531	3	4	60)
e(531	1	5	100)
e(531	2	5	70)
e(531	3	5	100)
e(531	4	5	80)
e(532	1	2	140)
e(532	1	3	20)
e(532	2	3	100)
e(532	1	4	100)
e(532	2	4	130)
e(532	3	4	40)
e(532	1	5	140)
e(532	2	5	120)
e(532	3	5	130)
e(533	1	2	130)
e(533	1	3	70)
e(533	2	3	120)
e(533	1	4	70)
e(533	2	4	10)
e(533	3	4	130)
e(534	1	2	20)
e(535	1	2	70)
e(535	1	3	40)
e(535	1	4	60)
e(535	2	4	160)
e(535	1	5	130)
e(535	2	5	40)
e(535	3	5	120)
e(535	4	5	110)
e(536	1	2	130)
e(536	1	3	60)
e(536	2	3	130)
e(536	1	4	70)
e(536	2	4	100)
e(536	3	4	130)
e(537	1	2	20)
e(537	1	3	150)
e(537	2	3	70)
e(537	1	4	110)
e(537	2	4	50)
e(537	3	4	100)
e(537	1	5	80)
e(537	2	5	150)
e(537	3	5	140)
e(537	4	5	20)
e(538	1	2	120)
e(538	1	3	50)
e(538	2	3	90)
e(538	1	4	10)
e(538	2	4	140)
e(538	3	4	80)
e(539	1	2	70)
e(539	1	3	90)
e(539	2	3	20)
e(541	1	3	110)
e(541	1	4	100)
e(541	2	4	60)
e(541	1	5	50)
e(541	2	5	60)
e(541	3	5	160)
e(541	4	5	60)
e(543	1	2	50)
e(543	1	3	40)
e(543	2	3	10)
e(544	1	2	140)
e(545	1	2	140)
e(546	1	2	20)
e(546	1	3	30)
e(546	2	3	160)
e(547	1	2	80)
e(547	1	3	100)
e(547	2	3	10)
e(548	1	2	20)
e(548	1	3	140)
e(548	2	3	90)
e(548	1	4	50)
e(548	2	4	120)
e(548	1	5	110)
e(548	2	5	90)
e(548	3	5	120)
e(548	4	5	70)
e(549	1	2	70)
e(549	1	3	160)
e(549	2	3	120)
e(549	2	4	110)
e(549	3	4	50)
e(549	1	5	120)
e(549	2	5	100)
e(549	3	5	60)
e(549	4	5	20)
e(550	1	2	160)
e(550	1	3	40)
e(550	2	3	80)
e(550	1	4	10)
e(550	2	4	40)
e(550	3	4	80)
e(552	1	2	160)
e(553	1	2	40)
e(553	1	3	160)
e(553	2	3	60)
e(554	1	2	30)
e(554	1	3	50)
e(554	2	3	130)
e(554	2	4	100)
e(554	3	4	10)
e(555	1	2	30)
e(555	1	3	30)
e(555	2	3	130)
e(555	1	4	70)
e(555	2	4	30)
e(555	3	4	80)
e(556	1	2	40)
e(556	1	3	40)
e(556	2	3	70)
e(559	1	2	50)
e(559	1	3	130)
e(559	2	3	150)
e(559	3	4	40)
e(559	1	5	140)
e(559	2	5	90)
e(559	4	5	150)
e(560	1	2	140)
e(560	1	3	50)
e(560	2	3	110)
e(560	1	4	80)
e(560	2	4	150)
e(560	3	4	10)
e(560	1	5	160)
e(560	2	5	130)
e(560	4	5	50)
e(561	1	2	80)
e(562	1	2	130)
e(562	1	3	60)
e(563	1	2	160)
e(564	1	3	40)
e(564	2	3	20)
e(564	1	4	120)
e(564	2	4	20)
e(564	1	5	130)
e(564	2	5	150)
e(564	3	5	90)
e(564	4	5	50)
e(565	1	2	30)
e(566	1	2	120)
e(566	1	3	70)
e(566	2	3	30)
e(567	1	2	90)
e(567	1	3	160)
e(567	2	3	90)
e(567	1	4	120)
e(567	2	4	140)
e(567	1	5	100)
e(567	2	5	160)
e(567	3	5	90)
e(567	4	5	120)
e(569	1	3	20)
e(569	2	3	90)
e(569	1	4	120)
e(569	2	4	50)
e(569	3	4	40)
e(570	1	2	40)
e(571	1	2	70)
e(572	1	2	150)
e(572	1	3	70)
e(572	2	3	150)
e(572	1	4	60)
e(572	2	4	80)
e(572	3	4	50)
e(573	1	2	40)
e(573	1	3	150)
e(573	2	3	130)
e(573	1	4	100)
e(573	2	4	40)
e(573	3	4	120)
e(574	1	2	40)
e(574	2	3	20)
e(575	1	2	160)
e(575	1	3	110)
e(575	2	3	10)
e(576	1	2	30)
e(576	1	3	20)
e(576	2	3	70)
e(576	1	4	10)
e(576	2	4	110)
e(576	3	4	90)
e(577	1	2	20)
e(579	1	2	160)
e(579	1	3	60)
e(579	2	3	20)
e(580	1	2	130)
e(581	1	2	80)
e(581	1	3	40)
e(581	2	3	40)
e(581	1	4	130)
e(581	2	4	150)
e(581	3	4	40)
e(582	1	2	80)
e(583	1	2	150)
e(584	1	2	140)
e(584	1	3	60)
e(584	2	3	80)
e(586	1	2	20)
e(586	1	3	100)
e(586	2	3	140)
e(586	1	4	110)
e(586	3	4	160)
e(586	1	5	160)
e(586	2	5	30)
e(586	3	5	140)
e(586	4	5	30)
e(587	1	2	20)
e(587	1	3	10)
e(587	2	3	120)
e(588	1	2	50)
e(588	2	3	150)
e(589	1	2	30)
e(589	1	3	80)
e(589	2	3	30)
e(590	1	2	120)
e(590	2	3	90)
e(591	1	2	70)
e(591	1	3	100)
e(591	2	3	70)
e(591	2	4	40)
e(591	3	4	50)
e(591	1	5	10)
e(591	2	5	40)
e(591	3	5	150)
e(591	4	5	160)
e(592	1	2	100)
e(593	1	2	30)
e(593	1	3	80)
e(593	2	3	90)
e(594	1	3	40)
e(594	2	3	90)
e(595	1	2	100)
e(595	1	3	160)
e(595	2	3	100)
e(596	1	2	110)
e(596	1	3	160)
e(596	2	3	130)
e(597	1	2	160)
e(598	1	2	40)
e(598	1	3	70)
e(598	2	3	160)
e(598	1	4	110)
e(598	2	4	120)
e(598	3	4	120)
e(598	1	5	40)
e(598	2	5	70)
e(598	3	5	140)
e(598	4	5	160)
e(599	1	2	90)
e(599	1	3	40)
e(599	2	3	80)
e(600	1	2	140)
e(600	1	3	150)
e(600	2	3	20)
e(601	1	2	40)
e(601	1	3	70)
e(601	2	3	70)
e(602	1	2	30)
e(602	1	3	40)
e(602	2	3	20)
e(602	1	4	120)
e(602	2	4	50)
e(602	1	5	100)
e(602	2	5	90)
e(602	3	5	30)
e(602	4	5	70)
e(603	1	3	70)
e(603	2	3	20)
e(603	2	4	80)
e(603	3	4	40)
e(603	1	5	70)
e(603	2	5	120)
e(603	3	5	50)
e(606	1	3	40)
e(606	2	3	50)
e(607	1	2	90)
e(607	1	3	90)
e(607	2	3	140)
e(607	1	4	60)
e(607	2	4	40)
e(607	3	4	40)
e(608	1	2	120)
e(608	1	3	10)
e(608	2	3	80)
e(609	1	2	70)
e(611	1	2	80)
e(611	1	3	10)
e(611	2	3	40)
e(612	1	2	100)
e(612	1	3	90)
e(612	2	3	100)
e(613	1	2	130)
e(613	1	3	40)
e(613	2	3	10)
e(613	1	4	100)
e(613	2	4	70)
e(613	3	4	150)
e(614	1	2	50)
e(615	1	2	70)
e(616	1	2	140)
e(617	1	2	110)
e(617	1	3	100)
e(617	2	3	160)
e(618	1	2	80)
e(618	1	3	120)
e(618	2	3	120)
e(619	1	2	110)
e(619	1	3	140)
e(619	2	3	150)
e(621	1	2	70)
e(621	1	3	10)
e(621	2	3	160)
e(622	1	2	40)
e(622	1	3	60)
e(622	2	3	10)
e(623	1	2	10)
e(623	1	3	40)
e(623	2	3	30)
e(624	1	2	80)
e(624	1	3	80)
e(624	2	3	40)
e(625	1	2	10)
e(626	1	3	100)
e(626	2	3	110)
e(626	1	4	90)
e(626	2	4	130)
e(626	3	4	50)
e(627	1	3	130)
e(627	2	3	90)
e(627	1	4	150)
e(627	2	4	90)
e(627	3	4	80)
e(627	1	5	20)
e(627	2	5	10)
e(627	3	5	90)
e(627	4	5	110)
e(628	1	3	10)
e(628	2	3	100)
e(628	1	4	110)
e(628	2	4	100)
e(628	3	4	90)
e(628	1	5	80)
e(628	2	5	90)
e(628	3	5	140)
e(628	4	5	150)
e(629	1	2	40)
e(630	1	2	40)
e(630	1	3	30)
e(630	2	3	140)
e(631	1	2	140)
e(632	1	2	50)
e(634	1	2	50)
e(636	1	2	130)
e(636	1	3	160)
e(636	2	3	160)
e(636	1	4	130)
e(636	2	4	120)
e(636	3	4	50)
e(637	1	2	140)
e(637	1	3	90)
e(637	2	3	120)
e(637	1	4	50)
e(637	2	4	10)
e(637	3	4	150)
e(637	1	5	10)
e(637	2	5	130)
e(637	3	5	100)
e(637	4	5	70)
e(638	1	2	20)
e(638	1	3	130)
e(638	2	3	50)
e(638	1	4	130)
e(638	2	4	60)
e(638	3	4	120)
e(639	1	2	30)
e(639	1	3	140)
e(639	2	3	160)
e(640	1	2	60)
e(641	2	3	30)
e(641	1	4	150)
e(641	2	4	150)
e(641	3	4	110)
e(642	1	2	110)
e(643	1	2	140)
e(645	1	2	140)
e(645	1	3	10)
e(645	2	3	130)
e(646	1	2	140)
e(647	1	3	90)
e(647	2	3	10)
e(647	1	4	60)
e(647	2	4	110)
e(647	3	4	120)
e(647	1	5	160)
e(647	2	5	120)
e(647	3	5	70)
e(648	1	2	120)
e(648	1	3	110)
e(648	2	3	60)
e(649	1	2	40)
e(650	1	2	90)
e(650	1	3	150)
e(650	2	3	40)
e(650	1	4	130)
e(650	3	4	100)
e(652	1	2	80)
e(654	1	3	110)
e(654	2	3	70)
e(657	1	2	50)
e(658	1	2	30)
e(658	1	3	20)
e(658	2	3	70)
e(659	1	2	40)
e(659	1	3	30)
e(659	2	3	120)
e(659	1	4	70)
e(659	2	4	20)
e(659	3	4	100)
e(660	1	2	110)
e(660	1	3	160)
e(660	2	3	110)
e(660	1	4	110)
e(660	2	4	150)
e(660	3	4	140)
e(661	1	2	80)
e(662	1	2	50)
e(662	1	3	110)
e(662	2	3	80)
e(663	1	2	150)
e(663	1	3	80)
e(663	2	3	40)
e(665	1	2	50)
e(665	1	3	40)
e(665	2	3	130)
e(665	1	4	50)
e(665	2	4	60)
e(665	3	4	100)
e(667	1	2	60)
e(667	1	3	100)
e(667	2	3	100)
e(669	1	2	90)
e(669	1	3	40)
e(669	2	3	120)
e(670	1	2	140)
e(670	1	3	140)
e(670	2	3	60)
e(670	2	4	20)
e(670	3	4	110)
e(672	1	2	40)
e(672	1	3	110)
e(672	2	3	150)
e(672	1	4	70)
e(672	2	4	20)
e(672	3	4	150)
e(672	1	5	100)
e(672	2	5	20)
e(672	3	5	10)
e(673	1	2	30)
e(673	1	3	150)
e(673	2	3	30)
e(676	1	3	150)
e(676	2	3	160)
e(676	1	4	100)
e(676	2	4	60)
e(676	3	4	90)
e(678	1	2	60)
e(679	1	2	120)
e(679	1	3	110)
e(679	2	3	160)
e(679	1	4	20)
e(679	2	4	130)
e(679	3	4	120)
e(679	1	5	90)
e(679	2	5	150)
e(679	3	5	80)
e(679	4	5	60)
e(681	1	2	30)
e(681	1	3	110)
e(681	2	3	20)
e(682	1	2	100)
e(682	1	3	140)
e(682	2	3	50)
e(683	1	2	60)
e(683	1	3	150)
e(683	2	3	40)
e(683	1	4	10)
e(683	2	4	150)
e(683	3	4	20)
e(683	1	5	100)
e(683	2	5	100)
e(683	3	5	90)
e(683	4	5	130)
e(684	1	2	70)
e(684	1	3	160)
e(684	2	3	80)
e(684	1	4	10)
e(684	3	4	90)
e(685	1	2	130)
e(685	1	3	50)
e(685	2	3	90)
e(685	1	4	60)
e(685	2	4	10)
e(685	3	4	130)
e(687	1	2	50)
e(687	1	3	160)
e(687	2	3	10)
e(687	1	4	120)
e(687	2	4	130)
e(687	3	4	80)
e(687	1	5	60)
e(687	2	5	150)
e(687	3	5	10)
e(687	4	5	120)
e(688	1	2	90)
e(688	1	3	40)
e(688	2	3	70)
e(688	1	4	80)
e(688	2	4	20)
e(688	3	4	30)
e(689	1	2	40)
e(689	1	3	50)
e(689	2	3	20)
e(689	1	4	90)
e(689	2	4	110)
e(689	3	4	140)
e(690	1	2	10)
e(690	1	3	120)
e(690	2	3	160)
e(690	1	4	70)
e(690	2	4	70)
e(690	3	4	10)
e(691	1	2	120)
e(691	1	3	50)
e(691	2	3	80)
e(693	1	2	90)
e(693	1	3	150)
e(693	2	3	60)
e(693	1	4	70)
e(693	2	4	160)
e(693	3	4	130)
e(693	1	5	10)
e(693	2	5	30)
e(693	3	5	70)
e(693	4	5	30)
e(695	1	2	30)
e(695	1	3	70)
e(695	2	3	40)
e(695	1	4	10)
e(695	2	4	150)
e(695	3	4	100)
e(695	1	5	140)
e(695	3	5	40)
e(695	4	5	120)
e(698	1	2	30)
e(698	1	3	130)
e(698	2	3	70)
e(699	1	2	10)
e(699	1	3	20)
e(699	2	3	140)
e(699	2	4	140)
e(699	3	4	100)
e(700	1	2	160)
e(700	1	3	30)
e(700	2	3	70)
e(700	1	4	70)
e(700	2	4	40)
