700

d(1	17	21	5	200000.0)
d(2	18	19	2	200000.0)
d(3	11	16	1	200000.0)
d(4	16	23	3	200000.0)
d(5	3	13	1	200000.0)
d(6	20	24	4	200000.0)
d(7	9	17	5	200000.0)
d(8	8	14	3	200000.0)
d(9	6	11	2	200000.0)
d(10	20	20	1	200000.0)
d(11	16	21	1	200000.0)
d(12	6	14	4	200000.0)
d(13	6	9	2	200000.0)
d(14	18	20	1	200000.0)
d(15	10	11	4	200000.0)
d(16	7	14	2	200000.0)
d(17	4	18	2	200000.0)
d(18	12	21	1	200000.0)
d(19	8	13	4	200000.0)
d(20	17	18	2	200000.0)
d(21	14	18	5	200000.0)
d(22	4	11	2	200000.0)
d(23	4	10	2	200000.0)
d(24	6	20	1	200000.0)
d(25	13	17	2	200000.0)
d(26	7	16	3	200000.0)
d(27	2	5	5	200000.0)
d(28	14	14	3	200000.0)
d(29	21	23	5	200000.0)
d(30	14	20	2	200000.0)
d(31	22	24	3	200000.0)
d(32	1	3	5	200000.0)
d(33	10	22	1	200000.0)
d(34	13	14	2	200000.0)
d(35	15	19	4	200000.0)
d(36	10	21	1	200000.0)
d(37	17	17	4	200000.0)
d(38	23	24	3	200000.0)
d(39	24	24	1	200000.0)
d(40	13	14	1	200000.0)
d(41	14	14	4	200000.0)
d(42	18	24	4	200000.0)
d(43	14	23	1	200000.0)
d(44	15	21	5	200000.0)
d(45	7	23	3	200000.0)
d(46	9	15	5	200000.0)
d(47	15	24	2	200000.0)
d(48	1	19	3	200000.0)
d(49	7	24	2	200000.0)
d(50	12	15	4	200000.0)
d(51	13	24	2	200000.0)
d(52	23	23	5	200000.0)
d(53	2	13	3	200000.0)
d(54	8	22	2	200000.0)
d(55	3	4	3	200000.0)
d(56	21	23	3	200000.0)
d(57	2	7	4	200000.0)
d(58	12	18	1	200000.0)
d(59	9	24	3	200000.0)
d(60	3	3	4	200000.0)
d(61	24	24	2	200000.0)
d(62	11	24	2	200000.0)
d(63	10	12	4	200000.0)
d(64	1	23	1	200000.0)
d(65	9	14	4	200000.0)
d(66	1	18	1	200000.0)
d(67	5	12	3	200000.0)
d(68	1	12	1	200000.0)
d(69	7	15	1	200000.0)
d(70	17	23	2	200000.0)
d(71	12	24	5	200000.0)
d(72	19	21	5	200000.0)
d(73	21	22	2	200000.0)
d(74	24	24	2	200000.0)
d(75	17	20	1	200000.0)
d(76	13	13	5	200000.0)
d(77	13	24	3	200000.0)
d(78	3	23	2	200000.0)
d(79	19	24	2	200000.0)
d(80	19	19	4	200000.0)
d(81	11	16	5	200000.0)
d(82	12	24	1	200000.0)
d(83	24	24	4	200000.0)
d(84	15	22	2	200000.0)
d(85	6	23	4	200000.0)
d(86	23	24	4	200000.0)
d(87	9	9	1	200000.0)
d(88	20	22	4	200000.0)
d(89	9	10	3	200000.0)
d(90	10	10	1	200000.0)
d(91	16	24	1	200000.0)
d(92	5	10	1	200000.0)
d(93	23	24	1	200000.0)
d(94	18	18	4	200000.0)
d(95	23	24	2	200000.0)
d(96	21	22	3	200000.0)
d(97	4	20	4	200000.0)
d(98	1	13	5	200000.0)
d(99	20	20	4	200000.0)
d(100	5	11	4	200000.0)
d(101	14	19	3	200000.0)
d(102	2	19	3	200000.0)
d(103	15	16	3	200000.0)
d(104	6	22	1	200000.0)
d(105	2	22	1	200000.0)
d(106	22	24	4	200000.0)
d(107	2	9	3	200000.0)
d(108	9	20	5	200000.0)
d(109	22	22	5	200000.0)
d(110	22	22	3	200000.0)
d(111	13	13	5	200000.0)
d(112	13	21	5	200000.0)
d(113	10	18	1	200000.0)
d(114	14	14	1	200000.0)
d(115	10	16	3	200000.0)
d(116	15	17	3	200000.0)
d(117	22	22	3	200000.0)
d(118	15	23	3	200000.0)
d(119	23	24	4	200000.0)
d(120	16	23	3	200000.0)
d(121	1	6	1	200000.0)
d(122	21	24	1	200000.0)
d(123	22	24	1	200000.0)
d(124	20	20	1	200000.0)
d(125	15	20	1	200000.0)
d(126	19	20	2	200000.0)
d(127	10	22	3	200000.0)
d(128	12	12	1	200000.0)
d(129	21	21	5	200000.0)
d(130	21	21	3	200000.0)
d(131	2	15	1	200000.0)
d(132	10	15	1	200000.0)
d(133	8	10	4	200000.0)
d(134	19	24	5	200000.0)
d(135	2	19	2	200000.0)
d(136	21	23	4	200000.0)
d(137	11	23	4	200000.0)
d(138	2	18	4	200000.0)
d(139	20	20	1	200000.0)
d(140	11	13	1	200000.0)
d(141	22	24	5	200000.0)
d(142	3	24	5	200000.0)
d(143	2	6	5	200000.0)
d(144	5	6	1	200000.0)
d(145	4	4	5	200000.0)
d(146	13	20	4	200000.0)
d(147	3	15	2	200000.0)
d(148	21	23	4	200000.0)
d(149	17	24	2	200000.0)
d(150	7	10	4	200000.0)
d(151	12	17	2	200000.0)
d(152	24	24	3	200000.0)
d(153	1	17	5	200000.0)
d(154	19	20	1	200000.0)
d(155	20	24	4	200000.0)
d(156	14	18	2	200000.0)
d(157	12	18	4	200000.0)
d(158	10	15	3	200000.0)
d(159	23	24	4	200000.0)
d(160	12	15	1	200000.0)
d(161	24	24	2	200000.0)
d(162	23	24	1	200000.0)
d(163	9	10	5	200000.0)
d(164	3	12	4	200000.0)
d(165	11	17	5	200000.0)
d(166	23	23	1	200000.0)
d(167	7	16	2	200000.0)
d(168	12	16	1	200000.0)
d(169	18	21	2	200000.0)
d(170	23	24	2	200000.0)
d(171	2	24	4	200000.0)
d(172	8	21	3	200000.0)
d(173	15	21	4	200000.0)
d(174	21	22	3	200000.0)
d(175	24	24	4	200000.0)
d(176	12	21	3	200000.0)
d(177	15	18	4	200000.0)
d(178	13	21	2	200000.0)
d(179	18	18	4	200000.0)
d(180	14	24	4	200000.0)
d(181	17	20	4	200000.0)
d(182	22	24	4	200000.0)
d(183	13	18	2	200000.0)
d(184	4	10	2	200000.0)
d(185	6	23	2	200000.0)
d(186	9	17	5	200000.0)
d(187	10	12	3	200000.0)
d(188	1	23	5	200000.0)
d(189	16	18	1	200000.0)
d(190	19	24	2	200000.0)
d(191	17	17	5	200000.0)
d(192	12	18	5	200000.0)
d(193	21	24	5	200000.0)
d(194	5	10	3	200000.0)
d(195	6	17	4	200000.0)
d(196	21	24	5	200000.0)
d(197	12	16	4	200000.0)
d(198	24	24	4	200000.0)
d(199	3	5	2	200000.0)
d(200	4	5	4	200000.0)
d(201	5	13	5	200000.0)
d(202	24	24	5	200000.0)
d(203	2	13	5	200000.0)
d(204	10	18	2	200000.0)
d(205	12	20	5	200000.0)
d(206	3	3	1	200000.0)
d(207	8	10	5	200000.0)
d(208	19	23	3	200000.0)
d(209	13	16	1	200000.0)
d(210	16	17	5	200000.0)
d(211	23	23	2	200000.0)
d(212	8	17	2	200000.0)
d(213	6	22	4	200000.0)
d(214	13	18	5	200000.0)
d(215	9	15	3	200000.0)
d(216	3	11	4	200000.0)
d(217	21	22	3	200000.0)
d(218	6	21	1	200000.0)
d(219	5	18	1	200000.0)
d(220	5	10	1	200000.0)
d(221	14	14	1	200000.0)
d(222	15	16	3	200000.0)
d(223	3	23	1	200000.0)
d(224	10	11	5	200000.0)
d(225	14	16	3	200000.0)
d(226	12	17	1	200000.0)
d(227	15	15	1	200000.0)
d(228	17	21	3	200000.0)
d(229	10	13	4	200000.0)
d(230	2	17	1	200000.0)
d(231	16	17	3	200000.0)
d(232	14	22	5	200000.0)
d(233	8	8	4	200000.0)
d(234	22	22	2	200000.0)
d(235	21	22	1	200000.0)
d(236	22	24	5	200000.0)
d(237	23	24	4	200000.0)
d(238	19	22	3	200000.0)
d(239	6	23	3	200000.0)
d(240	7	16	5	200000.0)
d(241	2	15	4	200000.0)
d(242	19	21	2	200000.0)
d(243	8	18	1	200000.0)
d(244	15	17	1	200000.0)
d(245	12	17	1	200000.0)
d(246	8	11	2	200000.0)
d(247	19	22	4	200000.0)
d(248	13	17	3	200000.0)
d(249	2	15	2	200000.0)
d(250	23	24	5	200000.0)
d(251	11	15	3	200000.0)
d(252	6	21	1	200000.0)
d(253	8	15	4	200000.0)
d(254	24	24	2	200000.0)
d(255	12	19	5	200000.0)
d(256	3	23	2	200000.0)
d(257	6	23	1	200000.0)
d(258	6	24	1	200000.0)
d(259	9	18	4	200000.0)
d(260	22	24	5	200000.0)
d(261	2	18	1	200000.0)
d(262	19	21	1	200000.0)
d(263	14	16	4	200000.0)
d(264	10	12	5	200000.0)
d(265	5	8	1	200000.0)
d(266	8	10	2	200000.0)
d(267	13	19	1	200000.0)
d(268	1	20	3	200000.0)
d(269	9	17	3	200000.0)
d(270	21	24	5	200000.0)
d(271	12	12	2	200000.0)
d(272	11	17	2	200000.0)
d(273	1	10	2	200000.0)
d(274	21	22	5	200000.0)
d(275	7	16	4	200000.0)
d(276	24	24	3	200000.0)
d(277	23	24	1	200000.0)
d(278	14	21	5	200000.0)
d(279	17	17	1	200000.0)
d(280	21	24	1	200000.0)
d(281	24	24	2	200000.0)
d(282	7	12	2	200000.0)
d(283	11	13	2	200000.0)
d(284	22	23	5	200000.0)
d(285	18	18	4	200000.0)
d(286	12	17	4	200000.0)
d(287	11	18	3	200000.0)
d(288	14	24	5	200000.0)
d(289	24	24	2	200000.0)
d(290	12	24	3	200000.0)
d(291	22	22	5	200000.0)
d(292	9	23	4	200000.0)
d(293	16	19	3	200000.0)
d(294	2	9	4	200000.0)
d(295	9	11	2	200000.0)
d(296	9	19	3	200000.0)
d(297	2	11	3	200000.0)
d(298	5	20	5	200000.0)
d(299	13	14	5	200000.0)
d(300	16	21	4	200000.0)
d(301	1	16	5	200000.0)
d(302	19	21	4	200000.0)
d(303	12	24	1	200000.0)
d(304	2	6	2	200000.0)
d(305	17	19	1	200000.0)
d(306	18	19	1	200000.0)
d(307	24	24	4	200000.0)
d(308	16	17	4	200000.0)
d(309	22	23	1	200000.0)
d(310	24	24	4	200000.0)
d(311	22	24	1	200000.0)
d(312	7	15	2	200000.0)
d(313	18	18	3	200000.0)
d(314	15	21	3	200000.0)
d(315	20	21	4	200000.0)
d(316	11	19	2	200000.0)
d(317	5	7	3	200000.0)
d(318	13	14	2	200000.0)
d(319	14	23	4	200000.0)
d(320	4	6	5	200000.0)
d(321	10	21	4	200000.0)
d(322	13	18	5	200000.0)
d(323	14	20	5	200000.0)
d(324	2	4	4	200000.0)
d(325	21	24	4	200000.0)
d(326	15	18	4	200000.0)
d(327	22	24	2	200000.0)
d(328	1	12	5	200000.0)
d(329	8	19	3	200000.0)
d(330	2	10	3	200000.0)
d(331	22	23	4	200000.0)
d(332	13	17	3	200000.0)
d(333	7	15	3	200000.0)
d(334	12	23	4	200000.0)
d(335	6	15	5	200000.0)
d(336	18	20	1	200000.0)
d(337	4	19	2	200000.0)
d(338	17	22	4	200000.0)
d(339	22	24	3	200000.0)
d(340	18	19	2	200000.0)
d(341	16	20	3	200000.0)
d(342	3	19	1	200000.0)
d(343	20	21	5	200000.0)
d(344	12	17	1	200000.0)
d(345	3	3	1	200000.0)
d(346	13	18	1	200000.0)
d(347	2	7	2	200000.0)
d(348	24	24	1	200000.0)
d(349	21	24	4	200000.0)
d(350	5	13	2	200000.0)
d(351	23	24	4	200000.0)
d(352	21	24	1	200000.0)
d(353	24	24	5	200000.0)
d(354	12	12	5	200000.0)
d(355	3	18	1	200000.0)
d(356	11	13	4	200000.0)
d(357	11	18	1	200000.0)
d(358	4	9	1	200000.0)
d(359	16	18	1	200000.0)
d(360	15	16	3	200000.0)
d(361	1	13	3	200000.0)
d(362	6	24	5	200000.0)
d(363	20	22	4	200000.0)
d(364	5	12	1	200000.0)
d(365	14	15	5	200000.0)
d(366	4	11	3	200000.0)
d(367	7	12	1	200000.0)
d(368	24	24	1	200000.0)
d(369	10	15	4	200000.0)
d(370	17	21	2	200000.0)
d(371	3	20	3	200000.0)
d(372	24	24	2	200000.0)
d(373	15	20	5	200000.0)
d(374	6	9	5	200000.0)
d(375	1	6	2	200000.0)
d(376	9	21	4	200000.0)
d(377	13	20	1	200000.0)
d(378	10	24	4	200000.0)
d(379	23	23	4	200000.0)
d(380	15	21	2	200000.0)
d(381	21	23	5	200000.0)
d(382	7	10	1	200000.0)
d(383	13	17	3	200000.0)
d(384	11	17	2	200000.0)
d(385	22	23	3	200000.0)
d(386	24	24	4	200000.0)
d(387	4	12	1	200000.0)
d(388	12	18	2	200000.0)
d(389	16	17	3	200000.0)
d(390	19	24	4	200000.0)
d(391	3	5	3	200000.0)
d(392	5	22	5	200000.0)
d(393	10	13	2	200000.0)
d(394	2	24	1	200000.0)
d(395	11	22	4	200000.0)
d(396	5	6	1	200000.0)
d(397	24	24	1	200000.0)
d(398	8	16	4	200000.0)
d(399	5	20	3	200000.0)
d(400	8	12	4	200000.0)
d(401	18	20	3	200000.0)
d(402	8	24	4	200000.0)
d(403	18	24	1	200000.0)
d(404	11	22	3	200000.0)
d(405	11	23	5	200000.0)
d(406	10	11	3	200000.0)
d(407	17	19	1	200000.0)
d(408	8	16	1	200000.0)
d(409	18	23	3	200000.0)
d(410	21	23	1	200000.0)
d(411	20	22	1	200000.0)
d(412	6	11	1	200000.0)
d(413	17	19	3	200000.0)
d(414	16	23	3	200000.0)
d(415	22	22	2	200000.0)
d(416	5	16	3	200000.0)
d(417	1	3	4	200000.0)
d(418	19	22	3	200000.0)
d(419	19	19	4	200000.0)
d(420	23	24	2	200000.0)
d(421	16	22	1	200000.0)
d(422	13	17	1	200000.0)
d(423	13	22	5	200000.0)
d(424	21	23	5	200000.0)
d(425	3	20	4	200000.0)
d(426	7	19	4	200000.0)
d(427	21	24	1	200000.0)
d(428	20	24	3	200000.0)
d(429	10	20	5	200000.0)
d(430	21	21	4	200000.0)
d(431	6	7	3	200000.0)
d(432	16	24	2	200000.0)
d(433	16	18	3	200000.0)
d(434	3	21	1	200000.0)
d(435	10	17	1	200000.0)
d(436	17	18	1	200000.0)
d(437	7	14	5	200000.0)
d(438	1	1	5	200000.0)
d(439	18	24	4	200000.0)
d(440	20	21	1	200000.0)
d(441	19	22	5	200000.0)
d(442	23	24	1	200000.0)
d(443	18	21	4	200000.0)
d(444	24	24	3	200000.0)
d(445	18	21	1	200000.0)
d(446	3	5	3	200000.0)
d(447	17	24	4	200000.0)
d(448	7	18	1	200000.0)
d(449	6	17	3	200000.0)
d(450	21	24	5	200000.0)
d(451	22	22	2	200000.0)
d(452	4	11	1	200000.0)
d(453	16	20	5	200000.0)
d(454	4	21	3	200000.0)
d(455	11	24	5	200000.0)
d(456	9	13	5	200000.0)
d(457	22	22	4	200000.0)
d(458	13	18	2	200000.0)
d(459	13	19	5	200000.0)
d(460	6	16	5	200000.0)
d(461	11	24	1	200000.0)
d(462	2	7	3	200000.0)
d(463	3	8	3	200000.0)
d(464	20	24	5	200000.0)
d(465	2	22	4	200000.0)
d(466	24	24	3	200000.0)
d(467	16	19	3	200000.0)
d(468	21	23	3	200000.0)
d(469	2	7	2	200000.0)
d(470	3	18	3	200000.0)
d(471	12	16	5	200000.0)
d(472	21	21	1	200000.0)
d(473	15	16	5	200000.0)
d(474	24	24	4	200000.0)
d(475	18	18	4	200000.0)
d(476	13	23	4	200000.0)
d(477	7	10	4	200000.0)
d(478	13	17	2	200000.0)
d(479	9	23	1	200000.0)
d(480	18	20	2	200000.0)
d(481	14	21	4	200000.0)
d(482	20	22	1	200000.0)
d(483	15	23	2	200000.0)
d(484	4	22	2	200000.0)
d(485	1	21	1	200000.0)
d(486	7	8	3	200000.0)
d(487	6	14	2	200000.0)
d(488	9	24	4	200000.0)
d(489	4	10	3	200000.0)
d(490	5	18	3	200000.0)
d(491	15	16	2	200000.0)
d(492	3	10	2	200000.0)
d(493	20	24	5	200000.0)
d(494	13	15	4	200000.0)
d(495	21	23	5	200000.0)
d(496	21	21	5	200000.0)
d(497	17	17	4	200000.0)
d(498	6	18	1	200000.0)
d(499	8	19	5	200000.0)
d(500	24	24	3	200000.0)
d(501	24	24	1	200000.0)
d(502	17	20	4	200000.0)
d(503	20	24	4	200000.0)
d(504	8	20	5	200000.0)
d(505	20	21	2	200000.0)
d(506	16	20	4	200000.0)
d(507	21	22	1	200000.0)
d(508	11	14	5	200000.0)
d(509	2	17	5	200000.0)
d(510	21	22	1	200000.0)
d(511	19	23	3	200000.0)
d(512	13	14	3	200000.0)
d(513	17	23	2	200000.0)
d(514	19	24	4	200000.0)
d(515	7	7	3	200000.0)
d(516	9	18	5	200000.0)
d(517	10	13	4	200000.0)
d(518	7	21	4	200000.0)
d(519	23	23	1	200000.0)
d(520	11	13	3	200000.0)
d(521	2	24	3	200000.0)
d(522	22	22	3	200000.0)
d(523	24	24	5	200000.0)
d(524	9	19	1	200000.0)
d(525	17	18	5	200000.0)
d(526	9	20	5	200000.0)
d(527	2	8	5	200000.0)
d(528	9	12	5	200000.0)
d(529	16	22	1	200000.0)
d(530	12	16	3	200000.0)
d(531	12	24	3	200000.0)
d(532	21	22	3	200000.0)
d(533	10	13	3	200000.0)
d(534	19	24	4	200000.0)
d(535	5	19	4	200000.0)
d(536	5	11	3	200000.0)
d(537	19	24	5	200000.0)
d(538	3	13	1	200000.0)
d(539	13	21	2	200000.0)
d(540	18	20	2	200000.0)
d(541	9	17	1	200000.0)
d(542	15	15	2	200000.0)
d(543	7	22	3	200000.0)
d(544	18	19	3	200000.0)
d(545	24	24	2	200000.0)
d(546	5	9	4	200000.0)
d(547	17	20	1	200000.0)
d(548	24	24	3	200000.0)
d(549	17	21	3	200000.0)
d(550	22	23	4	200000.0)
d(551	19	24	5	200000.0)
d(552	13	21	4	200000.0)
d(553	24	24	5	200000.0)
d(554	16	19	4	200000.0)
d(555	23	24	1	200000.0)
d(556	12	17	1	200000.0)
d(557	18	21	4	200000.0)
d(558	7	20	3	200000.0)
d(559	13	13	1	200000.0)
d(560	15	15	3	200000.0)
d(561	13	24	1	200000.0)
d(562	19	22	1	200000.0)
d(563	21	22	4	200000.0)
d(564	21	23	1	200000.0)
d(565	13	24	3	200000.0)
d(566	2	13	2	200000.0)
d(567	6	15	3	200000.0)
d(568	1	17	4	200000.0)
d(569	11	22	1	200000.0)
d(570	20	23	5	200000.0)
d(571	8	16	5	200000.0)
d(572	18	22	1	200000.0)
d(573	12	12	2	200000.0)
d(574	18	20	3	200000.0)
d(575	8	9	4	200000.0)
d(576	17	24	2	200000.0)
d(577	17	17	5	200000.0)
d(578	9	19	1	200000.0)
d(579	4	12	1	200000.0)
d(580	6	13	4	200000.0)
d(581	1	10	3	200000.0)
d(582	16	19	3	200000.0)
d(583	11	17	5	200000.0)
d(584	16	22	1	200000.0)
d(585	19	19	2	200000.0)
d(586	6	21	1	200000.0)
d(587	17	19	5	200000.0)
d(588	20	24	1	200000.0)
d(589	11	13	3	200000.0)
d(590	1	20	5	200000.0)
d(591	11	18	5	200000.0)
d(592	1	19	1	200000.0)
d(593	2	19	1	200000.0)
d(594	2	2	4	200000.0)
d(595	12	15	2	200000.0)
d(596	7	23	5	200000.0)
d(597	11	22	5	200000.0)
d(598	23	24	3	200000.0)
d(599	21	22	5	200000.0)
d(600	9	12	1	200000.0)
d(601	6	24	5	200000.0)
d(602	9	16	3	200000.0)
d(603	11	22	4	200000.0)
d(604	22	24	2	200000.0)
d(605	23	23	5	200000.0)
d(606	16	23	2	200000.0)
d(607	4	21	4	200000.0)
d(608	14	14	4	200000.0)
d(609	16	21	1	200000.0)
d(610	16	19	5	200000.0)
d(611	14	22	1	200000.0)
d(612	17	23	5	200000.0)
d(613	7	13	3	200000.0)
d(614	3	24	5	200000.0)
d(615	19	21	4	200000.0)
d(616	2	5	1	200000.0)
d(617	22	22	4	200000.0)
d(618	9	9	2	200000.0)
d(619	14	24	4	200000.0)
d(620	24	24	4	200000.0)
d(621	8	15	1	200000.0)
d(622	6	23	5	200000.0)
d(623	12	12	5	200000.0)
d(624	23	24	1	200000.0)
d(625	15	21	2	200000.0)
d(626	21	23	2	200000.0)
d(627	18	20	2	200000.0)
d(628	5	12	2	200000.0)
d(629	18	21	4	200000.0)
d(630	15	20	5	200000.0)
d(631	14	15	5	200000.0)
d(632	15	23	4	200000.0)
d(633	21	21	3	200000.0)
d(634	7	14	3	200000.0)
d(635	17	17	1	200000.0)
d(636	9	13	4	200000.0)
d(637	6	18	3	200000.0)
d(638	9	19	3	200000.0)
d(639	5	18	4	200000.0)
d(640	4	22	4	200000.0)
d(641	3	7	2	200000.0)
d(642	2	2	4	200000.0)
d(643	20	20	1	200000.0)
d(644	6	14	1	200000.0)
d(645	6	17	2	200000.0)
d(646	19	20	5	200000.0)
d(647	16	20	5	200000.0)
d(648	11	19	2	200000.0)
d(649	13	14	4	200000.0)
d(650	20	24	2	200000.0)
d(651	2	20	4	200000.0)
d(652	13	15	1	200000.0)
d(653	15	23	1	200000.0)
d(654	23	24	1	200000.0)
d(655	22	22	1	200000.0)
d(656	24	24	4	200000.0)
d(657	3	12	1	200000.0)
d(658	14	22	3	200000.0)
d(659	21	22	2	200000.0)
d(660	2	2	5	200000.0)
d(661	19	19	2	200000.0)
d(662	18	21	2	200000.0)
d(663	14	17	5	200000.0)
d(664	2	5	4	200000.0)
d(665	17	18	2	200000.0)
d(666	8	14	4	200000.0)
d(667	22	23	5	200000.0)
d(668	2	6	3	200000.0)
d(669	19	23	3	200000.0)
d(670	5	14	4	200000.0)
d(671	12	22	5	200000.0)
d(672	6	20	4	200000.0)
d(673	3	21	3	200000.0)
d(674	7	12	4	200000.0)
d(675	4	20	5	200000.0)
d(676	7	11	1	200000.0)
d(677	16	17	4	200000.0)
d(678	4	12	5	200000.0)
d(679	15	20	4	200000.0)
d(680	13	21	3	200000.0)
d(681	23	24	1	200000.0)
d(682	3	13	3	200000.0)
d(683	19	19	5	200000.0)
d(684	22	23	5	200000.0)
d(685	18	19	4	200000.0)
d(686	22	24	4	200000.0)
d(687	5	24	3	200000.0)
d(688	21	24	2	200000.0)
d(689	7	8	4	200000.0)
d(690	8	13	1	200000.0)
d(691	4	15	1	200000.0)
d(692	17	23	5	200000.0)
d(693	6	10	1	200000.0)
d(694	1	2	5	200000.0)
d(695	9	24	3	200000.0)
d(696	23	23	1	200000.0)
d(697	16	23	3	200000.0)
d(698	21	23	4	200000.0)
d(699	22	23	2	200000.0)
d(700	23	23	1	200000.0)
v(1	1	1	130	2	3)
v(1	2	11	88	22	3)
v(1	3	30	165	60	4)
v(1	4	8	69	16	4)
v(1	5	31	92	62	4)
v(2	1	8	52	16	1)
v(2	2	2	73	4	1)
v(3	1	1	87	2	0)
v(4	1	29	89	58	2)
v(4	2	2	14	4	2)
v(4	3	5	76	10	2)
v(5	1	14	144	28	0)
v(6	1	10	170	20	2)
v(6	2	27	161	54	3)
v(6	3	10	33	20	3)
v(6	4	15	95	30	2)
v(7	1	17	80	34	4)
v(7	2	29	86	58	4)
v(7	3	30	57	60	4)
v(7	4	26	152	52	4)
v(7	5	2	72	4	4)
v(8	1	30	37	60	1)
v(8	2	19	130	38	2)
v(8	3	14	75	28	1)
v(9	1	21	53	42	1)
v(9	2	18	20	36	1)
v(10	1	4	115	8	0)
v(11	1	31	185	62	0)
v(12	1	10	25	20	3)
v(12	2	26	40	52	2)
v(12	3	3	80	6	1)
v(12	4	18	177	36	2)
v(13	1	13	141	26	1)
v(13	2	3	137	6	1)
v(14	1	7	139	14	0)
v(15	1	31	162	62	3)
v(15	2	15	116	30	3)
v(15	3	22	72	44	3)
v(15	4	24	168	48	3)
v(16	1	9	60	18	1)
v(16	2	32	181	64	1)
v(17	1	20	104	40	1)
v(17	2	6	78	12	1)
v(18	1	14	92	28	0)
v(19	1	22	70	44	2)
v(19	2	4	59	8	2)
v(19	3	22	99	44	2)
v(19	4	6	153	12	2)
v(20	1	6	31	12	1)
v(20	2	3	26	6	1)
v(21	1	19	44	38	4)
v(21	2	13	132	26	3)
v(21	3	10	153	20	3)
v(21	4	30	155	60	4)
v(21	5	6	116	12	4)
v(22	1	29	170	58	1)
v(22	2	27	44	54	1)
v(23	1	21	115	42	1)
v(23	2	24	91	48	1)
v(24	1	3	8	6	0)
v(25	1	30	100	60	1)
v(25	2	17	81	34	1)
v(26	1	1	74	2	2)
v(26	2	15	87	30	2)
v(26	3	1	139	2	2)
v(27	1	16	24	32	4)
v(27	2	16	138	32	4)
v(27	3	15	34	30	4)
v(27	4	32	53	64	4)
v(27	5	28	89	56	4)
v(28	1	4	50	8	2)
v(28	2	27	120	54	2)
v(28	3	19	66	38	2)
v(29	1	11	150	22	3)
v(29	2	7	143	14	3)
v(29	3	28	140	56	3)
v(29	4	7	155	14	4)
v(29	5	8	21	16	3)
v(30	1	8	133	16	1)
v(30	2	28	107	56	1)
v(31	1	20	89	40	2)
v(31	2	32	179	64	2)
v(31	3	17	50	34	2)
v(32	1	4	16	8	4)
v(32	2	23	154	46	4)
v(32	3	32	183	64	4)
v(32	4	15	30	30	4)
v(32	5	22	96	44	4)
v(33	1	11	132	22	0)
v(34	1	22	115	44	1)
v(34	2	6	162	12	1)
v(35	1	13	95	26	3)
v(35	2	12	49	24	3)
v(35	3	10	134	20	3)
v(35	4	29	134	58	3)
v(36	1	26	180	52	0)
v(37	1	23	83	46	3)
v(37	2	11	28	22	3)
v(37	3	29	112	58	3)
v(37	4	1	15	2	3)
v(38	1	25	65	50	2)
v(38	2	20	93	40	2)
v(38	3	20	72	40	2)
v(39	1	20	170	40	0)
v(40	1	12	88	24	0)
v(41	1	23	79	46	2)
v(41	2	27	70	54	3)
v(41	3	28	99	56	3)
v(41	4	20	46	40	2)
v(42	1	18	160	36	3)
v(42	2	23	41	46	3)
v(42	3	32	73	64	3)
v(42	4	11	141	22	3)
v(43	1	16	91	32	0)
v(44	1	14	77	28	4)
v(44	2	8	29	16	4)
v(44	3	11	48	22	3)
v(44	4	24	144	48	3)
v(44	5	2	107	4	4)
v(45	1	13	130	26	2)
v(45	2	10	35	20	2)
v(45	3	26	84	52	2)
v(46	1	21	140	42	4)
v(46	2	24	183	48	4)
v(46	3	19	96	38	4)
v(46	4	13	81	26	4)
v(46	5	31	57	62	4)
v(47	1	7	139	14	1)
v(47	2	21	47	42	1)
v(48	1	6	93	12	2)
v(48	2	1	145	2	2)
v(48	3	25	157	50	2)
v(49	1	8	55	16	1)
v(49	2	16	138	32	1)
v(50	1	27	63	54	3)
v(50	2	2	95	4	3)
v(50	3	21	119	42	3)
v(50	4	16	138	32	3)
v(51	1	26	97	52	1)
v(51	2	12	121	24	1)
v(52	1	2	138	4	4)
v(52	2	21	141	42	4)
v(52	3	29	134	58	4)
v(52	4	28	149	56	4)
v(52	5	28	123	56	4)
v(53	1	10	81	20	2)
v(53	2	6	108	12	2)
v(53	3	27	54	54	2)
v(54	1	2	54	4	1)
v(54	2	8	42	16	1)
v(55	1	4	94	8	2)
v(55	2	2	92	4	2)
v(55	3	13	165	26	2)
v(56	1	14	160	28	2)
v(56	2	25	154	50	2)
v(56	3	7	103	14	2)
v(57	1	20	46	40	3)
v(57	2	4	7	8	3)
v(57	3	21	46	42	3)
v(57	4	29	76	58	3)
v(58	1	24	156	48	0)
v(59	1	17	75	34	2)
v(59	2	9	88	18	2)
v(59	3	28	79	56	2)
v(60	1	24	131	48	3)
v(60	2	13	84	26	3)
v(60	3	7	161	14	3)
v(60	4	11	93	22	3)
v(61	1	17	104	34	1)
v(61	2	13	122	26	1)
v(62	1	9	59	18	1)
v(62	2	4	119	8	1)
v(63	1	30	171	60	2)
v(63	2	5	146	10	2)
v(63	3	21	116	42	3)
v(63	4	4	135	8	3)
v(64	1	1	38	2	0)
v(65	1	4	38	8	3)
v(65	2	29	78	58	3)
v(65	3	32	90	64	3)
v(65	4	32	101	64	3)
v(66	1	2	4	4	0)
v(67	1	13	120	26	2)
v(67	2	1	56	2	2)
v(67	3	20	84	40	2)
v(68	1	20	159	40	0)
v(69	1	25	99	50	0)
v(70	1	23	167	46	1)
v(70	2	30	48	60	1)
v(71	1	31	135	62	4)
v(71	2	1	131	2	3)
v(71	3	5	130	10	4)
v(71	4	22	126	44	4)
v(71	5	18	69	36	3)
v(72	1	29	115	58	4)
v(72	2	8	99	16	3)
v(72	3	10	155	20	4)
v(72	4	2	63	4	3)
v(72	5	22	153	44	4)
v(73	1	29	81	58	1)
v(73	2	27	151	54	1)
v(74	1	19	20	38	1)
v(74	2	17	146	34	1)
v(75	1	9	98	18	0)
v(76	1	32	63	64	3)
v(76	2	6	99	12	4)
v(76	3	5	137	10	4)
v(76	4	18	167	36	4)
v(76	5	18	147	36	3)
v(77	1	27	151	54	2)
v(77	2	24	37	48	2)
v(77	3	13	117	26	2)
v(78	1	13	49	26	1)
v(78	2	15	141	30	1)
v(79	1	22	112	44	1)
v(79	2	11	100	22	1)
v(80	1	12	45	24	3)
v(80	2	4	131	8	3)
v(80	3	22	166	44	3)
v(80	4	30	31	60	3)
v(81	1	30	163	60	4)
v(81	2	30	74	60	4)
v(81	3	27	166	54	4)
v(81	4	24	44	48	4)
v(81	5	11	40	22	4)
v(82	1	9	92	18	0)
v(83	1	16	43	32	3)
v(83	2	30	75	60	3)
v(83	3	7	66	14	3)
v(83	4	11	118	22	3)
v(84	1	21	53	42	1)
v(84	2	32	146	64	1)
v(85	1	3	67	6	3)
v(85	2	9	22	18	3)
v(85	3	25	152	50	3)
v(85	4	23	119	46	3)
v(86	1	24	81	48	3)
v(86	2	11	28	22	3)
v(86	3	31	43	62	3)
v(86	4	23	34	46	3)
v(87	1	13	44	26	0)
v(88	1	17	172	34	3)
v(88	2	13	129	26	2)
v(88	3	12	81	24	2)
v(88	4	18	105	36	3)
v(89	1	23	87	46	2)
v(89	2	12	71	24	2)
v(89	3	21	67	42	2)
v(90	1	2	157	4	0)
v(91	1	26	143	52	0)
v(92	1	16	171	32	0)
v(93	1	14	90	28	0)
v(94	1	17	75	34	3)
v(94	2	21	130	42	3)
v(94	3	20	25	40	3)
v(94	4	29	173	58	3)
v(95	1	8	79	16	1)
v(95	2	24	89	48	1)
v(96	1	5	25	10	2)
v(96	2	15	23	30	1)
v(96	3	29	80	58	1)
v(97	1	16	164	32	3)
v(97	2	8	110	16	3)
v(97	3	31	116	62	3)
v(97	4	3	120	6	3)
v(98	1	29	33	58	3)
v(98	2	27	171	54	4)
v(98	3	30	31	60	3)
v(98	4	14	134	28	4)
v(98	5	24	25	48	4)
v(99	1	7	51	14	3)
v(99	2	14	20	28	2)
v(99	3	26	176	52	3)
v(99	4	15	31	30	2)
v(100	1	18	72	36	2)
v(100	2	7	69	14	1)
v(100	3	14	166	28	2)
v(100	4	20	127	40	3)
v(101	1	28	71	56	2)
v(101	2	28	151	56	2)
v(101	3	6	114	12	2)
v(102	1	16	144	32	2)
v(102	2	4	67	8	2)
v(102	3	3	77	6	2)
v(103	1	11	137	22	2)
v(103	2	21	41	42	2)
v(103	3	24	66	48	2)
v(104	1	20	104	40	0)
v(105	1	26	56	52	0)
v(106	1	8	159	16	3)
v(106	2	17	97	34	3)
v(106	3	17	171	34	3)
v(106	4	14	82	28	3)
v(107	1	6	78	12	1)
v(107	2	27	47	54	2)
v(107	3	17	56	34	1)
v(108	1	10	43	20	3)
v(108	2	14	156	28	3)
v(108	3	3	148	6	4)
v(108	4	10	63	20	3)
v(108	5	4	66	8	3)
v(109	1	20	34	40	4)
v(109	2	10	90	20	4)
v(109	3	8	103	16	4)
v(109	4	4	63	8	4)
v(109	5	24	79	48	4)
v(110	1	23	141	46	1)
v(110	2	21	166	42	1)
v(110	3	2	71	4	2)
v(111	1	22	30	44	4)
v(111	2	11	77	22	4)
v(111	3	13	49	26	4)
v(111	4	8	68	16	4)
v(111	5	14	113	28	4)
v(112	1	3	156	6	4)
v(112	2	9	137	18	4)
v(112	3	31	129	62	4)
v(112	4	2	138	4	4)
v(112	5	27	169	54	4)
v(113	1	3	156	6	0)
v(114	1	20	153	40	0)
v(115	1	24	58	48	2)
v(115	2	7	85	14	2)
v(115	3	21	111	42	2)
v(116	1	28	155	56	2)
v(116	2	25	107	50	2)
v(116	3	2	89	4	2)
v(117	1	12	120	24	2)
v(117	2	30	121	60	2)
v(117	3	22	180	44	2)
v(118	1	32	99	64	2)
v(118	2	22	95	44	2)
v(118	3	3	117	6	2)
v(119	1	5	103	10	3)
v(119	2	7	41	14	3)
v(119	3	23	100	46	3)
v(119	4	5	9	10	3)
v(120	1	26	180	52	2)
v(120	2	30	116	60	2)
v(120	3	2	153	4	2)
v(121	1	11	111	22	0)
v(122	1	6	166	12	0)
v(123	1	14	83	28	0)
v(124	1	8	126	16	0)
v(125	1	9	162	18	0)
v(126	1	4	86	8	0)
v(126	2	24	103	48	0)
v(127	1	2	45	4	2)
v(127	2	1	7	2	2)
v(127	3	4	114	8	2)
v(128	1	27	173	54	0)
v(129	1	24	48	48	4)
v(129	2	3	73	6	4)
v(129	3	11	62	22	4)
v(129	4	24	106	48	4)
v(129	5	26	167	52	4)
v(130	1	10	159	20	2)
v(130	2	16	102	32	2)
v(130	3	20	49	40	2)
v(131	1	32	40	64	0)
v(132	1	29	74	58	0)
v(133	1	32	97	64	2)
v(133	2	3	37	6	3)
v(133	3	30	187	60	2)
v(133	4	24	55	48	1)
v(134	1	32	157	64	4)
v(134	2	24	51	48	4)
v(134	3	18	79	36	4)
v(134	4	23	102	46	4)
v(134	5	18	104	36	4)
v(135	1	25	88	50	1)
v(135	2	19	23	38	1)
v(136	1	6	102	12	2)
v(136	2	13	164	26	2)
v(136	3	6	152	12	3)
v(136	4	9	141	18	3)
v(137	1	12	51	24	3)
v(137	2	11	96	22	3)
v(137	3	13	14	26	3)
v(137	4	31	149	62	3)
v(138	1	3	24	6	3)
v(138	2	7	160	14	3)
v(138	3	1	71	2	3)
v(138	4	5	44	10	3)
v(139	1	4	135	8	0)
v(140	1	31	183	62	0)
v(141	1	15	134	30	4)
v(141	2	25	96	50	4)
v(141	3	6	91	12	4)
v(141	4	15	168	30	3)
v(141	5	23	134	46	3)
v(142	1	1	61	2	4)
v(142	2	7	101	14	4)
v(142	3	14	116	28	4)
v(142	4	23	54	46	4)
v(142	5	26	118	52	4)
v(143	1	28	76	56	4)
v(143	2	26	31	52	3)
v(143	3	10	133	20	4)
v(143	4	25	72	50	4)
v(143	5	17	18	34	3)
v(144	1	4	26	8	0)
v(145	1	17	121	34	4)
v(145	2	26	104	52	4)
v(145	3	30	164	60	4)
v(145	4	8	136	16	4)
v(145	5	8	17	16	4)
v(146	1	10	14	20	3)
v(146	2	25	175	50	3)
v(146	3	31	79	62	3)
v(146	4	4	95	8	3)
v(147	1	4	88	8	1)
v(147	2	30	185	60	1)
v(148	1	20	133	40	3)
v(148	2	14	167	28	3)
v(148	3	8	85	16	3)
v(148	4	6	12	12	3)
v(149	1	5	137	10	1)
v(149	2	3	20	6	1)
v(150	1	14	66	28	3)
v(150	2	31	45	62	2)
v(150	3	22	181	44	2)
v(150	4	21	163	42	3)
v(151	1	19	179	38	0)
v(151	2	13	121	26	0)
v(152	1	26	142	52	1)
v(152	2	15	27	30	2)
v(152	3	29	159	58	1)
v(153	1	32	126	64	4)
v(153	2	12	122	24	4)
v(153	3	8	79	16	4)
v(153	4	26	153	52	4)
v(153	5	4	150	8	4)
v(154	1	21	142	42	0)
v(155	1	13	45	26	3)
v(155	2	32	147	64	3)
v(155	3	17	55	34	3)
v(155	4	16	156	32	3)
v(156	1	21	69	42	1)
v(156	2	18	76	36	1)
v(157	1	13	30	26	3)
v(157	2	1	9	2	3)
v(157	3	22	112	44	3)
v(157	4	30	62	60	3)
v(158	1	2	57	4	2)
v(158	2	22	138	44	2)
v(158	3	22	90	44	2)
v(159	1	15	82	30	3)
v(159	2	4	24	8	3)
v(159	3	20	25	40	2)
v(159	4	28	106	56	2)
v(160	1	16	74	32	0)
v(161	1	2	136	4	1)
v(161	2	22	160	44	1)
v(162	1	15	79	30	0)
v(163	1	17	55	34	3)
v(163	2	8	108	16	4)
v(163	3	2	129	4	4)
v(163	4	27	160	54	3)
v(163	5	26	147	52	4)
v(164	1	19	179	38	3)
v(164	2	30	156	60	3)
v(164	3	20	149	40	3)
v(164	4	23	135	46	3)
v(165	1	22	102	44	4)
v(165	2	23	115	46	4)
v(165	3	24	181	48	3)
v(165	4	30	52	60	4)
v(165	5	20	89	40	3)
v(166	1	18	61	36	0)
v(167	1	9	80	18	0)
v(167	2	6	30	12	0)
v(168	1	18	159	36	0)
v(169	1	9	144	18	1)
v(169	2	19	62	38	1)
v(170	1	18	56	36	1)
v(170	2	1	94	2	1)
v(171	1	26	69	52	3)
v(171	2	13	117	26	3)
v(171	3	25	49	50	3)
v(171	4	7	154	14	3)
v(172	1	10	28	20	2)
v(172	2	9	143	18	2)
v(172	3	5	67	10	2)
v(173	1	2	130	4	3)
v(173	2	30	163	60	3)
v(173	3	1	111	2	3)
v(173	4	25	135	50	3)
v(174	1	26	148	52	2)
v(174	2	22	94	44	2)
v(174	3	9	165	18	2)
v(175	1	10	131	20	2)
v(175	2	8	42	16	2)
v(175	3	2	27	4	3)
v(175	4	11	129	22	1)
v(176	1	15	54	30	2)
v(176	2	4	76	8	2)
v(176	3	24	177	48	2)
v(177	1	14	108	28	3)
v(177	2	30	179	60	3)
v(177	3	7	90	14	3)
v(177	4	29	144	58	3)
v(178	1	28	31	56	1)
v(178	2	4	127	8	1)
v(179	1	23	76	46	3)
v(179	2	10	110	20	3)
v(179	3	24	121	48	3)
v(179	4	4	91	8	3)
v(180	1	19	51	38	3)
v(180	2	32	172	64	3)
v(180	3	21	110	42	3)
v(180	4	18	115	36	3)
v(181	1	12	84	24	3)
v(181	2	22	33	44	3)
v(181	3	19	33	38	3)
v(181	4	11	66	22	3)
v(182	1	19	36	38	3)
v(182	2	22	52	44	3)
v(182	3	17	137	34	3)
v(182	4	16	176	32	3)
v(183	1	25	86	50	0)
v(183	2	24	70	48	0)
v(184	1	17	129	34	1)
v(184	2	14	74	28	1)
v(185	1	16	18	32	1)
v(185	2	16	160	32	1)
v(186	1	28	32	56	4)
v(186	2	23	124	46	3)
v(186	3	11	126	22	2)
v(186	4	25	34	50	4)
v(186	5	6	93	12	3)
v(187	1	2	159	4	2)
v(187	2	5	159	10	2)
v(187	3	26	125	52	2)
v(188	1	29	159	58	4)
v(188	2	22	27	44	4)
v(188	3	28	187	56	4)
v(188	4	26	163	52	4)
v(188	5	8	112	16	4)
v(189	1	19	93	38	0)
v(190	1	25	110	50	1)
v(190	2	2	105	4	1)
v(191	1	19	83	38	4)
v(191	2	4	60	8	4)
v(191	3	31	138	62	4)
v(191	4	4	53	8	4)
v(191	5	11	17	22	4)
v(192	1	14	49	28	2)
v(192	2	11	43	22	4)
v(192	3	26	85	52	3)
v(192	4	5	118	10	3)
v(192	5	26	176	52	4)
v(193	1	21	86	42	4)
v(193	2	4	28	8	4)
v(193	3	15	145	30	4)
v(193	4	11	152	22	4)
v(193	5	32	143	64	4)
v(194	1	31	140	62	2)
v(194	2	12	41	24	2)
v(194	3	22	86	44	2)
v(195	1	15	131	30	3)
v(195	2	30	60	60	3)
v(195	3	16	21	32	3)
v(195	4	1	2	2	3)
v(196	1	11	66	22	4)
v(196	2	18	64	36	4)
v(196	3	4	127	8	4)
v(196	4	23	51	46	4)
v(196	5	8	78	16	4)
v(197	1	30	127	60	3)
v(197	2	21	133	42	3)
v(197	3	19	129	38	3)
v(197	4	15	51	30	3)
v(198	1	18	177	36	3)
v(198	2	8	64	16	3)
v(198	3	8	82	16	3)
v(198	4	3	119	6	3)
v(199	1	20	124	40	1)
v(199	2	31	116	62	1)
v(200	1	27	173	54	3)
v(200	2	8	21	16	3)
v(200	3	30	137	60	3)
v(200	4	1	151	2	3)
v(201	1	19	65	38	4)
v(201	2	2	37	4	4)
v(201	3	4	7	8	4)
v(201	4	7	133	14	4)
v(201	5	9	137	18	4)
v(202	1	26	74	52	3)
v(202	2	14	37	28	4)
v(202	3	27	106	54	4)
v(202	4	25	161	50	4)
v(202	5	32	52	64	3)
v(203	1	6	87	12	3)
v(203	2	31	191	62	3)
v(203	3	11	46	22	4)
v(203	4	22	34	44	4)
v(203	5	4	12	8	4)
v(204	1	14	81	28	1)
v(204	2	31	177	62	1)
v(205	1	1	130	2	4)
v(205	2	1	126	2	4)
v(205	3	23	167	46	4)
v(205	4	2	75	4	4)
v(205	5	9	75	18	4)
v(206	1	6	13	12	0)
v(207	1	32	124	64	4)
v(207	2	1	15	2	4)
v(207	3	23	71	46	4)
v(207	4	22	48	44	4)
v(207	5	29	153	58	4)
v(208	1	16	126	32	2)
v(208	2	17	70	34	2)
v(208	3	14	66	28	2)
v(209	1	23	77	46	0)
v(210	1	27	130	54	4)
v(210	2	16	30	32	4)
v(210	3	14	88	28	4)
v(210	4	30	68	60	4)
v(210	5	31	106	62	4)
v(211	1	8	146	16	1)
v(211	2	13	138	26	1)
v(212	1	2	119	4	1)
v(212	2	9	51	18	1)
v(213	1	7	149	14	2)
v(213	2	25	182	50	3)
v(213	3	21	125	42	3)
v(213	4	28	51	56	2)
v(214	1	2	63	4	4)
v(214	2	3	157	6	3)
v(214	3	7	133	14	4)
v(214	4	27	159	54	3)
v(214	5	2	28	4	4)
v(215	1	24	155	48	2)
v(215	2	4	13	8	2)
v(215	3	1	68	2	2)
v(216	1	26	58	52	3)
v(216	2	28	77	56	3)
v(216	3	17	150	34	3)
v(216	4	5	114	10	3)
v(217	1	14	114	28	1)
v(217	2	15	148	30	1)
v(217	3	23	120	46	2)
v(218	1	18	177	36	0)
v(219	1	7	77	14	0)
v(220	1	26	180	52	0)
v(221	1	30	168	60	0)
v(222	1	12	116	24	2)
v(222	2	26	149	52	2)
v(222	3	32	153	64	2)
v(223	1	24	100	48	0)
v(224	1	32	63	64	3)
v(224	2	26	73	52	3)
v(224	3	17	62	34	4)
v(224	4	23	139	46	3)
v(224	5	13	77	26	3)
v(225	1	10	90	20	2)
v(225	2	24	157	48	2)
v(225	3	17	69	34	2)
v(226	1	15	87	30	0)
v(227	1	31	136	62	0)
v(228	1	1	125	2	2)
v(228	2	11	29	22	2)
v(228	3	16	59	32	2)
v(229	1	3	75	6	3)
v(229	2	23	173	46	3)
v(229	3	28	184	56	3)
v(229	4	23	91	46	3)
v(230	1	3	131	6	0)
v(231	1	29	126	58	2)
v(231	2	31	42	62	2)
v(231	3	15	20	30	2)
v(232	1	31	147	62	4)
v(232	2	15	90	30	4)
v(232	3	5	98	10	4)
v(232	4	8	39	16	4)
v(232	5	28	141	56	4)
v(233	1	22	177	44	3)
v(233	2	13	126	26	3)
v(233	3	1	63	2	3)
v(233	4	28	148	56	3)
v(234	1	5	111	10	1)
v(234	2	1	113	2	1)
v(235	1	8	54	16	0)
v(236	1	28	147	56	3)
v(236	2	22	25	44	4)
v(236	3	2	35	4	4)
v(236	4	15	104	30	3)
v(236	5	12	143	24	4)
v(237	1	1	111	2	3)
v(237	2	19	50	38	3)
v(237	3	20	21	40	3)
v(237	4	30	32	60	3)
v(238	1	5	98	10	2)
v(238	2	1	71	2	2)
v(238	3	1	29	2	2)
v(239	1	30	178	60	2)
v(239	2	13	165	26	2)
v(239	3	30	184	60	2)
v(240	1	17	34	34	4)
v(240	2	23	165	46	4)
v(240	3	9	45	18	4)
v(240	4	30	180	60	4)
v(240	5	11	123	22	4)
v(241	1	17	167	34	3)
v(241	2	26	97	52	3)
v(241	3	25	99	50	3)
v(241	4	5	135	10	3)
v(242	1	24	69	48	1)
v(242	2	26	51	52	1)
v(243	1	9	88	18	0)
v(244	1	21	158	42	0)
v(245	1	2	19	4	0)
v(246	1	18	51	36	1)
v(246	2	24	72	48	1)
v(247	1	27	126	54	3)
v(247	2	15	19	30	3)
v(247	3	9	122	18	3)
v(247	4	31	145	62	3)
v(248	1	20	129	40	2)
v(248	2	32	62	64	2)
v(248	3	13	116	26	2)
v(249	1	31	146	62	1)
v(249	2	21	171	42	1)
v(250	1	22	171	44	4)
v(250	2	24	29	48	4)
v(250	3	4	36	8	4)
v(250	4	5	77	10	4)
v(250	5	27	103	54	4)
v(251	1	17	76	34	1)
v(251	2	7	139	14	1)
v(251	3	25	72	50	2)
v(252	1	28	72	56	0)
v(253	1	16	71	32	3)
v(253	2	8	61	16	3)
v(253	3	12	114	24	3)
v(253	4	8	124	16	3)
v(254	1	16	110	32	1)
v(254	2	26	138	52	1)
v(255	1	7	87	14	3)
v(255	2	9	52	18	3)
v(255	3	11	170	22	4)
v(255	4	3	47	6	4)
v(255	5	31	141	62	4)
v(256	1	6	62	12	1)
v(256	2	6	92	12	1)
v(257	1	11	61	22	0)
v(258	1	7	92	14	0)
v(259	1	31	117	62	3)
v(259	2	12	51	24	3)
v(259	3	16	166	32	2)
v(259	4	5	103	10	2)
v(260	1	24	92	48	4)
v(260	2	2	149	4	4)
v(260	3	2	82	4	4)
v(260	4	10	158	20	4)
v(260	5	2	105	4	4)
v(261	1	14	134	28	0)
v(262	1	8	75	16	0)
v(263	1	2	100	4	3)
v(263	2	1	21	2	3)
v(263	3	2	138	4	3)
v(263	4	28	147	56	3)
v(264	1	21	170	42	4)
v(264	2	6	43	12	4)
v(264	3	5	80	10	4)
v(264	4	2	127	4	4)
v(264	5	13	97	26	4)
v(265	1	27	29	54	0)
v(266	1	11	169	22	1)
v(266	2	6	161	12	1)
v(267	1	16	105	32	0)
v(268	1	2	157	4	2)
v(268	2	27	133	54	2)
v(268	3	30	45	60	2)
v(269	1	20	59	40	2)
v(269	2	22	47	44	2)
v(269	3	2	75	4	2)
v(270	1	31	57	62	3)
v(270	2	6	84	12	4)
v(270	3	3	114	6	4)
v(270	4	9	121	18	3)
v(270	5	1	86	2	4)
v(271	1	24	89	48	1)
v(271	2	31	89	62	1)
v(272	1	11	94	22	1)
v(272	2	9	86	18	1)
v(273	1	13	169	26	1)
v(273	2	23	133	46	1)
v(274	1	24	26	48	4)
v(274	2	20	149	40	4)
v(274	3	32	68	64	4)
v(274	4	16	97	32	4)
v(274	5	32	145	64	4)
v(275	1	19	174	38	3)
v(275	2	15	33	30	3)
v(275	3	31	51	62	3)
v(275	4	19	161	38	3)
v(276	1	28	105	56	2)
v(276	2	21	66	42	2)
v(276	3	11	167	22	2)
v(277	1	19	163	38	0)
v(278	1	32	74	64	3)
v(278	2	5	159	10	4)
v(278	3	15	59	30	4)
v(278	4	29	159	58	3)
v(278	5	29	176	58	4)
v(279	1	18	177	36	0)
v(280	1	5	151	10	0)
v(281	1	16	92	32	1)
v(281	2	13	134	26	1)
v(282	1	9	147	18	1)
v(282	2	16	37	32	1)
v(283	1	18	30	36	1)
v(283	2	28	148	56	1)
v(284	1	25	97	50	4)
v(284	2	2	111	4	3)
v(284	3	23	115	46	4)
v(284	4	15	32	30	3)
v(284	5	12	128	24	4)
v(285	1	2	143	4	2)
v(285	2	29	97	58	3)
v(285	3	13	113	26	3)
v(285	4	5	160	10	2)
v(286	1	16	38	32	3)
v(286	2	14	101	28	2)
v(286	3	1	86	2	3)
v(286	4	12	129	24	2)
v(287	1	17	99	34	2)
v(287	2	20	109	40	2)
v(287	3	32	111	64	2)
v(288	1	22	70	44	3)
v(288	2	9	89	18	4)
v(288	3	13	159	26	4)
v(288	4	19	44	38	3)
v(288	5	1	66	2	4)
v(289	1	26	83	52	1)
v(289	2	31	158	62	1)
v(290	1	17	45	34	2)
v(290	2	15	145	30	2)
v(290	3	28	150	56	2)
v(291	1	5	24	10	3)
v(291	2	13	51	26	3)
v(291	3	18	125	36	3)
v(291	4	19	46	38	3)
v(291	5	29	59	58	4)
v(292	1	25	42	50	3)
v(292	2	27	115	54	3)
v(292	3	26	165	52	3)
v(292	4	13	51	26	3)
v(293	1	14	15	28	1)
v(293	2	30	93	60	1)
v(293	3	15	156	30	2)
v(294	1	2	83	4	3)
v(294	2	4	36	8	3)
v(294	3	25	98	50	3)
v(294	4	30	101	60	3)
v(295	1	28	171	56	0)
v(295	2	9	134	18	0)
v(296	1	27	48	54	2)
v(296	2	13	90	26	2)
v(296	3	10	91	20	2)
v(297	1	11	166	22	2)
v(297	2	31	118	62	2)
v(297	3	16	59	32	2)
v(298	1	15	150	30	4)
v(298	2	2	158	4	4)
v(298	3	16	152	32	4)
v(298	4	15	153	30	4)
v(298	5	2	55	4	4)
v(299	1	23	118	46	4)
v(299	2	23	92	46	3)
v(299	3	1	12	2	3)
v(299	4	19	129	38	2)
v(299	5	30	100	60	4)
v(300	1	1	35	2	3)
v(300	2	1	95	2	3)
v(300	3	1	73	2	3)
v(300	4	12	96	24	3)
v(301	1	5	17	10	4)
v(301	2	26	134	52	4)
v(301	3	2	16	4	4)
v(301	4	3	96	6	4)
v(301	5	4	94	8	4)
v(302	1	12	60	24	3)
v(302	2	28	30	56	3)
v(302	3	21	96	42	3)
v(302	4	3	44	6	3)
v(303	1	9	113	18	0)
v(304	1	1	4	2	1)
v(304	2	13	112	26	1)
v(305	1	19	41	38	0)
v(306	1	22	163	44	0)
v(307	1	5	19	10	3)
v(307	2	16	90	32	3)
v(307	3	4	37	8	3)
v(307	4	14	48	28	3)
v(308	1	8	32	16	3)
v(308	2	24	53	48	3)
v(308	3	26	100	52	3)
v(308	4	2	36	4	3)
v(309	1	31	72	62	0)
v(310	1	21	39	42	3)
v(310	2	16	80	32	3)
v(310	3	24	179	48	3)
v(310	4	4	35	8	3)
v(311	1	13	39	26	0)
v(312	1	16	125	32	1)
v(312	2	18	150	36	1)
v(313	1	10	58	20	2)
v(313	2	31	123	62	2)
v(313	3	1	63	2	2)
v(314	1	11	77	22	2)
v(314	2	21	175	42	2)
v(314	3	19	168	38	2)
v(315	1	9	153	18	3)
v(315	2	17	100	34	3)
v(315	3	4	132	8	3)
v(315	4	14	74	28	3)
v(316	1	6	103	12	1)
v(316	2	28	111	56	1)
v(317	1	9	157	18	2)
v(317	2	16	108	32	2)
v(317	3	6	25	12	2)
v(318	1	28	163	56	1)
v(318	2	22	103	44	1)
v(319	1	2	4	4	2)
v(319	2	19	123	38	3)
v(319	3	4	68	8	2)
v(319	4	15	55	30	3)
v(320	1	4	21	8	4)
v(320	2	15	152	30	3)
v(320	3	5	26	10	4)
v(320	4	3	66	6	2)
v(320	5	31	161	62	3)
v(321	1	22	44	44	3)
v(321	2	23	65	46	3)
v(321	3	24	112	48	3)
v(321	4	4	111	8	3)
v(322	1	27	154	54	4)
v(322	2	18	171	36	4)
v(322	3	17	119	34	4)
v(322	4	6	94	12	4)
v(322	5	28	148	56	4)
v(323	1	7	12	14	4)
v(323	2	14	51	28	3)
v(323	3	17	159	34	4)
v(323	4	21	172	42	4)
v(323	5	11	44	22	3)
v(324	1	5	22	10	3)
v(324	2	14	111	28	3)
v(324	3	2	67	4	3)
v(324	4	21	78	42	3)
v(325	1	29	188	58	3)
v(325	2	17	146	34	3)
v(325	3	26	61	52	3)
v(325	4	16	131	32	3)
v(326	1	10	131	20	3)
v(326	2	28	171	56	3)
v(326	3	20	57	40	3)
v(326	4	8	164	16	3)
v(327	1	15	123	30	1)
v(327	2	32	72	64	1)
v(328	1	19	169	38	4)
v(328	2	22	114	44	4)
v(328	3	15	109	30	4)
v(328	4	19	63	38	4)
v(328	5	25	45	50	4)
v(329	1	24	38	48	2)
v(329	2	21	95	42	2)
v(329	3	3	46	6	2)
v(330	1	5	112	10	2)
v(330	2	3	26	6	2)
v(330	3	28	99	56	2)
v(331	1	13	159	26	3)
v(331	2	4	147	8	3)
v(331	3	9	61	18	3)
v(331	4	29	50	58	3)
v(332	1	14	75	28	1)
v(332	2	6	113	12	1)
v(332	3	18	178	36	2)
v(333	1	3	101	6	1)
v(333	2	18	22	36	2)
v(333	3	1	34	2	1)
v(334	1	5	113	10	3)
v(334	2	17	143	34	3)
v(334	3	6	11	12	3)
v(334	4	13	96	26	3)
v(335	1	25	39	50	4)
v(335	2	8	124	16	4)
v(335	3	4	22	8	4)
v(335	4	19	50	38	4)
v(335	5	18	142	36	4)
v(336	1	21	100	42	0)
v(337	1	1	116	2	1)
v(337	2	27	162	54	1)
v(338	1	14	63	28	3)
v(338	2	16	45	32	3)
v(338	3	19	81	38	3)
v(338	4	3	57	6	3)
v(339	1	14	86	28	2)
v(339	2	22	46	44	2)
v(339	3	5	111	10	2)
v(340	1	10	11	20	1)
v(340	2	7	26	14	1)
v(341	1	25	82	50	2)
v(341	2	6	28	12	2)
v(341	3	8	134	16	2)
v(342	1	24	120	48	0)
v(343	1	25	64	50	4)
v(343	2	8	109	16	4)
v(343	3	9	49	18	4)
v(343	4	6	90	12	4)
v(343	5	22	152	44	4)
v(344	1	23	45	46	0)
v(345	1	5	68	10	0)
v(346	1	7	23	14	0)
v(347	1	27	98	54	1)
v(347	2	7	84	14	1)
v(348	1	13	28	26	0)
v(349	1	17	93	34	3)
v(349	2	32	156	64	3)
v(349	3	29	70	58	3)
v(349	4	29	189	58	3)
v(350	1	23	28	46	1)
v(350	2	23	139	46	1)
v(351	1	3	163	6	2)
v(351	2	8	108	16	3)
v(351	3	10	126	20	3)
v(351	4	17	156	34	2)
v(352	1	6	155	12	0)
v(353	1	4	137	8	3)
v(353	2	3	144	6	4)
v(353	3	13	92	26	4)
v(353	4	20	133	40	3)
v(353	5	31	44	62	4)
v(354	1	13	120	26	4)
v(354	2	17	85	34	4)
v(354	3	14	144	28	4)
v(354	4	15	151	30	4)
v(354	5	30	178	60	4)
v(355	1	2	62	4	0)
v(356	1	8	90	16	3)
v(356	2	22	42	44	3)
v(356	3	31	60	62	3)
v(356	4	17	72	34	3)
v(357	1	15	169	30	0)
v(358	1	26	43	52	0)
v(359	1	20	78	40	0)
v(360	1	5	128	10	2)
v(360	2	7	58	14	2)
v(360	3	20	63	40	2)
v(361	1	27	28	54	2)
v(361	2	14	95	28	2)
v(361	3	29	104	58	2)
v(362	1	11	110	22	4)
v(362	2	26	61	52	4)
v(362	3	27	42	54	4)
v(362	4	28	61	56	4)
v(362	5	29	125	58	4)
v(363	1	13	118	26	3)
v(363	2	8	43	16	3)
v(363	3	27	83	54	3)
v(363	4	26	119	52	3)
v(364	1	31	70	62	0)
v(365	1	28	158	56	4)
v(365	2	14	42	28	4)
v(365	3	9	135	18	4)
v(365	4	23	178	46	4)
v(365	5	8	76	16	4)
v(366	1	15	146	30	2)
v(366	2	22	27	44	2)
v(366	3	21	100	42	2)
v(367	1	15	104	30	0)
v(368	1	4	69	8	0)
v(369	1	22	174	44	3)
v(369	2	25	184	50	3)
v(369	3	6	80	12	3)
v(369	4	29	35	58	3)
v(370	1	15	133	30	1)
v(370	2	29	65	58	1)
v(371	1	7	137	14	2)
v(371	2	15	93	30	2)
v(371	3	29	76	58	2)
v(372	1	1	117	2	1)
v(372	2	16	143	32	1)
v(373	1	15	77	30	4)
v(373	2	32	85	64	3)
v(373	3	4	138	8	3)
v(373	4	24	162	48	4)
v(373	5	13	100	26	4)
v(374	1	24	99	48	3)
v(374	2	27	35	54	3)
v(374	3	28	101	56	3)
v(374	4	29	110	58	4)
v(374	5	4	128	8	3)
v(375	1	10	71	20	1)
v(375	2	2	89	4	1)
v(376	1	21	74	42	3)
v(376	2	31	175	62	3)
v(376	3	12	108	24	3)
v(376	4	11	135	22	3)
v(377	1	7	24	14	0)
v(378	1	12	16	24	3)
v(378	2	32	69	64	3)
v(378	3	1	153	2	3)
v(378	4	9	27	18	3)
v(379	1	17	30	34	3)
v(379	2	32	67	64	3)
v(379	3	12	94	24	3)
v(379	4	7	134	14	3)
v(380	1	3	27	6	1)
v(380	2	26	55	52	1)
v(381	1	3	146	6	4)
v(381	2	1	32	2	4)
v(381	3	16	157	32	4)
v(381	4	13	110	26	4)
v(381	5	29	138	58	4)
v(382	1	7	112	14	0)
v(383	1	13	144	26	1)
v(383	2	31	123	62	1)
v(383	3	23	70	46	2)
v(384	1	24	41	48	1)
v(384	2	31	74	62	1)
v(385	1	24	148	48	2)
v(385	2	21	134	42	2)
v(385	3	11	153	22	2)
v(386	1	29	152	58	3)
v(386	2	29	110	58	3)
v(386	3	5	157	10	3)
v(386	4	31	158	62	3)
v(387	1	20	173	40	0)
v(388	1	13	151	26	1)
v(388	2	25	152	50	1)
v(389	1	15	72	30	2)
v(389	2	21	57	42	2)
v(389	3	6	72	12	2)
v(390	1	12	21	24	3)
v(390	2	7	164	14	3)
v(390	3	16	67	32	3)
v(390	4	26	140	52	3)
v(391	1	32	132	64	2)
v(391	2	21	169	42	2)
v(391	3	29	48	58	2)
v(392	1	14	17	28	4)
v(392	2	23	118	46	4)
v(392	3	28	119	56	4)
v(392	4	21	99	42	3)
v(392	5	17	90	34	3)
v(393	1	32	112	64	1)
v(393	2	11	169	22	1)
v(394	1	3	100	6	0)
v(395	1	18	33	36	2)
v(395	2	15	110	30	3)
v(395	3	13	167	26	2)
v(395	4	19	28	38	3)
v(396	1	11	149	22	0)
v(397	1	12	93	24	0)
v(398	1	27	60	54	3)
v(398	2	17	27	34	3)
v(398	3	18	92	36	3)
v(398	4	5	142	10	3)
v(399	1	26	156	52	2)
v(399	2	11	139	22	2)
v(399	3	24	28	48	2)
v(400	1	23	58	46	2)
v(400	2	5	16	10	3)
v(400	3	3	78	6	2)
v(400	4	22	73	44	3)
v(401	1	30	179	60	1)
v(401	2	19	140	38	2)
v(401	3	30	160	60	1)
v(402	1	15	117	30	3)
v(402	2	27	67	54	3)
v(402	3	13	82	26	3)
v(402	4	4	66	8	3)
v(403	1	12	91	24	0)
v(404	1	31	119	62	2)
v(404	2	12	91	24	2)
v(404	3	16	96	32	2)
v(405	1	22	52	44	4)
v(405	2	7	14	14	4)
v(405	3	19	41	38	4)
v(405	4	1	105	2	4)
v(405	5	7	138	14	4)
v(406	1	12	26	24	2)
v(406	2	14	156	28	2)
v(406	3	17	51	34	2)
v(407	1	15	173	30	0)
v(408	1	5	87	10	0)
v(409	1	29	177	58	2)
v(409	2	31	49	62	2)
v(409	3	30	106	60	2)
v(410	1	26	27	52	0)
v(411	1	1	133	2	0)
v(412	1	6	110	12	0)
v(413	1	22	126	44	2)
v(413	2	15	136	30	2)
v(413	3	14	38	28	2)
v(414	1	21	157	42	2)
v(414	2	30	98	60	2)
v(414	3	23	91	46	2)
v(415	1	18	94	36	1)
v(415	2	26	74	52	1)
v(416	1	28	184	56	2)
v(416	2	15	66	30	2)
v(416	3	19	70	38	2)
v(417	1	19	154	38	2)
v(417	2	4	132	8	3)
v(417	3	9	70	18	3)
v(417	4	17	132	34	2)
v(418	1	14	91	28	2)
v(418	2	1	108	2	1)
v(418	3	19	129	38	1)
v(419	1	8	80	16	3)
v(419	2	14	61	28	3)
v(419	3	7	66	14	3)
v(419	4	32	40	64	3)
v(420	1	23	42	46	1)
v(420	2	21	128	42	1)
v(421	1	4	51	8	0)
v(422	1	13	164	26	0)
v(423	1	28	148	56	4)
v(423	2	3	131	6	3)
v(423	3	21	58	42	4)
v(423	4	21	83	42	3)
v(423	5	15	38	30	4)
v(424	1	13	15	26	4)
v(424	2	1	52	2	4)
v(424	3	9	55	18	4)
v(424	4	2	39	4	4)
v(424	5	32	109	64	4)
v(425	1	30	102	60	3)
v(425	2	1	146	2	3)
v(425	3	13	128	26	3)
v(425	4	22	128	44	3)
v(426	1	18	127	36	3)
v(426	2	27	123	54	3)
v(426	3	14	150	28	3)
v(426	4	21	25	42	3)
v(427	1	28	169	56	0)
v(428	1	22	112	44	2)
v(428	2	30	175	60	2)
v(428	3	4	52	8	2)
v(429	1	23	99	46	4)
v(429	2	2	136	4	4)
v(429	3	28	59	56	4)
v(429	4	1	46	2	4)
v(429	5	30	57	60	4)
v(430	1	10	20	20	3)
v(430	2	7	62	14	3)
v(430	3	4	11	8	2)
v(430	4	10	109	20	2)
v(431	1	9	74	18	2)
v(431	2	9	44	18	2)
v(431	3	20	132	40	2)
v(432	1	19	173	38	1)
v(432	2	5	78	10	1)
v(433	1	28	53	56	2)
v(433	2	21	123	42	2)
v(433	3	18	48	36	2)
v(434	1	5	120	10	0)
v(435	1	18	119	36	0)
v(436	1	3	159	6	0)
v(437	1	7	75	14	4)
v(437	2	31	133	62	4)
v(437	3	6	92	12	4)
v(437	4	23	169	46	4)
v(437	5	4	46	8	4)
v(438	1	18	173	36	4)
v(438	2	29	84	58	4)
v(438	3	24	118	48	3)
v(438	4	5	106	10	4)
v(438	5	8	153	16	3)
v(439	1	28	179	56	3)
v(439	2	19	64	38	3)
v(439	3	22	100	44	3)
v(439	4	28	124	56	3)
v(440	1	32	77	64	0)
v(441	1	11	78	22	4)
v(441	2	11	37	22	3)
v(441	3	24	152	48	3)
v(441	4	6	35	12	4)
v(441	5	15	140	30	4)
v(442	1	17	109	34	0)
v(443	1	22	112	44	3)
v(443	2	8	24	16	3)
v(443	3	28	84	56	2)
v(443	4	21	54	42	2)
v(444	1	21	70	42	2)
v(444	2	14	42	28	2)
v(444	3	27	115	54	2)
v(445	1	4	8	8	0)
v(446	1	31	136	62	2)
v(446	2	24	142	48	2)
v(446	3	18	90	36	2)
v(447	1	31	106	62	3)
v(447	2	29	151	58	3)
v(447	3	12	40	24	3)
v(447	4	23	137	46	3)
v(448	1	7	14	14	0)
v(449	1	18	134	36	2)
v(449	2	32	82	64	2)
v(449	3	10	102	20	2)
v(450	1	24	102	48	4)
v(450	2	29	38	58	4)
v(450	3	20	76	40	4)
v(450	4	24	27	48	4)
v(450	5	27	38	54	4)
v(451	1	8	141	16	1)
v(451	2	28	96	56	1)
v(452	1	25	95	50	0)
v(453	1	32	141	64	4)
v(453	2	10	154	20	4)
v(453	3	9	57	18	4)
v(453	4	26	157	52	4)
v(453	5	17	47	34	4)
v(454	1	28	33	56	2)
v(454	2	10	79	20	2)
v(454	3	24	82	48	2)
v(455	1	29	87	58	3)
v(455	2	17	27	34	4)
v(455	3	21	46	42	4)
v(455	4	16	167	32	3)
v(455	5	30	77	60	4)
v(456	1	11	132	22	4)
v(456	2	13	116	26	3)
v(456	3	21	32	42	2)
v(456	4	10	130	20	4)
v(456	5	24	176	48	3)
v(457	1	14	61	28	3)
v(457	2	6	140	12	3)
v(457	3	25	63	50	3)
v(457	4	5	96	10	3)
v(458	1	3	43	6	1)
v(458	2	22	43	44	1)
v(459	1	32	175	64	4)
v(459	2	25	34	50	4)
v(459	3	28	49	56	4)
v(459	4	27	155	54	4)
v(459	5	24	146	48	4)
v(460	1	1	122	2	4)
v(460	2	24	63	48	4)
v(460	3	27	133	54	4)
v(460	4	26	109	52	4)
v(460	5	6	162	12	4)
v(461	1	29	130	58	0)
v(462	1	18	101	36	2)
v(462	2	31	115	62	2)
v(462	3	2	12	4	2)
v(463	1	20	124	40	2)
v(463	2	2	70	4	2)
v(463	3	1	37	2	2)
v(464	1	12	125	24	4)
v(464	2	2	39	4	4)
v(464	3	10	25	20	3)
v(464	4	27	83	54	3)
v(464	5	27	39	54	4)
v(465	1	5	87	10	3)
v(465	2	18	89	36	3)
v(465	3	15	44	30	2)
v(465	4	4	99	8	2)
v(466	1	32	159	64	2)
v(466	2	9	79	18	2)
v(466	3	31	73	62	2)
v(467	1	6	124	12	1)
v(467	2	4	10	8	1)
v(467	3	7	60	14	2)
v(468	1	4	152	8	2)
v(468	2	18	138	36	2)
v(468	3	6	11	12	2)
v(469	1	29	178	58	1)
v(469	2	5	120	10	1)
v(470	1	13	106	26	1)
v(470	2	4	65	8	1)
v(470	3	7	90	14	2)
v(471	1	25	151	50	4)
v(471	2	28	51	56	4)
v(471	3	20	123	40	4)
v(471	4	19	52	38	4)
v(471	5	9	55	18	4)
v(472	1	32	177	64	0)
v(473	1	22	48	44	4)
v(473	2	28	135	56	4)
v(473	3	20	34	40	4)
v(473	4	27	44	54	4)
v(473	5	28	117	56	4)
v(474	1	7	11	14	2)
v(474	2	25	84	50	3)
v(474	3	13	47	26	2)
v(474	4	18	52	36	3)
v(475	1	21	127	42	1)
v(475	2	4	96	8	3)
v(475	3	20	177	40	1)
v(475	4	32	37	64	1)
v(476	1	17	88	34	3)
v(476	2	3	14	6	3)
v(476	3	20	129	40	3)
v(476	4	13	90	26	3)
v(477	1	27	184	54	2)
v(477	2	8	158	16	3)
v(477	3	13	127	26	2)
v(477	4	3	126	6	3)
v(478	1	8	139	16	1)
v(478	2	29	84	58	1)
v(479	1	10	66	20	0)
v(480	1	9	67	18	1)
v(480	2	3	69	6	1)
v(481	1	31	95	62	3)
v(481	2	19	103	38	3)
v(481	3	24	96	48	3)
v(481	4	8	15	16	3)
v(482	1	17	64	34	0)
v(483	1	24	130	48	1)
v(483	2	30	181	60	1)
v(484	1	17	18	34	1)
v(484	2	26	124	52	1)
v(485	1	29	96	58	0)
v(486	1	19	171	38	2)
v(486	2	32	134	64	2)
v(486	3	31	68	62	2)
v(487	1	14	121	28	1)
v(487	2	9	74	18	1)
v(488	1	7	131	14	3)
v(488	2	2	104	4	3)
v(488	3	11	115	22	3)
v(488	4	29	139	58	3)
v(489	1	20	151	40	2)
v(489	2	10	96	20	2)
v(489	3	24	84	48	2)
v(490	1	27	130	54	2)
v(490	2	28	55	56	2)
v(490	3	8	109	16	2)
v(491	1	20	83	40	1)
v(491	2	25	119	50	1)
v(492	1	12	70	24	1)
v(492	2	13	132	26	1)
v(493	1	2	133	4	4)
v(493	2	3	121	6	3)
v(493	3	11	59	22	3)
v(493	4	2	15	4	4)
v(493	5	12	13	24	4)
v(494	1	3	39	6	2)
v(494	2	11	42	22	3)
v(494	3	6	17	12	2)
v(494	4	4	112	8	3)
v(495	1	30	166	60	4)
v(495	2	10	128	20	4)
v(495	3	1	140	2	4)
v(495	4	12	85	24	4)
v(495	5	30	102	60	4)
v(496	1	21	27	42	4)
v(496	2	25	108	50	4)
v(496	3	31	70	62	4)
v(496	4	32	61	64	4)
v(496	5	11	115	22	4)
v(497	1	1	73	2	3)
v(497	2	7	72	14	3)
v(497	3	13	65	26	3)
v(497	4	8	146	16	3)
v(498	1	10	151	20	0)
v(499	1	24	62	48	4)
v(499	2	26	89	52	4)
v(499	3	13	123	26	4)
v(499	4	6	25	12	4)
v(499	5	12	124	24	4)
v(500	1	29	60	58	2)
v(500	2	32	86	64	2)
v(500	3	28	82	56	2)
v(501	1	21	97	42	0)
v(502	1	17	96	34	3)
v(502	2	23	83	46	3)
v(502	3	23	175	46	3)
v(502	4	16	46	32	3)
v(503	1	19	42	38	3)
v(503	2	23	118	46	3)
v(503	3	11	71	22	3)
v(503	4	14	156	28	3)
v(504	1	5	92	10	4)
v(504	2	18	65	36	4)
v(504	3	28	59	56	4)
v(504	4	18	112	36	4)
v(504	5	28	187	56	4)
v(505	1	26	123	52	1)
v(505	2	27	149	54	1)
v(506	1	2	97	4	3)
v(506	2	9	80	18	3)
v(506	3	16	124	32	3)
v(506	4	15	27	30	3)
v(507	1	24	148	48	0)
v(508	1	22	54	44	4)
v(508	2	31	32	62	4)
v(508	3	10	93	20	4)
v(508	4	5	94	10	4)
v(508	5	24	116	48	4)
v(509	1	19	119	38	3)
v(509	2	4	54	8	4)
v(509	3	22	152	44	3)
v(509	4	16	30	32	4)
v(509	5	20	84	40	4)
v(510	1	23	49	46	0)
v(511	1	31	141	62	2)
v(511	2	26	55	52	2)
v(511	3	10	99	20	2)
v(512	1	11	154	22	2)
v(512	2	27	37	54	2)
v(512	3	5	99	10	2)
v(513	1	24	133	48	0)
v(513	2	17	166	34	0)
v(514	1	15	47	30	3)
v(514	2	24	130	48	3)
v(514	3	19	26	38	2)
v(514	4	27	129	54	2)
v(515	1	20	87	40	2)
v(515	2	20	48	40	2)
v(515	3	3	31	6	2)
v(516	1	22	155	44	4)
v(516	2	12	44	24	4)
v(516	3	27	159	54	4)
v(516	4	3	144	6	3)
v(516	5	11	102	22	3)
v(517	1	3	114	6	3)
v(517	2	12	164	24	3)
v(517	3	27	87	54	3)
v(517	4	25	124	50	3)
v(518	1	6	128	12	3)
v(518	2	15	80	30	3)
v(518	3	5	14	10	3)
v(518	4	22	129	44	3)
v(519	1	7	97	14	0)
v(520	1	4	131	8	2)
v(520	2	24	160	48	2)
v(520	3	8	45	16	2)
v(521	1	25	168	50	2)
v(521	2	25	77	50	2)
v(521	3	1	108	2	2)
v(522	1	24	91	48	2)
v(522	2	3	15	6	2)
v(522	3	27	49	54	2)
v(523	1	31	63	62	4)
v(523	2	19	72	38	4)
v(523	3	12	117	24	4)
v(523	4	14	128	28	4)
v(523	5	20	57	40	4)
v(524	1	14	103	28	0)
v(525	1	30	92	60	4)
v(525	2	24	94	48	4)
v(525	3	10	43	20	4)
v(525	4	17	172	34	4)
v(525	5	9	107	18	4)
v(526	1	25	64	50	4)
v(526	2	8	108	16	4)
v(526	3	32	78	64	4)
v(526	4	4	5	8	4)
v(526	5	23	69	46	4)
v(527	1	24	40	48	4)
v(527	2	21	134	42	3)
v(527	3	11	31	22	3)
v(527	4	30	179	60	4)
v(527	5	11	167	22	4)
v(528	1	12	71	24	4)
v(528	2	26	148	52	4)
v(528	3	15	125	30	4)
v(528	4	22	171	44	4)
v(528	5	29	58	58	4)
v(529	1	17	160	34	0)
v(530	1	8	89	16	2)
v(530	2	7	65	14	2)
v(530	3	12	67	24	2)
v(531	1	13	53	26	2)
v(531	2	5	59	10	1)
v(531	3	10	60	20	1)
v(532	1	15	101	30	2)
v(532	2	12	105	24	2)
v(532	3	22	97	44	2)
v(533	1	3	126	6	2)
v(533	2	16	123	32	2)
v(533	3	1	44	2	2)
v(534	1	17	43	34	3)
v(534	2	11	47	22	3)
v(534	3	27	36	54	3)
v(534	4	30	109	60	3)
v(535	1	23	74	46	1)
v(535	2	3	131	6	2)
v(535	3	9	11	18	3)
v(535	4	1	60	2	2)
v(536	1	8	33	16	2)
v(536	2	32	135	64	2)
v(536	3	9	168	18	2)
v(537	1	6	38	12	4)
v(537	2	32	111	64	4)
v(537	3	32	64	64	4)
v(537	4	19	96	38	4)
v(537	5	32	74	64	4)
v(538	1	19	91	38	0)
v(539	1	31	40	62	1)
v(539	2	28	65	56	1)
v(540	1	2	39	4	1)
v(540	2	6	141	12	1)
v(541	1	18	65	36	0)
v(542	1	26	116	52	1)
v(542	2	26	103	52	1)
v(543	1	16	75	32	2)
v(543	2	7	97	14	2)
v(543	3	21	128	42	2)
v(544	1	13	16	26	2)
v(544	2	15	126	30	2)
v(544	3	12	147	24	2)
v(545	1	10	159	20	1)
v(545	2	24	169	48	1)
v(546	1	16	49	32	3)
v(546	2	19	54	38	3)
v(546	3	20	90	40	3)
v(546	4	15	166	30	3)
v(547	1	3	85	6	0)
v(548	1	32	115	64	2)
v(548	2	17	46	34	2)
v(548	3	18	80	36	2)
v(549	1	16	163	32	2)
v(549	2	13	115	26	2)
v(549	3	24	46	48	2)
v(550	1	12	53	24	3)
v(550	2	19	46	38	3)
v(550	3	22	63	44	3)
v(550	4	20	97	40	3)
v(551	1	4	114	8	4)
v(551	2	10	127	20	4)
v(551	3	4	28	8	4)
v(551	4	16	18	32	4)
v(551	5	5	88	10	4)
v(552	1	23	99	46	2)
v(552	2	30	125	60	3)
v(552	3	2	125	4	3)
v(552	4	25	26	50	2)
v(553	1	17	87	34	4)
v(553	2	9	69	18	4)
v(553	3	19	72	38	4)
v(553	4	18	141	36	4)
v(553	5	16	167	32	4)
v(554	1	3	70	6	3)
v(554	2	24	178	48	3)
v(554	3	4	159	8	3)
v(554	4	28	72	56	3)
v(555	1	1	19	2	0)
v(556	1	5	135	10	0)
v(557	1	15	76	30	3)
v(557	2	27	161	54	3)
v(557	3	2	90	4	3)
v(557	4	19	67	38	3)
v(558	1	10	160	20	2)
v(558	2	10	15	20	2)
v(558	3	24	152	48	2)
v(559	1	14	57	28	0)
v(560	1	3	30	6	2)
v(560	2	26	121	52	1)
v(560	3	28	178	56	1)
v(561	1	29	71	58	0)
v(562	1	12	117	24	0)
v(563	1	12	44	24	3)
v(563	2	16	142	32	3)
v(563	3	4	127	8	3)
v(563	4	5	82	10	3)
v(564	1	30	97	60	0)
v(565	1	10	32	20	2)
v(565	2	16	126	32	2)
v(565	3	29	103	58	2)
v(566	1	32	119	64	1)
v(566	2	17	149	34	1)
v(567	1	2	30	4	2)
v(567	2	29	31	58	2)
v(567	3	22	63	44	2)
v(568	1	29	97	58	3)
v(568	2	3	152	6	3)
v(568	3	30	182	60	3)
v(568	4	26	180	52	3)
v(569	1	9	128	18	0)
v(570	1	19	179	38	4)
v(570	2	26	150	52	4)
v(570	3	25	143	50	4)
v(570	4	10	13	20	4)
v(570	5	6	135	12	4)
v(571	1	21	52	42	4)
v(571	2	4	89	8	4)
v(571	3	26	181	52	4)
v(571	4	4	99	8	3)
v(571	5	3	108	6	3)
v(572	1	18	156	36	0)
v(573	1	16	93	32	1)
v(573	2	10	141	20	1)
v(574	1	2	117	4	2)
v(574	2	30	81	60	2)
v(574	3	15	120	30	2)
v(575	1	24	95	48	2)
v(575	2	31	158	62	3)
v(575	3	10	80	20	2)
v(575	4	23	30	46	1)
v(576	1	32	37	64	1)
v(576	2	14	118	28	1)
v(577	1	18	26	36	4)
v(577	2	22	106	44	4)
v(577	3	20	79	40	4)
v(577	4	8	20	16	4)
v(577	5	31	62	62	4)
v(578	1	13	118	26	0)
v(579	1	3	144	6	0)
v(580	1	12	112	24	3)
v(580	2	11	145	22	3)
v(580	3	13	132	26	3)
v(580	4	1	108	2	3)
v(581	1	17	74	34	2)
v(581	2	32	163	64	2)
v(581	3	32	99	64	2)
v(582	1	28	163	56	2)
v(582	2	29	149	58	2)
v(582	3	29	67	58	2)
v(583	1	22	109	44	4)
v(583	2	4	85	8	4)
v(583	3	11	43	22	4)
v(583	4	21	162	42	4)
v(583	5	22	96	44	4)
v(584	1	4	60	8	0)
v(585	1	16	106	32	1)
v(585	2	29	168	58	1)
v(586	1	18	69	36	0)
v(587	1	23	64	46	4)
v(587	2	21	138	42	4)
v(587	3	31	59	62	4)
v(587	4	14	77	28	4)
v(587	5	10	134	20	4)
v(588	1	23	24	46	0)
v(589	1	17	148	34	2)
v(589	2	15	44	30	2)
v(589	3	31	152	62	2)
v(590	1	1	142	2	4)
v(590	2	12	153	24	4)
v(590	3	23	145	46	4)
v(590	4	17	103	34	4)
v(590	5	4	84	8	4)
v(591	1	3	11	6	4)
v(591	2	2	73	4	4)
v(591	3	2	38	4	4)
v(591	4	15	37	30	4)
v(591	5	18	144	36	4)
v(592	1	18	54	36	0)
v(593	1	32	169	64	0)
v(594	1	10	24	20	3)
v(594	2	12	115	24	3)
v(594	3	7	64	14	3)
v(594	4	22	129	44	3)
v(595	1	11	96	22	1)
v(595	2	11	143	22	1)
v(596	1	14	105	28	4)
v(596	2	12	130	24	4)
v(596	3	17	114	34	4)
v(596	4	27	73	54	4)
v(596	5	1	98	2	4)
v(597	1	30	44	60	4)
v(597	2	2	80	4	4)
v(597	3	9	137	18	4)
v(597	4	14	37	28	3)
v(597	5	30	154	60	3)
v(598	1	11	119	22	1)
v(598	2	13	56	26	1)
v(598	3	16	19	32	2)
v(599	1	19	171	38	4)
v(599	2	18	97	36	4)
v(599	3	18	125	36	4)
v(599	4	13	104	26	4)
v(599	5	31	179	62	4)
v(600	1	27	183	54	0)
v(601	1	32	94	64	3)
v(601	2	14	167	28	4)
v(601	3	1	54	2	3)
v(601	4	32	37	64	3)
v(601	5	8	87	16	3)
v(602	1	5	147	10	2)
v(602	2	24	99	48	2)
v(602	3	6	103	12	2)
v(603	1	23	34	46	3)
v(603	2	1	65	2	3)
v(603	3	7	88	14	3)
v(603	4	16	147	32	3)
v(604	1	28	56	56	1)
v(604	2	17	143	34	1)
v(605	1	29	151	58	4)
v(605	2	4	129	8	4)
v(605	3	2	151	4	4)
v(605	4	15	133	30	4)
v(605	5	31	183	62	4)
v(606	1	26	40	52	1)
v(606	2	13	96	26	1)
v(607	1	23	129	46	3)
v(607	2	17	62	34	3)
v(607	3	18	171	36	3)
v(607	4	3	103	6	3)
v(608	1	18	90	36	3)
v(608	2	25	119	50	3)
v(608	3	21	175	42	3)
v(608	4	4	94	8	3)
v(609	1	7	135	14	0)
v(610	1	17	104	34	4)
v(610	2	6	16	12	3)
v(610	3	1	30	2	3)
v(610	4	24	170	48	4)
v(610	5	12	139	24	4)
v(611	1	28	181	56	0)
v(612	1	11	156	22	4)
v(612	2	26	70	52	4)
v(612	3	14	103	28	4)
v(612	4	20	178	40	4)
v(612	5	21	105	42	4)
v(613	1	12	45	24	2)
v(613	2	21	159	42	2)
v(613	3	2	80	4	2)
v(614	1	23	169	46	4)
v(614	2	22	133	44	4)
v(614	3	5	79	10	4)
v(614	4	13	70	26	4)
v(614	5	23	157	46	4)
v(615	1	1	146	2	3)
v(615	2	14	74	28	3)
v(615	3	23	125	46	3)
v(615	4	6	122	12	3)
v(616	1	31	77	62	0)
v(617	1	7	66	14	2)
v(617	2	13	163	26	3)
v(617	3	30	38	60	3)
v(617	4	19	25	38	2)
v(618	1	8	119	16	1)
v(618	2	10	103	20	1)
v(619	1	29	168	58	3)
v(619	2	18	63	36	3)
v(619	3	12	157	24	3)
v(619	4	4	120	8	3)
v(620	1	21	77	42	3)
v(620	2	29	156	58	3)
v(620	3	29	94	58	3)
v(620	4	22	159	44	3)
v(621	1	25	90	50	0)
v(622	1	7	25	14	4)
v(622	2	2	44	4	4)
v(622	3	27	111	54	4)
v(622	4	11	157	22	4)
v(622	5	24	33	48	4)
v(623	1	25	54	50	3)
v(623	2	30	41	60	4)
v(623	3	31	103	62	3)
v(623	4	25	114	50	4)
v(623	5	11	120	22	4)
v(624	1	1	48	2	0)
v(625	1	24	85	48	1)
v(625	2	1	126	2	1)
v(626	1	19	26	38	1)
v(626	2	12	36	24	1)
v(627	1	30	144	60	1)
v(627	2	25	54	50	1)
v(628	1	2	143	4	0)
v(628	2	19	151	38	0)
v(629	1	16	91	32	3)
v(629	2	2	38	4	3)
v(629	3	24	124	48	3)
v(629	4	8	29	16	3)
v(630	1	3	144	6	4)
v(630	2	22	37	44	4)
v(630	3	22	119	44	4)
v(630	4	11	75	22	4)
v(630	5	6	11	12	4)
v(631	1	17	106	34	4)
v(631	2	2	70	4	3)
v(631	3	29	123	58	4)
v(631	4	5	55	10	4)
v(631	5	21	124	42	3)
v(632	1	13	42	26	1)
v(632	2	11	164	22	3)
v(632	3	31	119	62	2)
v(632	4	17	116	34	2)
v(633	1	12	157	24	2)
v(633	2	11	120	22	2)
v(633	3	7	162	14	2)
v(634	1	20	157	40	1)
v(634	2	13	160	26	1)
v(634	3	16	117	32	0)
v(635	1	27	129	54	0)
v(636	1	9	31	18	3)
v(636	2	22	112	44	3)
v(636	3	28	103	56	3)
v(636	4	23	110	46	3)
v(637	1	14	68	28	2)
v(637	2	15	23	30	2)
v(637	3	16	164	32	2)
v(638	1	31	67	62	2)
v(638	2	18	178	36	2)
v(638	3	27	66	54	2)
v(639	1	7	13	14	2)
v(639	2	2	76	4	3)
v(639	3	22	111	44	2)
v(639	4	32	35	64	3)
v(640	1	27	84	54	3)
v(640	2	9	64	18	3)
v(640	3	12	83	24	3)
v(640	4	24	178	48	3)
v(641	1	26	47	52	1)
v(641	2	5	130	10	1)
v(642	1	14	161	28	3)
v(642	2	23	149	46	3)
v(642	3	9	83	18	3)
v(642	4	31	123	62	3)
v(643	1	30	174	60	0)
v(644	1	10	63	20	0)
v(645	1	8	165	16	0)
v(645	2	14	155	28	0)
v(646	1	1	106	2	3)
v(646	2	18	35	36	4)
v(646	3	7	108	14	3)
v(646	4	27	36	54	4)
v(646	5	4	11	8	2)
v(647	1	14	129	28	3)
v(647	2	11	110	22	4)
v(647	3	13	34	26	4)
v(647	4	25	123	50	4)
v(647	5	22	144	44	3)
v(648	1	15	32	30	1)
v(648	2	2	95	4	1)
v(649	1	8	34	16	3)
v(649	2	17	67	34	3)
v(649	3	18	79	36	3)
v(649	4	16	147	32	3)
v(650	1	1	160	2	1)
v(650	2	26	77	52	1)
v(651	1	26	89	52	3)
v(651	2	24	27	48	2)
v(651	3	21	27	42	2)
v(651	4	29	177	58	3)
v(652	1	10	129	20	0)
v(653	1	1	111	2	0)
v(654	1	15	75	30	0)
v(655	1	27	137	54	0)
v(656	1	9	84	18	3)
v(656	2	7	90	14	3)
v(656	3	31	88	62	3)
v(656	4	27	123	54	3)
v(657	1	14	44	28	0)
v(658	1	6	16	12	1)
v(658	2	18	85	36	1)
v(658	3	32	164	64	2)
v(659	1	31	52	62	1)
v(659	2	16	155	32	1)
v(660	1	1	151	2	4)
v(660	2	8	104	16	3)
v(660	3	2	151	4	3)
v(660	4	27	106	54	4)
v(660	5	2	52	4	4)
v(661	1	19	134	38	1)
v(661	2	27	62	54	1)
v(662	1	30	60	60	1)
v(662	2	21	34	42	1)
v(663	1	27	118	54	4)
v(663	2	2	39	4	4)
v(663	3	5	53	10	4)
v(663	4	19	141	38	4)
v(663	5	19	52	38	4)
v(664	1	32	176	64	3)
v(664	2	9	152	18	3)
v(664	3	1	21	2	3)
v(664	4	13	131	26	3)
v(665	1	17	35	34	1)
v(665	2	9	50	18	1)
v(666	1	12	114	24	3)
v(666	2	16	101	32	3)
v(666	3	11	129	22	3)
v(666	4	18	31	36	3)
v(667	1	18	46	36	4)
v(667	2	8	163	16	3)
v(667	3	12	146	24	4)
v(667	4	10	169	20	3)
v(667	5	28	101	56	4)
v(668	1	18	76	36	2)
v(668	2	28	54	56	1)
v(668	3	16	117	32	1)
v(669	1	27	167	54	2)
v(669	2	20	170	40	2)
v(669	3	14	137	28	2)
v(670	1	10	12	20	3)
v(670	2	20	117	40	3)
v(670	3	6	141	12	3)
v(670	4	11	74	22	3)
v(671	1	1	82	2	3)
v(671	2	5	29	10	4)
v(671	3	31	91	62	3)
v(671	4	3	86	6	4)
v(671	5	18	23	36	4)
v(672	1	22	138	44	3)
v(672	2	26	158	52	3)
v(672	3	27	97	54	3)
v(672	4	27	78	54	3)
v(673	1	14	153	28	2)
v(673	2	9	117	18	2)
v(673	3	6	81	12	2)
v(674	1	19	136	38	3)
v(674	2	24	63	48	3)
v(674	3	14	160	28	3)
v(674	4	31	155	62	3)
v(675	1	19	59	38	4)
v(675	2	9	47	18	4)
v(675	3	2	58	4	4)
v(675	4	11	27	22	3)
v(675	5	4	38	8	3)
v(676	1	20	79	40	0)
v(677	1	7	18	14	2)
v(677	2	23	75	46	3)
v(677	3	28	98	56	2)
v(677	4	5	145	10	1)
v(678	1	10	23	20	4)
v(678	2	28	157	56	4)
v(678	3	25	59	50	4)
v(678	4	26	109	52	4)
v(678	5	11	50	22	4)
v(679	1	24	66	48	2)
v(679	2	8	152	16	2)
v(679	3	24	31	48	3)
v(679	4	9	159	18	3)
v(680	1	23	25	46	1)
v(680	2	16	111	32	1)
v(680	3	1	9	2	2)
v(681	1	25	101	50	0)
v(682	1	13	100	26	2)
v(682	2	30	175	60	2)
v(682	3	18	162	36	2)
v(683	1	12	115	24	3)
v(683	2	15	125	30	3)
v(683	3	27	106	54	2)
v(683	4	4	139	8	4)
v(683	5	9	97	18	4)
v(684	1	8	124	16	4)
v(684	2	21	42	42	4)
v(684	3	22	85	44	4)
v(684	4	20	29	40	4)
v(684	5	23	157	46	4)
v(685	1	6	30	12	3)
v(685	2	13	111	26	2)
v(685	3	7	112	14	3)
v(685	4	26	120	52	2)
v(686	1	29	161	58	3)
v(686	2	16	74	32	2)
v(686	3	16	161	32	3)
v(686	4	17	79	34	2)
v(687	1	20	98	40	2)
v(687	2	23	120	46	2)
v(687	3	7	113	14	2)
v(688	1	10	57	20	1)
v(688	2	17	139	34	1)
v(689	1	30	35	60	3)
v(689	2	32	99	64	3)
v(689	3	6	39	12	3)
v(689	4	18	21	36	3)
v(690	1	15	91	30	0)
v(691	1	10	111	20	0)
v(692	1	18	132	36	3)
v(692	2	31	185	62	4)
v(692	3	1	86	2	4)
v(692	4	6	18	12	4)
v(692	5	21	89	42	3)
v(693	1	18	64	36	0)
v(694	1	8	105	16	4)
v(694	2	23	30	46	4)
v(694	3	17	158	34	4)
v(694	4	5	54	10	4)
v(694	5	5	153	10	4)
v(695	1	28	157	56	2)
v(695	2	15	56	30	2)
v(695	3	29	92	58	2)
v(696	1	5	71	10	0)
v(697	1	30	86	60	2)
v(697	2	25	50	50	2)
v(697	3	27	157	54	2)
v(698	1	14	131	28	3)
v(698	2	4	58	8	3)
v(698	3	32	164	64	3)
v(698	4	19	124	38	3)
v(699	1	16	120	32	1)
v(699	2	9	46	18	1)
v(700	1	1	39	2	0)
e(1	1	3	60)
e(1	2	3	140)
e(1	1	4	160)
e(1	2	4	110)
e(1	3	4	100)
e(1	1	5	100)
e(1	2	5	110)
e(1	3	5	20)
e(1	4	5	150)
e(2	1	2	70)
e(4	1	2	10)
e(4	1	3	40)
e(4	2	3	150)
e(6	1	2	40)
e(6	1	3	120)
e(6	2	3	100)
e(6	2	4	50)
e(6	3	4	100)
e(7	1	2	40)
e(7	1	3	50)
e(7	2	3	50)
e(7	1	4	90)
e(7	2	4	80)
e(7	3	4	100)
e(7	1	5	110)
e(7	2	5	100)
e(7	3	5	70)
e(7	4	5	100)
e(8	1	2	120)
e(8	2	3	20)
e(9	1	2	120)
e(12	1	2	120)
e(12	1	3	80)
e(12	1	4	150)
e(12	2	4	120)
e(13	1	2	140)
e(15	1	2	120)
e(15	1	3	110)
e(15	2	3	120)
e(15	1	4	50)
e(15	2	4	110)
e(15	3	4	40)
e(16	1	2	30)
e(17	1	2	160)
e(19	1	3	140)
e(19	2	3	80)
e(19	1	4	110)
e(19	2	4	60)
e(20	1	2	20)
e(21	1	2	80)
e(21	1	3	50)
e(21	1	4	10)
e(21	2	4	60)
e(21	3	4	160)
e(21	1	5	40)
e(21	2	5	10)
e(21	3	5	10)
e(21	4	5	40)
e(22	1	2	70)
e(23	1	2	150)
e(25	1	2	50)
e(26	1	2	70)
e(26	1	3	30)
e(26	2	3	130)
e(27	1	2	40)
e(27	1	3	60)
e(27	2	3	50)
e(27	1	4	100)
e(27	2	4	140)
e(27	3	4	100)
e(27	1	5	70)
e(27	2	5	50)
e(27	3	5	150)
e(27	4	5	90)
e(28	1	2	80)
e(28	1	3	10)
e(28	2	3	50)
e(29	1	2	20)
e(29	1	3	160)
e(29	1	4	110)
e(29	2	4	20)
e(29	3	4	150)
e(29	2	5	140)
e(29	3	5	40)
e(29	4	5	140)
e(30	1	2	140)
e(31	1	2	110)
e(31	1	3	80)
e(31	2	3	80)
e(32	1	2	40)
e(32	1	3	60)
e(32	2	3	40)
e(32	1	4	50)
e(32	2	4	70)
e(32	3	4	20)
e(32	1	5	130)
e(32	2	5	30)
e(32	3	5	100)
e(32	4	5	60)
e(34	1	2	70)
e(35	1	2	100)
e(35	1	3	60)
e(35	2	3	150)
e(35	1	4	150)
e(35	2	4	160)
e(35	3	4	80)
e(37	1	2	150)
e(37	1	3	130)
e(37	2	3	10)
e(37	1	4	60)
e(37	2	4	60)
e(37	3	4	40)
e(38	1	2	140)
e(38	1	3	30)
e(38	2	3	160)
e(41	1	2	130)
e(41	1	3	40)
e(41	2	3	50)
e(41	2	4	40)
e(41	3	4	70)
e(42	1	2	60)
e(42	1	3	120)
e(42	2	3	160)
e(42	1	4	130)
e(42	2	4	120)
e(42	3	4	50)
e(44	1	2	140)
e(44	1	3	140)
e(44	2	3	10)
e(44	1	4	100)
e(44	2	4	140)
e(44	1	5	80)
e(44	2	5	30)
e(44	3	5	150)
e(44	4	5	100)
e(45	1	2	80)
e(45	1	3	50)
e(45	2	3	90)
e(46	1	2	70)
e(46	1	3	50)
e(46	2	3	120)
e(46	1	4	20)
e(46	2	4	130)
e(46	3	4	110)
e(46	1	5	20)
e(46	2	5	110)
e(46	3	5	80)
e(46	4	5	80)
e(47	1	2	130)
e(48	1	2	100)
e(48	1	3	80)
e(48	2	3	160)
e(49	1	2	60)
e(50	1	2	60)
e(50	1	3	130)
e(50	2	3	120)
e(50	1	4	130)
e(50	2	4	40)
e(50	3	4	100)
e(51	1	2	150)
e(52	1	2	40)
e(52	1	3	140)
e(52	2	3	110)
e(52	1	4	80)
e(52	2	4	100)
e(52	3	4	130)
e(52	1	5	40)
e(52	2	5	40)
e(52	3	5	120)
e(52	4	5	90)
e(53	1	2	100)
e(53	1	3	70)
e(53	2	3	10)
e(54	1	2	30)
e(55	1	2	150)
e(55	1	3	140)
e(55	2	3	130)
e(56	1	2	40)
e(56	1	3	140)
e(56	2	3	10)
e(57	1	2	10)
e(57	1	3	70)
e(57	2	3	110)
e(57	1	4	60)
e(57	2	4	80)
e(57	3	4	20)
e(59	1	2	70)
e(59	1	3	30)
e(59	2	3	130)
e(60	1	2	160)
e(60	1	3	160)
e(60	2	3	160)
e(60	1	4	120)
e(60	2	4	110)
e(60	3	4	110)
e(61	1	2	80)
e(62	1	2	70)
e(63	1	3	120)
e(63	2	3	150)
e(63	1	4	50)
e(63	2	4	50)
e(63	3	4	10)
e(65	1	2	150)
e(65	1	3	100)
e(65	2	3	30)
e(65	1	4	120)
e(65	2	4	90)
e(65	3	4	10)
e(67	1	2	20)
e(67	1	3	50)
e(67	2	3	50)
e(70	1	2	140)
e(71	1	2	90)
e(71	1	3	70)
e(71	2	3	110)
e(71	1	4	10)
e(71	2	4	150)
e(71	3	4	130)
e(71	1	5	80)
e(71	3	5	120)
e(71	4	5	120)
e(72	1	2	30)
e(72	1	3	60)
e(72	2	3	130)
e(72	1	4	130)
e(72	3	4	10)
e(72	1	5	30)
e(72	2	5	160)
e(72	3	5	80)
e(72	4	5	80)
e(73	1	2	90)
e(74	1	2	140)
e(76	1	2	10)
e(76	1	3	120)
e(76	2	3	20)
e(76	1	4	120)
e(76	2	4	150)
e(76	3	4	150)
e(76	2	5	10)
e(76	3	5	40)
e(76	4	5	150)
e(77	1	2	80)
e(77	1	3	150)
e(77	2	3	110)
e(78	1	2	90)
e(79	1	2	150)
e(80	1	2	90)
e(80	1	3	100)
e(80	2	3	110)
e(80	1	4	20)
e(80	2	4	80)
e(80	3	4	160)
e(81	1	2	90)
e(81	1	3	60)
e(81	2	3	160)
e(81	1	4	130)
e(81	2	4	20)
e(81	3	4	150)
e(81	1	5	30)
e(81	2	5	120)
e(81	3	5	140)
e(81	4	5	100)
e(83	1	2	160)
e(83	1	3	60)
e(83	2	3	130)
e(83	1	4	50)
e(83	2	4	80)
e(83	3	4	70)
e(84	1	2	30)
e(85	1	2	90)
e(85	1	3	150)
e(85	2	3	150)
e(85	1	4	60)
e(85	2	4	150)
e(85	3	4	40)
e(86	1	2	130)
e(86	1	3	60)
e(86	2	3	40)
e(86	1	4	40)
e(86	2	4	100)
e(86	3	4	120)
e(88	1	2	160)
e(88	1	3	90)
e(88	1	4	160)
e(88	2	4	10)
e(88	3	4	160)
e(89	1	2	140)
e(89	1	3	90)
e(89	2	3	60)
e(94	1	2	130)
e(94	1	3	60)
e(94	2	3	160)
e(94	1	4	100)
e(94	2	4	100)
e(94	3	4	80)
e(95	1	2	20)
e(96	1	2	60)
e(96	1	3	130)
e(97	1	2	140)
e(97	1	3	30)
e(97	2	3	70)
e(97	1	4	30)
e(97	2	4	20)
e(97	3	4	10)
e(98	1	2	160)
e(98	2	3	50)
e(98	1	4	10)
e(98	2	4	130)
e(98	3	4	160)
e(98	1	5	80)
e(98	2	5	140)
e(98	3	5	40)
e(98	4	5	90)
e(99	1	2	150)
e(99	1	3	160)
e(99	2	3	30)
e(99	1	4	140)
e(99	3	4	140)
e(100	1	3	120)
e(100	1	4	100)
e(100	2	4	150)
e(100	3	4	160)
e(101	1	2	70)
e(101	1	3	120)
e(101	2	3	70)
e(102	1	2	70)
e(102	1	3	150)
e(102	2	3	160)
e(103	1	2	50)
e(103	1	3	140)
e(103	2	3	160)
e(106	1	2	40)
e(106	1	3	30)
e(106	2	3	150)
e(106	1	4	130)
e(106	2	4	30)
e(106	3	4	40)
e(107	1	2	90)
e(107	2	3	140)
e(108	1	2	50)
e(108	1	3	110)
e(108	2	3	40)
e(108	1	4	150)
e(108	3	4	150)
e(108	2	5	90)
e(108	3	5	20)
e(108	4	5	120)
e(109	1	2	100)
e(109	1	3	50)
e(109	2	3	60)
e(109	1	4	140)
e(109	2	4	70)
e(109	3	4	60)
e(109	1	5	90)
e(109	2	5	70)
e(109	3	5	160)
e(109	4	5	120)
e(110	1	3	130)
e(110	2	3	120)
e(111	1	2	160)
e(111	1	3	80)
e(111	2	3	70)
e(111	1	4	30)
e(111	2	4	130)
e(111	3	4	100)
e(111	1	5	140)
e(111	2	5	160)
e(111	3	5	40)
e(111	4	5	30)
e(112	1	2	130)
e(112	1	3	110)
e(112	2	3	110)
e(112	1	4	140)
e(112	2	4	90)
e(112	3	4	70)
e(112	1	5	160)
e(112	2	5	50)
e(112	3	5	60)
e(112	4	5	120)
e(115	1	2	20)
e(115	1	3	30)
e(115	2	3	100)
e(116	1	2	150)
e(116	1	3	120)
e(116	2	3	30)
e(117	1	2	70)
e(117	1	3	40)
e(117	2	3	160)
e(118	1	2	40)
e(118	1	3	150)
e(118	2	3	60)
e(119	1	2	60)
e(119	1	3	10)
e(119	2	3	130)
e(119	1	4	40)
e(119	2	4	130)
e(119	3	4	70)
e(120	1	2	100)
e(120	1	3	30)
e(120	2	3	60)
e(127	1	2	100)
e(127	1	3	50)
e(127	2	3	150)
e(129	1	2	80)
e(129	1	3	10)
e(129	2	3	90)
e(129	1	4	140)
e(129	2	4	120)
e(129	3	4	120)
e(129	1	5	110)
e(129	2	5	110)
e(129	3	5	90)
e(129	4	5	50)
e(130	1	2	20)
e(130	1	3	70)
e(130	2	3	160)
e(133	1	2	130)
e(133	1	3	100)
e(133	2	3	70)
e(133	2	4	10)
e(134	1	2	50)
e(134	1	3	80)
e(134	2	3	160)
e(134	1	4	50)
e(134	2	4	150)
e(134	3	4	10)
e(134	1	5	110)
e(134	2	5	160)
e(134	3	5	140)
e(134	4	5	120)
e(135	1	2	60)
e(136	1	3	50)
e(136	2	3	60)
e(136	1	4	80)
e(136	2	4	130)
e(136	3	4	160)
e(137	1	2	150)
e(137	1	3	10)
e(137	2	3	160)
e(137	1	4	110)
e(137	2	4	40)
e(137	3	4	140)
e(138	1	2	60)
e(138	1	3	110)
e(138	2	3	150)
e(138	1	4	150)
e(138	2	4	110)
e(138	3	4	150)
e(141	1	2	150)
e(141	1	3	80)
e(141	2	3	140)
e(141	1	4	130)
e(141	2	4	150)
e(141	3	4	10)
e(141	1	5	130)
e(141	2	5	20)
e(141	3	5	100)
e(142	1	2	120)
e(142	1	3	100)
e(142	2	3	90)
e(142	1	4	140)
e(142	2	4	80)
e(142	3	4	130)
e(142	1	5	160)
e(142	2	5	40)
e(142	3	5	130)
e(142	4	5	120)
e(143	1	2	50)
e(143	1	3	110)
e(143	2	3	60)
e(143	1	4	30)
e(143	2	4	60)
e(143	3	4	50)
e(143	1	5	90)
e(143	3	5	90)
e(143	4	5	150)
e(145	1	2	130)
e(145	1	3	160)
e(145	2	3	20)
e(145	1	4	30)
e(145	2	4	10)
e(145	3	4	20)
e(145	1	5	50)
e(145	2	5	20)
e(145	3	5	80)
e(145	4	5	10)
e(146	1	2	80)
e(146	1	3	10)
e(146	2	3	30)
e(146	1	4	110)
e(146	2	4	120)
e(146	3	4	110)
e(147	1	2	90)
e(148	1	2	140)
e(148	1	3	30)
e(148	2	3	10)
e(148	1	4	110)
e(148	2	4	120)
e(148	3	4	80)
e(149	1	2	10)
e(150	1	2	140)
e(150	1	3	60)
e(150	1	4	100)
e(150	2	4	150)
e(150	3	4	10)
e(152	1	2	20)
e(152	2	3	110)
e(153	1	2	20)
e(153	1	3	40)
e(153	2	3	90)
e(153	1	4	60)
e(153	2	4	110)
e(153	3	4	40)
e(153	1	5	10)
e(153	2	5	130)
e(153	3	5	10)
e(153	4	5	60)
e(155	1	2	40)
e(155	1	3	90)
e(155	2	3	130)
e(155	1	4	10)
e(155	2	4	110)
e(155	3	4	110)
e(156	1	2	70)
e(157	1	2	40)
e(157	1	3	80)
e(157	2	3	30)
e(157	1	4	160)
e(157	2	4	10)
e(157	3	4	50)
e(158	1	2	20)
e(158	1	3	40)
e(158	2	3	150)
e(159	1	2	150)
e(159	1	3	110)
e(159	2	3	100)
e(159	1	4	140)
e(159	2	4	90)
e(161	1	2	140)
e(163	1	2	50)
e(163	1	3	70)
e(163	2	3	80)
e(163	2	4	140)
e(163	3	4	140)
e(163	1	5	20)
e(163	2	5	160)
e(163	3	5	80)
e(163	4	5	100)
e(164	1	2	10)
e(164	1	3	140)
e(164	2	3	60)
e(164	1	4	160)
e(164	2	4	160)
e(164	3	4	140)
e(165	1	2	50)
e(165	1	3	20)
e(165	2	3	90)
e(165	1	4	150)
e(165	2	4	10)
e(165	3	4	140)
e(165	1	5	100)
e(165	2	5	40)
e(165	4	5	20)
e(169	1	2	130)
e(170	1	2	50)
e(171	1	2	70)
e(171	1	3	140)
e(171	2	3	40)
e(171	1	4	100)
e(171	2	4	150)
e(171	3	4	80)
e(172	1	2	160)
e(172	1	3	60)
e(172	2	3	110)
e(173	1	2	150)
e(173	1	3	30)
e(173	2	3	30)
e(173	1	4	30)
e(173	2	4	10)
e(173	3	4	60)
e(174	1	2	70)
e(174	1	3	70)
e(174	2	3	70)
e(175	1	2	130)
e(175	1	3	50)
e(175	2	3	160)
e(175	3	4	120)
e(176	1	2	80)
e(176	1	3	130)
e(176	2	3	100)
e(177	1	2	140)
e(177	1	3	20)
e(177	2	3	20)
e(177	1	4	10)
e(177	2	4	130)
e(177	3	4	140)
e(178	1	2	130)
e(179	1	2	60)
e(179	1	3	100)
e(179	2	3	40)
e(179	1	4	140)
e(179	2	4	80)
e(179	3	4	70)
e(180	1	2	100)
e(180	1	3	20)
e(180	2	3	130)
e(180	1	4	90)
e(180	2	4	70)
e(180	3	4	160)
e(181	1	2	60)
e(181	1	3	50)
e(181	2	3	160)
e(181	1	4	140)
e(181	2	4	160)
e(181	3	4	10)
e(182	1	2	20)
e(182	1	3	140)
e(182	2	3	110)
e(182	1	4	70)
e(182	2	4	80)
e(182	3	4	110)
e(184	1	2	110)
e(185	1	2	50)
e(186	1	2	130)
e(186	1	3	60)
e(186	1	4	150)
e(186	2	4	130)
e(186	3	4	80)
e(186	1	5	20)
e(186	2	5	10)
e(186	4	5	20)
e(187	1	2	10)
e(187	1	3	80)
e(187	2	3	40)
e(188	1	2	140)
e(188	1	3	40)
e(188	2	3	80)
e(188	1	4	110)
e(188	2	4	40)
e(188	3	4	20)
e(188	1	5	50)
e(188	2	5	10)
e(188	3	5	120)
e(188	4	5	110)
e(190	1	2	100)
e(191	1	2	90)
e(191	1	3	80)
e(191	2	3	100)
e(191	1	4	110)
e(191	2	4	130)
e(191	3	4	140)
e(191	1	5	90)
e(191	2	5	140)
e(191	3	5	30)
e(191	4	5	110)
e(192	1	2	140)
e(192	2	3	50)
e(192	2	4	140)
e(192	3	4	80)
e(192	1	5	100)
e(192	2	5	50)
e(192	3	5	50)
e(192	4	5	130)
e(193	1	2	120)
e(193	1	3	40)
e(193	2	3	100)
e(193	1	4	130)
e(193	2	4	70)
e(193	3	4	40)
e(193	1	5	60)
e(193	2	5	70)
e(193	3	5	90)
e(193	4	5	160)
e(194	1	2	60)
e(194	1	3	90)
e(194	2	3	90)
e(195	1	2	150)
e(195	1	3	120)
e(195	2	3	150)
e(195	1	4	100)
e(195	2	4	150)
e(195	3	4	80)
e(196	1	2	90)
e(196	1	3	130)
e(196	2	3	140)
e(196	1	4	130)
e(196	2	4	120)
e(196	3	4	160)
e(196	1	5	130)
e(196	2	5	30)
e(196	3	5	70)
e(196	4	5	20)
e(197	1	2	150)
e(197	1	3	140)
e(197	2	3	80)
e(197	1	4	90)
e(197	2	4	50)
e(197	3	4	50)
e(198	1	2	20)
e(198	1	3	110)
e(198	2	3	140)
e(198	1	4	70)
e(198	2	4	150)
e(198	3	4	60)
e(199	1	2	30)
e(200	1	2	100)
e(200	1	3	160)
e(200	2	3	100)
e(200	1	4	80)
e(200	2	4	110)
e(200	3	4	80)
e(201	1	2	70)
e(201	1	3	50)
e(201	2	3	70)
e(201	1	4	70)
e(201	2	4	100)
e(201	3	4	110)
e(201	1	5	70)
e(201	2	5	60)
e(201	3	5	150)
e(201	4	5	20)
e(202	1	2	70)
e(202	1	3	30)
e(202	2	3	50)
e(202	1	4	150)
e(202	2	4	90)
e(202	3	4	140)
e(202	2	5	50)
e(202	3	5	20)
e(202	4	5	110)
e(203	1	3	40)
e(203	2	3	140)
e(203	1	4	100)
e(203	2	4	150)
e(203	3	4	120)
e(203	1	5	130)
e(203	2	5	140)
e(203	3	5	80)
e(203	4	5	110)
e(204	1	2	30)
e(205	1	2	20)
e(205	1	3	150)
e(205	2	3	160)
e(205	1	4	110)
e(205	2	4	130)
e(205	3	4	110)
e(205	1	5	20)
e(205	2	5	60)
e(205	3	5	160)
e(205	4	5	70)
e(207	1	2	130)
e(207	1	3	20)
e(207	2	3	110)
e(207	1	4	110)
e(207	2	4	140)
e(207	3	4	10)
e(207	1	5	100)
e(207	2	5	80)
e(207	3	5	100)
e(207	4	5	20)
e(208	1	2	50)
e(208	1	3	70)
e(208	2	3	100)
e(210	1	2	120)
e(210	1	3	70)
e(210	2	3	10)
e(210	1	4	40)
e(210	2	4	150)
e(210	3	4	40)
e(210	1	5	60)
e(210	2	5	60)
e(210	3	5	30)
e(210	4	5	130)
e(211	1	2	120)
e(212	1	2	40)
e(213	1	2	10)
e(213	1	3	60)
e(213	2	3	160)
e(213	2	4	60)
e(213	3	4	150)
e(214	1	2	10)
e(214	1	3	70)
e(214	2	3	110)
e(214	1	4	150)
e(214	3	4	50)
e(214	1	5	50)
e(214	2	5	20)
e(214	3	5	120)
e(214	4	5	30)
e(215	1	2	30)
e(215	1	3	160)
e(215	2	3	70)
e(216	1	2	70)
e(216	1	3	60)
e(216	2	3	110)
e(216	1	4	130)
e(216	2	4	30)
e(216	3	4	40)
e(217	1	3	10)
e(217	2	3	70)
e(222	1	2	70)
e(222	1	3	30)
e(222	2	3	100)
e(224	1	3	50)
e(224	2	3	90)
e(224	1	4	150)
e(224	2	4	90)
e(224	3	4	160)
e(224	1	5	150)
e(224	2	5	140)
e(224	3	5	50)
e(225	1	2	130)
e(225	1	3	80)
e(225	2	3	70)
e(228	1	2	70)
e(228	1	3	80)
e(228	2	3	30)
e(229	1	2	50)
e(229	1	3	120)
e(229	2	3	130)
e(229	1	4	130)
e(229	2	4	60)
e(229	3	4	160)
e(231	1	2	50)
e(231	1	3	50)
e(231	2	3	60)
e(232	1	2	140)
e(232	1	3	10)
e(232	2	3	50)
e(232	1	4	140)
e(232	2	4	40)
e(232	3	4	60)
e(232	1	5	140)
e(232	2	5	50)
e(232	3	5	80)
e(232	4	5	120)
e(233	1	2	130)
e(233	1	3	120)
e(233	2	3	40)
e(233	1	4	60)
e(233	2	4	40)
e(233	3	4	110)
e(234	1	2	20)
e(236	1	2	90)
e(236	1	3	160)
e(236	2	3	10)
e(236	2	4	150)
e(236	3	4	120)
e(236	1	5	10)
e(236	2	5	20)
e(236	3	5	20)
e(236	4	5	70)
e(237	1	2	60)
e(237	1	3	130)
e(237	2	3	50)
e(237	1	4	130)
e(237	2	4	130)
e(237	3	4	140)
e(238	1	2	150)
e(238	1	3	90)
e(238	2	3	100)
e(239	1	2	50)
e(239	1	3	20)
e(239	2	3	60)
e(240	1	2	160)
e(240	1	3	60)
e(240	2	3	140)
e(240	1	4	80)
e(240	2	4	70)
e(240	3	4	110)
e(240	1	5	80)
e(240	2	5	120)
e(240	3	5	110)
e(240	4	5	40)
e(241	1	2	10)
e(241	1	3	10)
e(241	2	3	110)
e(241	1	4	160)
e(241	2	4	100)
e(241	3	4	120)
e(242	1	2	110)
e(246	1	2	20)
e(247	1	2	70)
e(247	1	3	30)
e(247	2	3	100)
e(247	1	4	70)
e(247	2	4	100)
e(247	3	4	150)
e(248	1	2	160)
e(248	1	3	110)
e(248	2	3	30)
e(249	1	2	120)
e(250	1	2	140)
e(250	1	3	20)
e(250	2	3	120)
e(250	1	4	20)
e(250	2	4	40)
e(250	3	4	20)
e(250	1	5	140)
e(250	2	5	30)
e(250	3	5	160)
e(250	4	5	40)
e(251	1	3	100)
e(251	2	3	120)
e(253	1	2	20)
e(253	1	3	150)
e(253	2	3	130)
e(253	1	4	60)
e(253	2	4	100)
e(253	3	4	100)
e(254	1	2	80)
e(255	1	3	160)
e(255	2	3	60)
e(255	1	4	160)
e(255	2	4	60)
e(255	3	4	80)
e(255	1	5	20)
e(255	2	5	10)
e(255	3	5	60)
e(255	4	5	60)
e(256	1	2	110)
e(259	1	2	150)
e(259	1	3	60)
e(259	2	3	120)
e(259	1	4	160)
e(259	2	4	10)
e(260	1	2	130)
e(260	1	3	70)
e(260	2	3	120)
e(260	1	4	70)
e(260	2	4	60)
e(260	3	4	40)
e(260	1	5	90)
e(260	2	5	20)
e(260	3	5	110)
e(260	4	5	100)
e(263	1	2	80)
e(263	1	3	30)
e(263	2	3	70)
e(263	1	4	100)
e(263	2	4	90)
e(263	3	4	50)
e(264	1	2	70)
e(264	1	3	30)
e(264	2	3	150)
e(264	1	4	80)
e(264	2	4	150)
e(264	3	4	10)
e(264	1	5	100)
e(264	2	5	130)
e(264	3	5	110)
e(264	4	5	120)
e(266	1	2	110)
e(268	1	2	90)
e(268	1	3	140)
e(268	2	3	70)
e(269	1	2	130)
e(269	1	3	160)
e(269	2	3	100)
e(270	1	2	30)
e(270	1	3	60)
e(270	2	3	120)
e(270	2	4	160)
e(270	3	4	160)
e(270	1	5	120)
e(270	2	5	80)
e(270	3	5	40)
e(270	4	5	150)
e(271	1	2	40)
e(272	1	2	60)
e(273	1	2	120)
e(274	1	2	10)
e(274	1	3	90)
e(274	2	3	90)
e(274	1	4	70)
e(274	2	4	10)
e(274	3	4	160)
e(274	1	5	120)
e(274	2	5	90)
e(274	3	5	10)
e(274	4	5	40)
e(275	1	2	70)
e(275	1	3	30)
e(275	2	3	50)
e(275	1	4	90)
e(275	2	4	20)
e(275	3	4	70)
e(276	1	2	10)
e(276	1	3	100)
e(276	2	3	40)
e(278	1	2	40)
e(278	1	3	70)
e(278	2	3	60)
e(278	2	4	90)
e(278	3	4	50)
e(278	1	5	30)
e(278	2	5	10)
e(278	3	5	160)
e(278	4	5	70)
e(281	1	2	50)
e(282	1	2	20)
e(283	1	2	40)
e(284	1	2	80)
e(284	1	3	50)
e(284	2	3	80)
e(284	1	4	140)
e(284	3	4	50)
e(284	1	5	50)
e(284	2	5	60)
e(284	3	5	100)
e(284	4	5	30)
e(285	1	2	90)
e(285	1	3	110)
e(285	2	3	110)
e(285	2	4	90)
e(285	3	4	80)
e(286	1	2	160)
e(286	1	3	60)
e(286	2	3	80)
e(286	1	4	40)
e(286	3	4	30)
e(287	1	2	140)
e(287	1	3	100)
e(287	2	3	120)
e(288	1	2	20)
e(288	1	3	20)
e(288	2	3	140)
e(288	2	4	140)
e(288	3	4	60)
e(288	1	5	100)
e(288	2	5	80)
e(288	3	5	70)
e(288	4	5	30)
e(289	1	2	30)
e(290	1	2	60)
e(290	1	3	40)
e(290	2	3	20)
e(291	1	3	130)
e(291	2	3	120)
e(291	1	4	130)
e(291	2	4	80)
e(291	1	5	150)
e(291	2	5	110)
e(291	3	5	150)
e(291	4	5	30)
e(292	1	2	60)
e(292	1	3	80)
e(292	2	3	150)
e(292	1	4	90)
e(292	2	4	50)
e(292	3	4	80)
e(293	1	3	130)
e(293	2	3	130)
e(294	1	2	50)
e(294	1	3	20)
e(294	2	3	110)
e(294	1	4	90)
e(294	2	4	160)
e(294	3	4	140)
e(296	1	2	10)
e(296	1	3	120)
e(296	2	3	110)
e(297	1	2	10)
e(297	1	3	90)
e(297	2	3	60)
e(298	1	2	140)
e(298	1	3	100)
e(298	2	3	120)
e(298	1	4	30)
e(298	2	4	30)
e(298	3	4	160)
e(298	1	5	80)
e(298	2	5	150)
e(298	3	5	160)
e(298	4	5	40)
e(299	1	2	50)
e(299	1	3	20)
e(299	2	3	20)
e(299	1	4	50)
e(299	1	5	60)
e(299	2	5	160)
e(299	3	5	150)
e(299	4	5	10)
e(300	1	2	40)
e(300	1	3	20)
e(300	2	3	160)
e(300	1	4	70)
e(300	2	4	160)
e(300	3	4	80)
e(301	1	2	140)
e(301	1	3	30)
e(301	2	3	30)
e(301	1	4	90)
e(301	2	4	150)
e(301	3	4	30)
e(301	1	5	50)
e(301	2	5	80)
e(301	3	5	120)
e(301	4	5	80)
e(302	1	2	40)
e(302	1	3	100)
e(302	2	3	50)
e(302	1	4	50)
e(302	2	4	20)
e(302	3	4	130)
e(304	1	2	70)
e(307	1	2	70)
e(307	1	3	10)
e(307	2	3	80)
e(307	1	4	10)
e(307	2	4	120)
e(307	3	4	100)
e(308	1	2	60)
e(308	1	3	140)
e(308	2	3	70)
e(308	1	4	110)
e(308	2	4	130)
e(308	3	4	30)
e(310	1	2	120)
e(310	1	3	40)
e(310	2	3	130)
e(310	1	4	10)
e(310	2	4	50)
e(310	3	4	80)
e(312	1	2	30)
e(313	1	2	70)
e(313	1	3	90)
e(313	2	3	130)
e(314	1	2	30)
e(314	1	3	10)
e(314	2	3	150)
e(315	1	2	120)
e(315	1	3	150)
e(315	2	3	80)
e(315	1	4	150)
e(315	2	4	100)
e(315	3	4	90)
e(316	1	2	130)
e(317	1	2	150)
e(317	1	3	150)
e(317	2	3	150)
e(318	1	2	20)
e(319	1	2	160)
e(319	2	3	60)
e(319	1	4	130)
e(319	2	4	140)
e(319	3	4	100)
e(320	1	2	10)
e(320	1	3	20)
e(320	2	3	90)
e(320	1	4	30)
e(320	3	4	10)
e(320	1	5	90)
e(320	2	5	60)
e(320	3	5	40)
e(321	1	2	150)
e(321	1	3	10)
e(321	2	3	30)
e(321	1	4	20)
e(321	2	4	40)
e(321	3	4	140)
e(322	1	2	70)
e(322	1	3	100)
e(322	2	3	30)
e(322	1	4	150)
e(322	2	4	70)
e(322	3	4	160)
e(322	1	5	30)
e(322	2	5	10)
e(322	3	5	130)
e(322	4	5	120)
e(323	1	2	40)
e(323	1	3	70)
e(323	2	3	40)
e(323	1	4	90)
e(323	2	4	40)
e(323	3	4	30)
e(323	1	5	20)
e(323	3	5	70)
e(323	4	5	40)
e(324	1	2	10)
e(324	1	3	120)
e(324	2	3	80)
e(324	1	4	130)
e(324	2	4	140)
e(324	3	4	30)
e(325	1	2	130)
e(325	1	3	20)
e(325	2	3	30)
e(325	1	4	90)
e(325	2	4	160)
e(325	3	4	90)
e(326	1	2	130)
e(326	1	3	140)
e(326	2	3	140)
e(326	1	4	10)
e(326	2	4	50)
e(326	3	4	70)
e(327	1	2	70)
e(328	1	2	50)
e(328	1	3	10)
e(328	2	3	100)
e(328	1	4	30)
e(328	2	4	60)
e(328	3	4	120)
e(328	1	5	90)
e(328	2	5	140)
e(328	3	5	50)
e(328	4	5	80)
e(329	1	2	150)
e(329	1	3	10)
e(329	2	3	50)
e(330	1	2	70)
e(330	1	3	150)
e(330	2	3	10)
e(331	1	2	70)
e(331	1	3	110)
e(331	2	3	110)
e(331	1	4	160)
e(331	2	4	20)
e(331	3	4	140)
e(332	1	3	160)
e(332	2	3	30)
e(333	1	2	20)
e(333	2	3	40)
e(334	1	2	160)
e(334	1	3	130)
e(334	2	3	160)
e(334	1	4	130)
e(334	2	4	20)
e(334	3	4	90)
e(335	1	2	90)
e(335	1	3	40)
e(335	2	3	60)
e(335	1	4	60)
e(335	2	4	40)
e(335	3	4	140)
e(335	1	5	10)
e(335	2	5	100)
e(335	3	5	60)
e(335	4	5	90)
e(337	1	2	130)
e(338	1	2	10)
e(338	1	3	150)
e(338	2	3	150)
e(338	1	4	150)
e(338	2	4	50)
e(338	3	4	140)
e(339	1	2	120)
e(339	1	3	150)
e(339	2	3	40)
e(340	1	2	40)
e(341	1	2	140)
e(341	1	3	80)
e(341	2	3	160)
e(343	1	2	30)
e(343	1	3	20)
e(343	2	3	130)
e(343	1	4	40)
e(343	2	4	120)
e(343	3	4	70)
e(343	1	5	50)
e(343	2	5	40)
e(343	3	5	50)
e(343	4	5	120)
e(347	1	2	140)
e(349	1	2	130)
e(349	1	3	10)
e(349	2	3	10)
e(349	1	4	20)
e(349	2	4	120)
e(349	3	4	130)
e(350	1	2	90)
e(351	1	2	120)
e(351	1	3	50)
e(351	2	3	100)
e(351	2	4	90)
e(351	3	4	110)
e(353	1	2	160)
e(353	1	3	80)
e(353	2	3	120)
e(353	2	4	130)
e(353	3	4	110)
e(353	1	5	50)
e(353	2	5	70)
e(353	3	5	40)
e(353	4	5	20)
e(354	1	2	120)
e(354	1	3	160)
e(354	2	3	20)
e(354	1	4	100)
e(354	2	4	10)
e(354	3	4	100)
e(354	1	5	90)
e(354	2	5	80)
e(354	3	5	150)
e(354	4	5	120)
e(356	1	2	120)
e(356	1	3	110)
e(356	2	3	20)
e(356	1	4	110)
e(356	2	4	130)
e(356	3	4	140)
e(360	1	2	30)
e(360	1	3	10)
e(360	2	3	70)
e(361	1	2	100)
e(361	1	3	100)
e(361	2	3	160)
e(362	1	2	130)
e(362	1	3	100)
e(362	2	3	130)
e(362	1	4	30)
e(362	2	4	140)
e(362	3	4	90)
e(362	1	5	50)
e(362	2	5	160)
e(362	3	5	140)
e(362	4	5	90)
e(363	1	2	160)
e(363	1	3	30)
e(363	2	3	140)
e(363	1	4	70)
e(363	2	4	70)
e(363	3	4	110)
e(365	1	2	110)
e(365	1	3	80)
e(365	2	3	90)
e(365	1	4	150)
e(365	2	4	110)
e(365	3	4	10)
e(365	1	5	110)
e(365	2	5	90)
e(365	3	5	90)
e(365	4	5	60)
e(366	1	2	120)
e(366	1	3	130)
e(366	2	3	100)
e(369	1	2	100)
e(369	1	3	20)
e(369	2	3	60)
e(369	1	4	70)
e(369	2	4	90)
e(369	3	4	160)
e(370	1	2	150)
e(371	1	2	70)
e(371	1	3	50)
e(371	2	3	130)
e(372	1	2	110)
e(373	1	2	140)
e(373	1	3	150)
e(373	1	4	120)
e(373	2	4	10)
e(373	3	4	80)
e(373	1	5	70)
e(373	2	5	10)
e(373	3	5	120)
e(373	4	5	90)
e(374	1	2	70)
e(374	1	3	100)
e(374	1	4	140)
e(374	2	4	100)
e(374	3	4	120)
e(374	2	5	70)
e(374	3	5	50)
e(374	4	5	110)
e(375	1	2	60)
e(376	1	2	110)
e(376	1	3	70)
e(376	2	3	10)
e(376	1	4	130)
e(376	2	4	110)
e(376	3	4	40)
e(378	1	2	50)
e(378	1	3	140)
e(378	2	3	80)
e(378	1	4	70)
e(378	2	4	50)
e(378	3	4	90)
e(379	1	2	120)
e(379	1	3	20)
e(379	2	3	40)
e(379	1	4	150)
e(379	2	4	90)
e(379	3	4	130)
e(380	1	2	30)
e(381	1	2	90)
e(381	1	3	120)
e(381	2	3	90)
e(381	1	4	40)
e(381	2	4	90)
e(381	3	4	100)
e(381	1	5	120)
e(381	2	5	90)
e(381	3	5	40)
e(381	4	5	140)
e(383	1	3	60)
e(383	2	3	10)
e(384	1	2	90)
e(385	1	2	100)
e(385	1	3	120)
e(385	2	3	100)
e(386	1	2	120)
e(386	1	3	130)
e(386	2	3	30)
e(386	1	4	40)
e(386	2	4	110)
e(386	3	4	90)
e(388	1	2	10)
e(389	1	2	140)
e(389	1	3	110)
e(389	2	3	70)
e(390	1	2	100)
e(390	1	3	50)
e(390	2	3	30)
e(390	1	4	60)
e(390	2	4	140)
e(390	3	4	60)
e(391	1	2	110)
e(391	1	3	40)
e(391	2	3	10)
e(392	1	2	140)
e(392	1	3	70)
e(392	2	3	150)
e(392	1	4	70)
e(392	2	4	110)
e(392	3	4	120)
e(392	1	5	70)
e(392	2	5	120)
e(392	3	5	90)
e(393	1	2	60)
e(395	1	2	110)
e(395	2	3	50)
e(395	1	4	140)
e(395	2	4	30)
e(395	3	4	10)
e(398	1	2	120)
e(398	1	3	20)
e(398	2	3	50)
e(398	1	4	60)
e(398	2	4	80)
e(398	3	4	50)
e(399	1	2	140)
e(399	1	3	10)
e(399	2	3	120)
e(400	1	2	70)
e(400	2	3	160)
e(400	1	4	60)
e(400	2	4	130)
e(400	3	4	150)
e(401	1	2	50)
e(401	2	3	80)
e(402	1	2	30)
e(402	1	3	100)
e(402	2	3	90)
e(402	1	4	30)
e(402	2	4	10)
e(402	3	4	90)
e(404	1	2	110)
e(404	1	3	10)
e(404	2	3	100)
e(405	1	2	130)
e(405	1	3	70)
e(405	2	3	60)
e(405	1	4	110)
e(405	2	4	90)
e(405	3	4	150)
e(405	1	5	30)
e(405	2	5	40)
e(405	3	5	90)
e(405	4	5	130)
e(406	1	2	90)
e(406	1	3	150)
e(406	2	3	140)
e(409	1	2	80)
e(409	1	3	20)
e(409	2	3	70)
e(413	1	2	140)
e(413	1	3	60)
e(413	2	3	150)
e(414	1	2	140)
e(414	1	3	140)
e(414	2	3	20)
e(415	1	2	160)
e(416	1	2	110)
e(416	1	3	20)
e(416	2	3	120)
e(417	1	2	20)
e(417	1	3	100)
e(417	2	3	140)
e(417	2	4	110)
e(417	3	4	70)
e(418	1	2	160)
e(418	1	3	50)
e(419	1	2	100)
e(419	1	3	140)
e(419	2	3	100)
e(419	1	4	70)
e(419	2	4	100)
e(419	3	4	50)
e(420	1	2	10)
e(423	1	2	120)
e(423	1	3	110)
e(423	2	3	140)
e(423	1	4	90)
e(423	3	4	60)
e(423	1	5	30)
e(423	2	5	10)
e(423	3	5	100)
e(423	4	5	20)
e(424	1	2	130)
e(424	1	3	70)
e(424	2	3	30)
e(424	1	4	150)
e(424	2	4	110)
e(424	3	4	90)
e(424	1	5	130)
e(424	2	5	120)
e(424	3	5	100)
e(424	4	5	100)
e(425	1	2	30)
e(425	1	3	130)
e(425	2	3	150)
e(425	1	4	90)
e(425	2	4	50)
e(425	3	4	150)
e(426	1	2	60)
e(426	1	3	50)
e(426	2	3	150)
e(426	1	4	40)
e(426	2	4	40)
e(426	3	4	70)
e(428	1	2	100)
e(428	1	3	20)
e(428	2	3	110)
e(429	1	2	120)
e(429	1	3	30)
e(429	2	3	50)
e(429	1	4	100)
e(429	2	4	90)
e(429	3	4	20)
e(429	1	5	110)
e(429	2	5	60)
e(429	3	5	50)
e(429	4	5	10)
e(430	1	2	10)
e(430	1	3	120)
e(430	2	3	150)
e(430	1	4	150)
e(430	2	4	60)
e(431	1	2	10)
e(431	1	3	70)
e(431	2	3	150)
e(432	1	2	130)
e(433	1	2	30)
e(433	1	3	90)
e(433	2	3	10)
e(437	1	2	150)
e(437	1	3	80)
e(437	2	3	140)
e(437	1	4	160)
e(437	2	4	30)
e(437	3	4	120)
e(437	1	5	100)
e(437	2	5	100)
e(437	3	5	140)
e(437	4	5	70)
e(438	1	2	90)
e(438	1	3	100)
e(438	2	3	110)
e(438	1	4	140)
e(438	2	4	160)
e(438	3	4	90)
e(438	1	5	80)
e(438	2	5	150)
e(438	4	5	160)
e(439	1	2	90)
e(439	1	3	40)
e(439	2	3	10)
e(439	1	4	60)
e(439	2	4	30)
e(439	3	4	150)
e(441	1	2	150)
e(441	1	3	110)
e(441	1	4	160)
e(441	2	4	10)
e(441	3	4	110)
e(441	1	5	150)
e(441	2	5	30)
e(441	3	5	80)
e(441	4	5	50)
e(443	1	2	140)
e(443	1	3	110)
e(443	2	3	80)
e(443	1	4	80)
e(443	2	4	10)
e(444	1	2	150)
e(444	1	3	10)
e(444	2	3	70)
e(446	1	2	30)
e(446	1	3	90)
e(446	2	3	150)
e(447	1	2	50)
e(447	1	3	60)
e(447	2	3	140)
e(447	1	4	30)
e(447	2	4	40)
e(447	3	4	30)
e(449	1	2	160)
e(449	1	3	20)
e(449	2	3	80)
e(450	1	2	130)
e(450	1	3	100)
e(450	2	3	60)
e(450	1	4	140)
e(450	2	4	10)
e(450	3	4	130)
e(450	1	5	30)
e(450	2	5	150)
e(450	3	5	80)
e(450	4	5	110)
e(451	1	2	40)
e(453	1	2	160)
e(453	1	3	160)
e(453	2	3	20)
e(453	1	4	30)
e(453	2	4	130)
e(453	3	4	110)
e(453	1	5	160)
e(453	2	5	100)
e(453	3	5	90)
e(453	4	5	80)
e(454	1	2	80)
e(454	1	3	140)
e(454	2	3	50)
e(455	1	2	150)
e(455	1	3	30)
e(455	2	3	50)
e(455	2	4	40)
e(455	3	4	10)
e(455	1	5	110)
e(455	2	5	20)
e(455	3	5	100)
e(455	4	5	80)
e(456	1	2	150)
e(456	1	3	120)
e(456	1	4	80)
e(456	2	4	60)
e(456	3	4	90)
e(456	1	5	30)
e(456	2	5	50)
e(456	4	5	30)
e(457	1	2	140)
e(457	1	3	140)
e(457	2	3	20)
e(457	1	4	100)
e(457	2	4	80)
e(457	3	4	80)
e(458	1	2	70)
e(459	1	2	10)
e(459	1	3	20)
e(459	2	3	90)
e(459	1	4	160)
e(459	2	4	150)
e(459	3	4	110)
e(459	1	5	130)
e(459	2	5	50)
e(459	3	5	60)
e(459	4	5	10)
e(460	1	2	100)
e(460	1	3	40)
e(460	2	3	130)
e(460	1	4	160)
e(460	2	4	10)
e(460	3	4	10)
e(460	1	5	10)
e(460	2	5	10)
e(460	3	5	140)
e(460	4	5	140)
e(462	1	2	150)
e(462	1	3	80)
e(462	2	3	30)
e(463	1	2	20)
e(463	1	3	110)
e(463	2	3	90)
e(464	1	2	80)
e(464	1	3	80)
e(464	2	3	130)
e(464	1	4	100)
e(464	2	4	110)
e(464	1	5	50)
e(464	2	5	140)
e(464	3	5	60)
e(464	4	5	70)
e(465	1	2	120)
e(465	1	3	130)
e(465	2	3	60)
e(465	1	4	160)
e(465	2	4	110)
e(466	1	2	120)
e(466	1	3	50)
e(466	2	3	70)
e(467	1	3	90)
e(467	2	3	80)
e(468	1	2	160)
e(468	1	3	70)
e(468	2	3	130)
e(469	1	2	10)
e(470	1	3	10)
e(470	2	3	160)
e(471	1	2	80)
e(471	1	3	160)
e(471	2	3	150)
e(471	1	4	140)
e(471	2	4	50)
e(471	3	4	20)
e(471	1	5	10)
e(471	2	5	120)
e(471	3	5	110)
e(471	4	5	20)
e(473	1	2	110)
e(473	1	3	60)
e(473	2	3	10)
e(473	1	4	40)
e(473	2	4	60)
e(473	3	4	40)
e(473	1	5	30)
e(473	2	5	120)
e(473	3	5	80)
e(473	4	5	120)
e(474	1	2	150)
e(474	2	3	90)
e(474	1	4	140)
e(474	2	4	140)
e(474	3	4	50)
e(475	1	2	130)
e(475	2	3	90)
e(475	2	4	150)
e(476	1	2	10)
e(476	1	3	70)
e(476	2	3	100)
e(476	1	4	130)
e(476	2	4	10)
e(476	3	4	150)
e(477	1	2	90)
e(477	2	3	90)
e(477	1	4	110)
e(477	2	4	110)
e(477	3	4	140)
e(478	1	2	20)
e(480	1	2	160)
e(481	1	2	160)
e(481	1	3	110)
e(481	2	3	130)
e(481	1	4	110)
e(481	2	4	20)
e(481	3	4	30)
e(483	1	2	140)
e(484	1	2	100)
e(486	1	2	60)
e(486	1	3	20)
e(486	2	3	100)
e(487	1	2	110)
e(488	1	2	60)
e(488	1	3	150)
e(488	2	3	150)
e(488	1	4	100)
e(488	2	4	80)
e(488	3	4	140)
e(489	1	2	110)
e(489	1	3	160)
e(489	2	3	20)
e(490	1	2	160)
e(490	1	3	40)
e(490	2	3	110)
e(491	1	2	160)
e(492	1	2	140)
e(493	1	2	10)
e(493	1	3	150)
e(493	1	4	110)
e(493	2	4	70)
e(493	3	4	20)
e(493	1	5	90)
e(493	2	5	100)
e(493	3	5	90)
e(493	4	5	20)
e(494	1	2	80)
e(494	2	3	10)
e(494	1	4	80)
e(494	2	4	90)
e(494	3	4	70)
e(495	1	2	90)
e(495	1	3	120)
e(495	2	3	110)
e(495	1	4	70)
e(495	2	4	150)
e(495	3	4	160)
e(495	1	5	50)
e(495	2	5	120)
e(495	3	5	10)
e(495	4	5	90)
e(496	1	2	100)
e(496	1	3	150)
e(496	2	3	140)
e(496	1	4	20)
e(496	2	4	160)
e(496	3	4	120)
e(496	1	5	150)
e(496	2	5	30)
e(496	3	5	50)
e(496	4	5	160)
e(497	1	2	30)
e(497	1	3	120)
e(497	2	3	160)
e(497	1	4	20)
e(497	2	4	110)
e(497	3	4	20)
e(499	1	2	130)
e(499	1	3	120)
e(499	2	3	110)
e(499	1	4	60)
e(499	2	4	30)
e(499	3	4	60)
e(499	1	5	40)
e(499	2	5	40)
e(499	3	5	30)
e(499	4	5	50)
e(500	1	2	80)
e(500	1	3	130)
e(500	2	3	30)
e(502	1	2	70)
e(502	1	3	40)
e(502	2	3	80)
e(502	1	4	30)
e(502	2	4	120)
e(502	3	4	20)
e(503	1	2	100)
e(503	1	3	150)
e(503	2	3	50)
e(503	1	4	70)
e(503	2	4	150)
e(503	3	4	30)
e(504	1	2	50)
e(504	1	3	50)
e(504	2	3	60)
e(504	1	4	40)
e(504	2	4	40)
e(504	3	4	90)
e(504	1	5	110)
e(504	2	5	50)
e(504	3	5	120)
e(504	4	5	20)
e(505	1	2	50)
e(506	1	2	30)
e(506	1	3	160)
e(506	2	3	40)
e(506	1	4	160)
e(506	2	4	140)
e(506	3	4	30)
e(508	1	2	70)
e(508	1	3	110)
e(508	2	3	80)
e(508	1	4	10)
e(508	2	4	120)
e(508	3	4	110)
e(508	1	5	130)
e(508	2	5	80)
e(508	3	5	60)
e(508	4	5	150)
e(509	1	2	70)
e(509	2	3	110)
e(509	1	4	130)
e(509	2	4	60)
e(509	3	4	20)
e(509	1	5	150)
e(509	2	5	140)
e(509	3	5	140)
e(509	4	5	90)
e(511	1	2	30)
e(511	1	3	20)
e(511	2	3	120)
e(512	1	2	50)
e(512	1	3	60)
e(512	2	3	60)
e(514	1	2	10)
e(514	1	3	10)
e(514	2	3	60)
e(514	1	4	100)
e(514	2	4	120)
e(515	1	2	40)
e(515	1	3	30)
e(515	2	3	80)
e(516	1	2	40)
e(516	1	3	50)
e(516	2	3	70)
e(516	1	4	40)
e(516	2	4	100)
e(516	3	4	60)
e(516	1	5	80)
e(516	2	5	70)
e(516	3	5	150)
e(517	1	2	120)
e(517	1	3	90)
e(517	2	3	10)
e(517	1	4	30)
e(517	2	4	100)
e(517	3	4	130)
e(518	1	2	150)
e(518	1	3	90)
e(518	2	3	110)
e(518	1	4	40)
e(518	2	4	80)
e(518	3	4	100)
e(520	1	2	20)
e(520	1	3	70)
e(520	2	3	50)
e(521	1	2	20)
e(521	1	3	140)
e(521	2	3	80)
e(522	1	2	110)
e(522	1	3	30)
e(522	2	3	10)
e(523	1	2	20)
e(523	1	3	70)
e(523	2	3	150)
e(523	1	4	20)
e(523	2	4	80)
e(523	3	4	50)
e(523	1	5	60)
e(523	2	5	90)
e(523	3	5	50)
e(523	4	5	110)
e(525	1	2	40)
e(525	1	3	80)
e(525	2	3	120)
e(525	1	4	50)
e(525	2	4	100)
e(525	3	4	90)
e(525	1	5	20)
e(525	2	5	20)
e(525	3	5	70)
e(525	4	5	20)
e(526	1	2	70)
e(526	1	3	40)
e(526	2	3	60)
e(526	1	4	100)
e(526	2	4	70)
e(526	3	4	30)
e(526	1	5	80)
e(526	2	5	10)
e(526	3	5	140)
e(526	4	5	80)
e(527	1	2	110)
e(527	1	3	100)
e(527	1	4	50)
e(527	2	4	10)
e(527	3	4	90)
e(527	1	5	150)
e(527	2	5	10)
e(527	3	5	150)
e(527	4	5	160)
e(528	1	2	140)
e(528	1	3	120)
e(528	2	3	40)
e(528	1	4	90)
e(528	2	4	160)
e(528	3	4	130)
e(528	1	5	90)
e(528	2	5	30)
e(528	3	5	130)
e(528	4	5	70)
e(530	1	2	60)
e(530	1	3	40)
e(530	2	3	120)
e(531	1	2	110)
e(531	1	3	50)
e(532	1	2	40)
e(532	1	3	90)
e(532	2	3	80)
e(533	1	2	120)
e(533	1	3	100)
e(533	2	3	50)
e(534	1	2	100)
e(534	1	3	110)
e(534	2	3	110)
e(534	1	4	160)
e(534	2	4	160)
e(534	3	4	50)
e(535	1	3	20)
e(535	2	3	80)
e(535	2	4	50)
e(535	3	4	40)
e(536	1	2	30)
e(536	1	3	40)
e(536	2	3	70)
e(537	1	2	120)
e(537	1	3	40)
e(537	2	3	160)
e(537	1	4	150)
e(537	2	4	10)
e(537	3	4	70)
e(537	1	5	80)
e(537	2	5	30)
e(537	3	5	90)
e(537	4	5	70)
e(539	1	2	70)
e(540	1	2	90)
e(542	1	2	10)
e(543	1	2	100)
e(543	1	3	110)
e(543	2	3	130)
e(544	1	2	10)
e(544	1	3	160)
e(544	2	3	140)
e(545	1	2	110)
e(546	1	2	40)
e(546	1	3	140)
e(546	2	3	100)
e(546	1	4	150)
e(546	2	4	30)
e(546	3	4	160)
e(548	1	2	60)
e(548	1	3	30)
e(548	2	3	20)
e(549	1	2	100)
e(549	1	3	80)
e(549	2	3	50)
e(550	1	2	20)
e(550	1	3	160)
e(550	2	3	80)
e(550	1	4	150)
e(550	2	4	100)
e(550	3	4	60)
e(551	1	2	20)
e(551	1	3	120)
e(551	2	3	20)
e(551	1	4	100)
e(551	2	4	30)
e(551	3	4	10)
e(551	1	5	30)
e(551	2	5	70)
e(551	3	5	30)
e(551	4	5	70)
e(552	1	2	150)
e(552	1	3	80)
e(552	2	3	120)
e(552	2	4	20)
e(552	3	4	80)
e(553	1	2	100)
e(553	1	3	150)
e(553	2	3	150)
e(553	1	4	20)
e(553	2	4	140)
e(553	3	4	30)
e(553	1	5	120)
e(553	2	5	10)
e(553	3	5	10)
e(553	4	5	70)
e(554	1	2	100)
e(554	1	3	150)
e(554	2	3	40)
e(554	1	4	20)
e(554	2	4	40)
e(554	3	4	70)
e(557	1	2	10)
e(557	1	3	90)
e(557	2	3	70)
e(557	1	4	90)
e(557	2	4	110)
e(557	3	4	10)
e(558	1	2	160)
e(558	1	3	110)
e(558	2	3	70)
e(560	1	2	30)
e(560	1	3	40)
e(563	1	2	20)
e(563	1	3	20)
e(563	2	3	40)
e(563	1	4	110)
e(563	2	4	30)
e(563	3	4	90)
e(565	1	2	10)
e(565	1	3	60)
e(565	2	3	160)
e(566	1	2	140)
e(567	1	2	90)
e(567	1	3	110)
e(567	2	3	10)
e(568	1	2	20)
e(568	1	3	20)
e(568	2	3	130)
e(568	1	4	80)
e(568	2	4	100)
e(568	3	4	10)
e(570	1	2	70)
e(570	1	3	30)
e(570	2	3	130)
e(570	1	4	140)
e(570	2	4	70)
e(570	3	4	100)
e(570	1	5	100)
e(570	2	5	40)
e(570	3	5	60)
e(570	4	5	40)
e(571	1	2	110)
e(571	1	3	90)
e(571	2	3	160)
e(571	1	4	10)
e(571	2	4	140)
e(571	3	4	50)
e(571	1	5	100)
e(571	2	5	10)
e(571	3	5	130)
e(573	1	2	140)
e(574	1	2	30)
e(574	1	3	130)
e(574	2	3	130)
e(575	1	2	30)
e(575	1	3	50)
e(575	2	3	150)
e(575	2	4	80)
e(576	1	2	60)
e(577	1	2	120)
e(577	1	3	60)
e(577	2	3	160)
e(577	1	4	140)
e(577	2	4	50)
e(577	3	4	130)
e(577	1	5	120)
e(577	2	5	70)
e(577	3	5	20)
e(577	4	5	80)
e(580	1	2	40)
e(580	1	3	120)
e(580	2	3	90)
e(580	1	4	140)
e(580	2	4	80)
e(580	3	4	130)
e(581	1	2	150)
e(581	1	3	110)
e(581	2	3	120)
e(582	1	2	140)
e(582	1	3	90)
e(582	2	3	140)
e(583	1	2	120)
e(583	1	3	110)
e(583	2	3	20)
e(583	1	4	10)
e(583	2	4	130)
e(583	3	4	130)
e(583	1	5	40)
e(583	2	5	120)
e(583	3	5	160)
e(583	4	5	130)
e(585	1	2	130)
e(587	1	2	10)
e(587	1	3	110)
e(587	2	3	80)
e(587	1	4	40)
e(587	2	4	150)
e(587	3	4	110)
e(587	1	5	160)
e(587	2	5	150)
e(587	3	5	10)
e(587	4	5	60)
e(589	1	2	90)
e(589	1	3	10)
e(589	2	3	140)
e(590	1	2	140)
e(590	1	3	60)
e(590	2	3	130)
e(590	1	4	160)
e(590	2	4	120)
e(590	3	4	10)
e(590	1	5	100)
e(590	2	5	10)
e(590	3	5	70)
e(590	4	5	90)
e(591	1	2	140)
e(591	1	3	60)
e(591	2	3	30)
e(591	1	4	110)
e(591	2	4	80)
e(591	3	4	90)
e(591	1	5	50)
e(591	2	5	80)
e(591	3	5	110)
e(591	4	5	100)
e(594	1	2	30)
e(594	1	3	70)
e(594	2	3	150)
e(594	1	4	160)
e(594	2	4	30)
e(594	3	4	120)
e(595	1	2	150)
e(596	1	2	50)
e(596	1	3	160)
e(596	2	3	100)
e(596	1	4	110)
e(596	2	4	60)
e(596	3	4	140)
e(596	1	5	110)
e(596	2	5	70)
e(596	3	5	40)
e(596	4	5	140)
e(597	1	2	30)
e(597	1	3	60)
e(597	2	3	80)
e(597	1	4	160)
e(597	2	4	20)
e(597	3	4	100)
e(597	1	5	20)
e(597	2	5	160)
e(597	3	5	30)
e(598	1	3	140)
e(598	2	3	30)
e(599	1	2	80)
e(599	1	3	20)
e(599	2	3	150)
e(599	1	4	70)
e(599	2	4	60)
e(599	3	4	70)
e(599	1	5	40)
e(599	2	5	120)
e(599	3	5	70)
e(599	4	5	40)
e(601	1	2	100)
e(601	2	3	10)
e(601	1	4	140)
e(601	2	4	130)
e(601	3	4	120)
e(601	1	5	160)
e(601	2	5	50)
e(601	3	5	40)
e(602	1	2	30)
e(602	1	3	160)
e(602	2	3	110)
e(603	1	2	110)
e(603	1	3	40)
e(603	2	3	150)
e(603	1	4	60)
e(603	2	4	100)
e(603	3	4	70)
e(604	1	2	80)
e(605	1	2	50)
e(605	1	3	150)
e(605	2	3	110)
e(605	1	4	150)
e(605	2	4	70)
e(605	3	4	130)
e(605	1	5	70)
e(605	2	5	70)
e(605	3	5	150)
e(605	4	5	20)
e(606	1	2	30)
e(607	1	2	40)
e(607	1	3	150)
e(607	2	3	70)
e(607	1	4	90)
e(607	2	4	20)
e(607	3	4	140)
e(608	1	2	80)
e(608	1	3	10)
e(608	2	3	40)
e(608	1	4	30)
e(608	2	4	80)
e(608	3	4	50)
e(610	1	2	110)
e(610	1	3	30)
e(610	1	4	60)
e(610	2	4	20)
e(610	3	4	60)
e(610	1	5	120)
e(610	2	5	70)
e(610	3	5	80)
e(610	4	5	30)
e(612	1	2	150)
e(612	1	3	130)
e(612	2	3	90)
e(612	1	4	150)
e(612	2	4	120)
e(612	3	4	100)
e(612	1	5	150)
e(612	2	5	70)
e(612	3	5	60)
e(612	4	5	50)
e(613	1	2	40)
e(613	1	3	40)
e(613	2	3	150)
e(614	1	2	120)
e(614	1	3	70)
e(614	2	3	10)
e(614	1	4	100)
e(614	2	4	150)
e(614	3	4	140)
e(614	1	5	110)
e(614	2	5	120)
e(614	3	5	110)
e(614	4	5	130)
e(615	1	2	160)
e(615	1	3	40)
e(615	2	3	130)
e(615	1	4	150)
e(615	2	4	20)
e(615	3	4	50)
e(617	1	2	80)
e(617	1	3	90)
e(617	2	3	110)
e(617	2	4	10)
e(617	3	4	30)
e(618	1	2	60)
e(619	1	2	40)
e(619	1	3	160)
e(619	2	3	50)
e(619	1	4	110)
e(619	2	4	140)
e(619	3	4	90)
e(620	1	2	60)
e(620	1	3	80)
e(620	2	3	80)
e(620	1	4	160)
e(620	2	4	70)
e(620	3	4	140)
e(622	1	2	110)
e(622	1	3	100)
e(622	2	3	40)
e(622	1	4	160)
e(622	2	4	90)
e(622	3	4	70)
e(622	1	5	50)
e(622	2	5	160)
e(622	3	5	70)
e(622	4	5	30)
e(623	1	2	160)
e(623	2	3	100)
e(623	1	4	140)
e(623	2	4	30)
e(623	3	4	160)
e(623	1	5	120)
e(623	2	5	40)
e(623	3	5	110)
e(623	4	5	40)
e(625	1	2	110)
e(626	1	2	20)
e(627	1	2	50)
e(629	1	2	120)
e(629	1	3	150)
e(629	2	3	30)
e(629	1	4	130)
e(629	2	4	80)
e(629	3	4	20)
e(630	1	2	90)
e(630	1	3	130)
e(630	2	3	100)
e(630	1	4	50)
e(630	2	4	30)
e(630	3	4	160)
e(630	1	5	20)
e(630	2	5	70)
e(630	3	5	130)
e(630	4	5	110)
e(631	1	2	160)
e(631	1	3	70)
e(631	2	3	10)
e(631	1	4	80)
e(631	2	4	130)
e(631	3	4	20)
e(631	1	5	90)
e(631	3	5	100)
e(631	4	5	120)
e(632	1	2	100)
e(632	2	3	90)
e(632	2	4	70)
e(632	3	4	120)
e(633	1	2	60)
e(633	1	3	100)
e(633	2	3	150)
e(634	1	2	120)
e(636	1	2	90)
e(636	1	3	160)
e(636	2	3	50)
e(636	1	4	80)
e(636	2	4	100)
e(636	3	4	90)
e(637	1	2	140)
e(637	1	3	50)
e(637	2	3	110)
e(638	1	2	90)
e(638	1	3	150)
e(638	2	3	80)
e(639	1	2	150)
e(639	2	3	60)
e(639	1	4	90)
e(639	2	4	30)
e(639	3	4	110)
e(640	1	2	30)
e(640	1	3	50)
e(640	2	3	90)
e(640	1	4	160)
e(640	2	4	40)
e(640	3	4	40)
e(641	1	2	40)
e(642	1	2	10)
e(642	1	3	90)
e(642	2	3	130)
e(642	1	4	130)
e(642	2	4	30)
e(642	3	4	50)
e(646	1	2	150)
e(646	1	3	50)
e(646	2	3	120)
e(646	1	4	100)
e(646	2	4	120)
e(646	3	4	160)
e(646	2	5	60)
e(646	4	5	110)
e(647	1	2	30)
e(647	1	3	120)
e(647	2	3	10)
e(647	1	4	50)
e(647	2	4	30)
e(647	3	4	70)
e(647	2	5	20)
e(647	3	5	30)
e(647	4	5	80)
e(648	1	2	80)
e(649	1	2	90)
e(649	1	3	50)
e(649	2	3	110)
e(649	1	4	50)
e(649	2	4	80)
e(649	3	4	50)
e(650	1	2	80)
e(651	1	2	30)
e(651	1	3	90)
e(651	1	4	50)
e(651	2	4	140)
e(651	3	4	80)
e(656	1	2	130)
e(656	1	3	30)
e(656	2	3	90)
e(656	1	4	10)
e(656	2	4	150)
e(656	3	4	150)
e(658	1	3	130)
e(658	2	3	150)
e(659	1	2	10)
e(660	1	2	150)
e(660	1	3	40)
e(660	1	4	30)
e(660	2	4	120)
e(660	3	4	100)
e(660	1	5	10)
e(660	2	5	90)
e(660	3	5	160)
e(660	4	5	60)
e(661	1	2	140)
e(662	1	2	90)
e(663	1	2	40)
e(663	1	3	10)
e(663	2	3	130)
e(663	1	4	30)
e(663	2	4	10)
e(663	3	4	30)
e(663	1	5	40)
e(663	2	5	110)
e(663	3	5	50)
e(663	4	5	130)
e(664	1	2	110)
e(664	1	3	60)
e(664	2	3	30)
e(664	1	4	20)
e(664	2	4	10)
e(664	3	4	90)
e(665	1	2	120)
e(666	1	2	30)
e(666	1	3	40)
e(666	2	3	30)
e(666	1	4	160)
e(666	2	4	80)
e(666	3	4	90)
e(667	1	2	10)
e(667	1	3	30)
e(667	2	3	40)
e(667	1	4	30)
e(667	3	4	10)
e(667	1	5	160)
e(667	2	5	80)
e(667	3	5	40)
e(667	4	5	90)
e(668	1	2	100)
e(668	1	3	140)
e(669	1	2	130)
e(669	1	3	160)
e(669	2	3	40)
e(670	1	2	70)
e(670	1	3	150)
e(670	2	3	40)
e(670	1	4	60)
e(670	2	4	130)
e(670	3	4	90)
e(671	1	2	90)
e(671	2	3	120)
e(671	1	4	30)
e(671	2	4	50)
e(671	3	4	80)
e(671	1	5	150)
e(671	2	5	70)
e(671	3	5	100)
e(671	4	5	80)
e(672	1	2	10)
e(672	1	3	70)
e(672	2	3	90)
e(672	1	4	30)
e(672	2	4	100)
e(672	3	4	140)
e(673	1	2	20)
e(673	1	3	50)
e(673	2	3	60)
e(674	1	2	110)
e(674	1	3	110)
e(674	2	3	20)
e(674	1	4	70)
e(674	2	4	50)
e(674	3	4	40)
e(675	1	2	70)
e(675	1	3	60)
e(675	2	3	30)
e(675	1	4	110)
e(675	2	4	60)
e(675	3	4	150)
e(675	1	5	110)
e(675	2	5	120)
e(675	3	5	50)
e(677	1	2	110)
e(677	1	3	40)
e(677	2	3	110)
e(677	2	4	40)
e(678	1	2	70)
e(678	1	3	130)
e(678	2	3	30)
e(678	1	4	90)
e(678	2	4	150)
e(678	3	4	90)
e(678	1	5	130)
e(678	2	5	80)
e(678	3	5	80)
e(678	4	5	140)
e(679	1	3	70)
e(679	2	3	100)
e(679	1	4	60)
e(679	2	4	60)
e(679	3	4	40)
e(680	1	3	130)
e(680	2	3	50)
e(682	1	2	150)
e(682	1	3	140)
e(682	2	3	20)
e(683	1	2	40)
e(683	1	4	150)
e(683	2	4	130)
e(683	3	4	120)
e(683	1	5	50)
e(683	2	5	20)
e(683	3	5	130)
e(683	4	5	50)
e(684	1	2	60)
e(684	1	3	60)
e(684	2	3	50)
e(684	1	4	70)
e(684	2	4	140)
e(684	3	4	10)
e(684	1	5	50)
e(684	2	5	160)
e(684	3	5	130)
e(684	4	5	20)
e(685	1	2	90)
e(685	1	3	130)
e(685	2	3	10)
e(685	1	4	130)
e(685	3	4	20)
e(686	1	2	40)
e(686	1	3	40)
e(686	2	3	70)
e(686	1	4	30)
e(686	3	4	40)
e(687	1	2	20)
e(687	1	3	90)
e(687	2	3	110)
e(688	1	2	10)
e(689	1	2	50)
e(689	1	3	50)
e(689	2	3	140)
e(689	1	4	130)
e(689	2	4	90)
e(689	3	4	10)
e(692	1	2	120)
e(692	1	3	10)
e(692	2	3	50)
e(692	1	4	130)
e(692	2	4	50)
e(692	3	4	60)
e(692	2	5	150)
e(692	3	5	10)
e(692	4	5	150)
e(694	1	2	90)
e(694	1	3	140)
e(694	2	3	50)
e(694	1	4	40)
e(694	2	4	50)
e(694	3	4	100)
e(694	1	5	10)
e(694	2	5	70)
e(694	3	5	20)
e(694	4	5	30)
e(695	1	2	160)
e(695	1	3	130)
e(695	2	3	80)
e(697	1	2	120)
e(697	1	3	90)
e(697	2	3	120)
e(698	1	2	140)
e(698	1	3	30)
e(698	2	3	70)
e(698	1	4	140)
e(698	2	4	130)
e(698	3	4	150)
e(699	1	2	30)
