700

d(1	16	24	5	200000.0)
d(2	10	21	4	200000.0)
d(3	3	18	2	200000.0)
d(4	22	23	2	200000.0)
d(5	5	11	2	200000.0)
d(6	3	20	1	200000.0)
d(7	2	19	1	200000.0)
d(8	10	11	3	200000.0)
d(9	24	24	2	200000.0)
d(10	10	18	2	200000.0)
d(11	5	6	5	200000.0)
d(12	16	24	3	200000.0)
d(13	22	24	2	200000.0)
d(14	6	7	4	200000.0)
d(15	1	11	5	200000.0)
d(16	17	24	1	200000.0)
d(17	15	21	5	200000.0)
d(18	16	19	4	200000.0)
d(19	23	23	3	200000.0)
d(20	24	24	1	200000.0)
d(21	5	10	3	200000.0)
d(22	20	23	3	200000.0)
d(23	21	22	4	200000.0)
d(24	11	15	3	200000.0)
d(25	4	10	5	200000.0)
d(26	19	21	2	200000.0)
d(27	23	24	2	200000.0)
d(28	8	16	3	200000.0)
d(29	10	16	1	200000.0)
d(30	14	23	1	200000.0)
d(31	21	23	5	200000.0)
d(32	19	20	2	200000.0)
d(33	10	22	5	200000.0)
d(34	16	19	1	200000.0)
d(35	3	22	3	200000.0)
d(36	5	17	2	200000.0)
d(37	12	14	4	200000.0)
d(38	5	16	3	200000.0)
d(39	23	23	1	200000.0)
d(40	10	14	5	200000.0)
d(41	17	22	5	200000.0)
d(42	18	23	2	200000.0)
d(43	22	24	3	200000.0)
d(44	22	24	4	200000.0)
d(45	4	5	1	200000.0)
d(46	21	22	3	200000.0)
d(47	23	24	3	200000.0)
d(48	16	18	4	200000.0)
d(49	14	23	2	200000.0)
d(50	23	23	1	200000.0)
d(51	5	11	3	200000.0)
d(52	17	17	3	200000.0)
d(53	13	21	3	200000.0)
d(54	7	19	1	200000.0)
d(55	4	5	3	200000.0)
d(56	13	16	5	200000.0)
d(57	16	16	1	200000.0)
d(58	24	24	3	200000.0)
d(59	13	24	1	200000.0)
d(60	19	22	2	200000.0)
d(61	20	23	1	200000.0)
d(62	15	18	5	200000.0)
d(63	23	24	3	200000.0)
d(64	13	17	5	200000.0)
d(65	18	23	2	200000.0)
d(66	24	24	2	200000.0)
d(67	12	13	3	200000.0)
d(68	7	10	2	200000.0)
d(69	13	20	3	200000.0)
d(70	21	21	5	200000.0)
d(71	6	20	4	200000.0)
d(72	16	24	4	200000.0)
d(73	20	23	1	200000.0)
d(74	9	16	1	200000.0)
d(75	14	23	3	200000.0)
d(76	4	23	1	200000.0)
d(77	5	18	3	200000.0)
d(78	5	11	2	200000.0)
d(79	5	20	1	200000.0)
d(80	23	23	4	200000.0)
d(81	10	12	1	200000.0)
d(82	12	20	3	200000.0)
d(83	23	24	4	200000.0)
d(84	9	24	1	200000.0)
d(85	14	18	3	200000.0)
d(86	10	23	4	200000.0)
d(87	19	22	4	200000.0)
d(88	23	24	5	200000.0)
d(89	12	23	4	200000.0)
d(90	2	8	1	200000.0)
d(91	15	23	4	200000.0)
d(92	24	24	2	200000.0)
d(93	14	20	1	200000.0)
d(94	19	23	4	200000.0)
d(95	24	24	1	200000.0)
d(96	11	16	5	200000.0)
d(97	1	19	3	200000.0)
d(98	8	24	3	200000.0)
d(99	20	23	5	200000.0)
d(100	4	19	5	200000.0)
d(101	16	16	1	200000.0)
d(102	1	13	3	200000.0)
d(103	11	17	5	200000.0)
d(104	3	6	1	200000.0)
d(105	14	21	4	200000.0)
d(106	16	20	3	200000.0)
d(107	14	15	3	200000.0)
d(108	12	18	2	200000.0)
d(109	7	13	2	200000.0)
d(110	23	24	1	200000.0)
d(111	15	19	1	200000.0)
d(112	4	9	1	200000.0)
d(113	16	18	2	200000.0)
d(114	19	22	4	200000.0)
d(115	21	22	5	200000.0)
d(116	16	17	4	200000.0)
d(117	24	24	5	200000.0)
d(118	23	23	1	200000.0)
d(119	3	3	3	200000.0)
d(120	23	23	4	200000.0)
d(121	11	15	1	200000.0)
d(122	13	15	1	200000.0)
d(123	2	8	5	200000.0)
d(124	5	20	1	200000.0)
d(125	24	24	2	200000.0)
d(126	9	20	5	200000.0)
d(127	15	22	5	200000.0)
d(128	22	24	4	200000.0)
d(129	7	17	2	200000.0)
d(130	17	22	4	200000.0)
d(131	14	18	1	200000.0)
d(132	9	17	2	200000.0)
d(133	16	22	1	200000.0)
d(134	9	11	4	200000.0)
d(135	11	21	4	200000.0)
d(136	4	22	3	200000.0)
d(137	7	18	3	200000.0)
d(138	5	23	4	200000.0)
d(139	9	22	2	200000.0)
d(140	7	23	1	200000.0)
d(141	23	24	2	200000.0)
d(142	5	23	2	200000.0)
d(143	24	24	1	200000.0)
d(144	5	18	5	200000.0)
d(145	4	5	1	200000.0)
d(146	9	19	4	200000.0)
d(147	15	23	1	200000.0)
d(148	23	24	2	200000.0)
d(149	6	18	5	200000.0)
d(150	10	18	2	200000.0)
d(151	17	22	3	200000.0)
d(152	22	22	3	200000.0)
d(153	21	21	1	200000.0)
d(154	10	10	5	200000.0)
d(155	4	18	5	200000.0)
d(156	15	20	1	200000.0)
d(157	20	24	4	200000.0)
d(158	14	16	4	200000.0)
d(159	4	19	5	200000.0)
d(160	17	19	1	200000.0)
d(161	12	19	2	200000.0)
d(162	13	24	1	200000.0)
d(163	10	16	4	200000.0)
d(164	24	24	5	200000.0)
d(165	2	14	1	200000.0)
d(166	4	6	5	200000.0)
d(167	2	2	5	200000.0)
d(168	17	24	3	200000.0)
d(169	21	21	5	200000.0)
d(170	19	22	1	200000.0)
d(171	14	14	5	200000.0)
d(172	4	5	4	200000.0)
d(173	7	16	1	200000.0)
d(174	8	24	1	200000.0)
d(175	7	20	4	200000.0)
d(176	15	18	2	200000.0)
d(177	2	12	2	200000.0)
d(178	4	16	3	200000.0)
d(179	8	9	4	200000.0)
d(180	22	22	4	200000.0)
d(181	13	14	3	200000.0)
d(182	14	20	4	200000.0)
d(183	20	20	3	200000.0)
d(184	18	18	3	200000.0)
d(185	2	10	2	200000.0)
d(186	23	24	5	200000.0)
d(187	8	19	5	200000.0)
d(188	4	18	4	200000.0)
d(189	19	20	3	200000.0)
d(190	12	22	5	200000.0)
d(191	12	15	4	200000.0)
d(192	15	15	1	200000.0)
d(193	2	9	2	200000.0)
d(194	8	9	1	200000.0)
d(195	15	21	5	200000.0)
d(196	6	18	3	200000.0)
d(197	13	23	2	200000.0)
d(198	23	24	3	200000.0)
d(199	4	9	4	200000.0)
d(200	6	21	2	200000.0)
d(201	24	24	1	200000.0)
d(202	5	19	3	200000.0)
d(203	4	7	1	200000.0)
d(204	7	19	1	200000.0)
d(205	2	16	4	200000.0)
d(206	19	22	4	200000.0)
d(207	9	13	5	200000.0)
d(208	7	7	4	200000.0)
d(209	6	13	5	200000.0)
d(210	13	13	5	200000.0)
d(211	16	21	2	200000.0)
d(212	14	23	2	200000.0)
d(213	22	23	3	200000.0)
d(214	19	24	4	200000.0)
d(215	4	14	1	200000.0)
d(216	22	24	3	200000.0)
d(217	7	20	1	200000.0)
d(218	8	9	5	200000.0)
d(219	24	24	2	200000.0)
d(220	2	15	1	200000.0)
d(221	23	24	2	200000.0)
d(222	14	21	4	200000.0)
d(223	17	21	1	200000.0)
d(224	15	16	3	200000.0)
d(225	2	11	5	200000.0)
d(226	21	23	5	200000.0)
d(227	20	23	2	200000.0)
d(228	18	21	4	200000.0)
d(229	4	17	2	200000.0)
d(230	19	23	3	200000.0)
d(231	5	10	5	200000.0)
d(232	16	23	5	200000.0)
d(233	7	24	1	200000.0)
d(234	24	24	4	200000.0)
d(235	23	23	5	200000.0)
d(236	14	15	4	200000.0)
d(237	5	18	3	200000.0)
d(238	23	24	5	200000.0)
d(239	15	18	2	200000.0)
d(240	12	20	3	200000.0)
d(241	10	21	5	200000.0)
d(242	19	21	2	200000.0)
d(243	11	17	4	200000.0)
d(244	10	13	4	200000.0)
d(245	11	15	4	200000.0)
d(246	22	23	5	200000.0)
d(247	21	21	5	200000.0)
d(248	14	24	5	200000.0)
d(249	18	20	1	200000.0)
d(250	18	20	3	200000.0)
d(251	1	13	2	200000.0)
d(252	19	22	4	200000.0)
d(253	14	21	2	200000.0)
d(254	6	17	5	200000.0)
d(255	2	17	4	200000.0)
d(256	23	24	3	200000.0)
d(257	14	24	5	200000.0)
d(258	5	17	2	200000.0)
d(259	7	19	4	200000.0)
d(260	1	9	3	200000.0)
d(261	23	23	4	200000.0)
d(262	3	23	5	200000.0)
d(263	2	24	5	200000.0)
d(264	22	23	2	200000.0)
d(265	8	22	2	200000.0)
d(266	22	22	3	200000.0)
d(267	13	14	2	200000.0)
d(268	3	10	1	200000.0)
d(269	2	18	2	200000.0)
d(270	7	16	2	200000.0)
d(271	11	16	3	200000.0)
d(272	13	19	2	200000.0)
d(273	16	23	5	200000.0)
d(274	16	17	1	200000.0)
d(275	23	23	2	200000.0)
d(276	10	10	4	200000.0)
d(277	9	9	5	200000.0)
d(278	6	17	2	200000.0)
d(279	18	24	1	200000.0)
d(280	12	15	5	200000.0)
d(281	12	19	2	200000.0)
d(282	22	23	2	200000.0)
d(283	15	15	2	200000.0)
d(284	2	3	3	200000.0)
d(285	20	23	5	200000.0)
d(286	22	23	1	200000.0)
d(287	1	15	3	200000.0)
d(288	15	17	1	200000.0)
d(289	2	14	5	200000.0)
d(290	5	5	2	200000.0)
d(291	6	14	2	200000.0)
d(292	19	20	3	200000.0)
d(293	11	22	4	200000.0)
d(294	9	14	4	200000.0)
d(295	18	19	1	200000.0)
d(296	1	9	2	200000.0)
d(297	1	19	2	200000.0)
d(298	8	21	5	200000.0)
d(299	23	23	3	200000.0)
d(300	4	21	5	200000.0)
d(301	16	24	5	200000.0)
d(302	21	21	2	200000.0)
d(303	14	14	2	200000.0)
d(304	7	9	5	200000.0)
d(305	16	19	3	200000.0)
d(306	3	8	3	200000.0)
d(307	6	16	5	200000.0)
d(308	3	7	1	200000.0)
d(309	23	24	1	200000.0)
d(310	21	22	5	200000.0)
d(311	19	20	1	200000.0)
d(312	5	5	4	200000.0)
d(313	10	24	1	200000.0)
d(314	4	13	2	200000.0)
d(315	20	24	1	200000.0)
d(316	8	20	3	200000.0)
d(317	20	20	2	200000.0)
d(318	7	13	1	200000.0)
d(319	15	19	2	200000.0)
d(320	13	17	4	200000.0)
d(321	24	24	5	200000.0)
d(322	4	22	4	200000.0)
d(323	6	17	2	200000.0)
d(324	16	24	2	200000.0)
d(325	2	3	2	200000.0)
d(326	12	12	5	200000.0)
d(327	22	22	5	200000.0)
d(328	12	20	3	200000.0)
d(329	12	15	4	200000.0)
d(330	17	17	2	200000.0)
d(331	6	13	2	200000.0)
d(332	14	20	4	200000.0)
d(333	13	18	3	200000.0)
d(334	20	24	5	200000.0)
d(335	14	20	2	200000.0)
d(336	23	24	5	200000.0)
d(337	21	22	2	200000.0)
d(338	7	8	4	200000.0)
d(339	14	14	3	200000.0)
d(340	2	21	3	200000.0)
d(341	3	24	3	200000.0)
d(342	5	19	3	200000.0)
d(343	19	23	2	200000.0)
d(344	4	5	4	200000.0)
d(345	7	22	5	200000.0)
d(346	5	15	2	200000.0)
d(347	3	6	3	200000.0)
d(348	2	6	1	200000.0)
d(349	7	19	3	200000.0)
d(350	10	16	4	200000.0)
d(351	5	10	1	200000.0)
d(352	21	24	1	200000.0)
d(353	10	10	2	200000.0)
d(354	21	22	3	200000.0)
d(355	15	17	5	200000.0)
d(356	11	23	2	200000.0)
d(357	3	20	4	200000.0)
d(358	21	22	4	200000.0)
d(359	2	4	1	200000.0)
d(360	1	12	1	200000.0)
d(361	8	24	3	200000.0)
d(362	14	14	5	200000.0)
d(363	4	16	1	200000.0)
d(364	4	21	4	200000.0)
d(365	23	24	5	200000.0)
d(366	20	24	4	200000.0)
d(367	12	15	2	200000.0)
d(368	6	11	2	200000.0)
d(369	20	22	4	200000.0)
d(370	19	24	2	200000.0)
d(371	22	24	5	200000.0)
d(372	21	22	2	200000.0)
d(373	13	18	1	200000.0)
d(374	6	9	4	200000.0)
d(375	24	24	4	200000.0)
d(376	11	23	1	200000.0)
d(377	24	24	3	200000.0)
d(378	3	22	4	200000.0)
d(379	2	21	1	200000.0)
d(380	19	23	3	200000.0)
d(381	20	21	1	200000.0)
d(382	23	24	3	200000.0)
d(383	15	15	2	200000.0)
d(384	16	20	5	200000.0)
d(385	11	14	1	200000.0)
d(386	3	11	3	200000.0)
d(387	12	22	1	200000.0)
d(388	19	24	5	200000.0)
d(389	13	13	3	200000.0)
d(390	22	22	5	200000.0)
d(391	11	21	1	200000.0)
d(392	22	23	4	200000.0)
d(393	16	23	2	200000.0)
d(394	14	23	4	200000.0)
d(395	19	19	5	200000.0)
d(396	12	24	5	200000.0)
d(397	5	17	4	200000.0)
d(398	14	16	2	200000.0)
d(399	24	24	3	200000.0)
d(400	3	24	1	200000.0)
d(401	24	24	3	200000.0)
d(402	5	15	4	200000.0)
d(403	2	9	1	200000.0)
d(404	4	19	2	200000.0)
d(405	2	23	3	200000.0)
d(406	23	24	2	200000.0)
d(407	5	24	1	200000.0)
d(408	24	24	3	200000.0)
d(409	13	14	5	200000.0)
d(410	20	22	1	200000.0)
d(411	6	14	4	200000.0)
d(412	21	23	2	200000.0)
d(413	21	24	5	200000.0)
d(414	20	22	5	200000.0)
d(415	10	20	3	200000.0)
d(416	14	23	5	200000.0)
d(417	5	5	3	200000.0)
d(418	3	5	3	200000.0)
d(419	23	24	3	200000.0)
d(420	11	13	3	200000.0)
d(421	21	24	1	200000.0)
d(422	12	20	4	200000.0)
d(423	6	23	2	200000.0)
d(424	9	20	1	200000.0)
d(425	10	12	2	200000.0)
d(426	9	14	2	200000.0)
d(427	11	11	1	200000.0)
d(428	7	19	3	200000.0)
d(429	11	16	1	200000.0)
d(430	21	24	5	200000.0)
d(431	17	17	4	200000.0)
d(432	13	20	2	200000.0)
d(433	8	24	2	200000.0)
d(434	6	10	4	200000.0)
d(435	21	24	3	200000.0)
d(436	9	11	3	200000.0)
d(437	13	22	4	200000.0)
d(438	3	22	3	200000.0)
d(439	18	23	2	200000.0)
d(440	24	24	1	200000.0)
d(441	5	9	3	200000.0)
d(442	15	21	5	200000.0)
d(443	17	21	1	200000.0)
d(444	11	22	5	200000.0)
d(445	14	18	3	200000.0)
d(446	11	14	4	200000.0)
d(447	15	19	1	200000.0)
d(448	15	18	5	200000.0)
d(449	15	22	5	200000.0)
d(450	13	16	4	200000.0)
d(451	14	21	4	200000.0)
d(452	24	24	4	200000.0)
d(453	20	22	2	200000.0)
d(454	9	15	5	200000.0)
d(455	5	23	3	200000.0)
d(456	11	21	2	200000.0)
d(457	12	13	3	200000.0)
d(458	21	23	2	200000.0)
d(459	7	10	3	200000.0)
d(460	13	23	2	200000.0)
d(461	20	23	5	200000.0)
d(462	6	14	2	200000.0)
d(463	6	18	3	200000.0)
d(464	15	24	4	200000.0)
d(465	4	4	4	200000.0)
d(466	9	17	3	200000.0)
d(467	3	19	1	200000.0)
d(468	16	23	1	200000.0)
d(469	15	20	4	200000.0)
d(470	4	12	1	200000.0)
d(471	1	4	3	200000.0)
d(472	15	22	3	200000.0)
d(473	19	24	4	200000.0)
d(474	13	24	4	200000.0)
d(475	24	24	4	200000.0)
d(476	16	19	1	200000.0)
d(477	15	16	2	200000.0)
d(478	7	9	2	200000.0)
d(479	2	17	1	200000.0)
d(480	4	5	4	200000.0)
d(481	13	18	1	200000.0)
d(482	10	18	2	200000.0)
d(483	15	22	3	200000.0)
d(484	11	19	4	200000.0)
d(485	21	22	5	200000.0)
d(486	21	21	5	200000.0)
d(487	2	4	4	200000.0)
d(488	2	16	4	200000.0)
d(489	15	17	2	200000.0)
d(490	12	14	2	200000.0)
d(491	11	20	4	200000.0)
d(492	12	20	4	200000.0)
d(493	1	8	2	200000.0)
d(494	11	22	1	200000.0)
d(495	18	18	5	200000.0)
d(496	2	19	4	200000.0)
d(497	20	24	4	200000.0)
d(498	21	24	1	200000.0)
d(499	24	24	4	200000.0)
d(500	19	23	5	200000.0)
d(501	9	17	2	200000.0)
d(502	19	22	1	200000.0)
d(503	5	15	4	200000.0)
d(504	13	23	4	200000.0)
d(505	2	7	1	200000.0)
d(506	2	3	4	200000.0)
d(507	19	21	2	200000.0)
d(508	9	17	2	200000.0)
d(509	2	19	4	200000.0)
d(510	14	22	3	200000.0)
d(511	22	22	5	200000.0)
d(512	12	13	5	200000.0)
d(513	18	19	2	200000.0)
d(514	13	14	4	200000.0)
d(515	8	19	5	200000.0)
d(516	10	19	4	200000.0)
d(517	11	23	5	200000.0)
d(518	3	6	5	200000.0)
d(519	10	21	2	200000.0)
d(520	3	9	2	200000.0)
d(521	19	23	4	200000.0)
d(522	4	5	2	200000.0)
d(523	3	3	2	200000.0)
d(524	18	22	3	200000.0)
d(525	23	24	5	200000.0)
d(526	6	7	2	200000.0)
d(527	23	23	4	200000.0)
d(528	8	21	4	200000.0)
d(529	19	22	3	200000.0)
d(530	11	21	5	200000.0)
d(531	8	19	3	200000.0)
d(532	23	23	1	200000.0)
d(533	13	18	5	200000.0)
d(534	2	3	3	200000.0)
d(535	13	13	1	200000.0)
d(536	7	16	5	200000.0)
d(537	18	20	2	200000.0)
d(538	24	24	2	200000.0)
d(539	21	21	5	200000.0)
d(540	22	24	2	200000.0)
d(541	10	23	3	200000.0)
d(542	7	9	5	200000.0)
d(543	1	16	3	200000.0)
d(544	12	17	2	200000.0)
d(545	18	22	5	200000.0)
d(546	22	24	2	200000.0)
d(547	11	24	3	200000.0)
d(548	19	20	1	200000.0)
d(549	17	23	3	200000.0)
d(550	23	24	2	200000.0)
d(551	19	19	3	200000.0)
d(552	20	22	2	200000.0)
d(553	10	11	5	200000.0)
d(554	12	24	2	200000.0)
d(555	13	13	3	200000.0)
d(556	19	22	4	200000.0)
d(557	2	12	4	200000.0)
d(558	19	21	2	200000.0)
d(559	7	20	1	200000.0)
d(560	4	10	2	200000.0)
d(561	8	10	1	200000.0)
d(562	22	23	3	200000.0)
d(563	1	7	2	200000.0)
d(564	11	21	2	200000.0)
d(565	22	24	1	200000.0)
d(566	15	20	2	200000.0)
d(567	1	10	1	200000.0)
d(568	19	20	1	200000.0)
d(569	17	17	3	200000.0)
d(570	2	20	2	200000.0)
d(571	17	22	2	200000.0)
d(572	23	24	3	200000.0)
d(573	24	24	1	200000.0)
d(574	13	14	4	200000.0)
d(575	21	21	4	200000.0)
d(576	2	10	3	200000.0)
d(577	23	23	1	200000.0)
d(578	5	19	1	200000.0)
d(579	2	24	2	200000.0)
d(580	5	14	5	200000.0)
d(581	6	16	2	200000.0)
d(582	15	15	5	200000.0)
d(583	3	12	3	200000.0)
d(584	3	6	4	200000.0)
d(585	19	19	4	200000.0)
d(586	12	12	1	200000.0)
d(587	19	24	4	200000.0)
d(588	5	5	2	200000.0)
d(589	19	22	2	200000.0)
d(590	6	17	2	200000.0)
d(591	8	8	1	200000.0)
d(592	2	23	2	200000.0)
d(593	7	13	5	200000.0)
d(594	24	24	1	200000.0)
d(595	22	24	4	200000.0)
d(596	4	12	3	200000.0)
d(597	2	23	4	200000.0)
d(598	1	13	3	200000.0)
d(599	12	24	3	200000.0)
d(600	6	8	1	200000.0)
d(601	7	17	5	200000.0)
d(602	10	21	3	200000.0)
d(603	19	21	4	200000.0)
d(604	16	24	5	200000.0)
d(605	6	23	1	200000.0)
d(606	5	16	5	200000.0)
d(607	6	15	1	200000.0)
d(608	21	22	5	200000.0)
d(609	15	19	5	200000.0)
d(610	14	18	2	200000.0)
d(611	18	19	5	200000.0)
d(612	2	4	2	200000.0)
d(613	17	18	5	200000.0)
d(614	6	22	4	200000.0)
d(615	16	21	3	200000.0)
d(616	13	13	4	200000.0)
d(617	1	9	4	200000.0)
d(618	14	24	3	200000.0)
d(619	8	13	2	200000.0)
d(620	3	7	3	200000.0)
d(621	2	21	1	200000.0)
d(622	16	16	2	200000.0)
d(623	18	24	5	200000.0)
d(624	20	20	2	200000.0)
d(625	3	19	4	200000.0)
d(626	17	24	3	200000.0)
d(627	6	24	4	200000.0)
d(628	10	12	2	200000.0)
d(629	1	12	5	200000.0)
d(630	7	21	4	200000.0)
d(631	5	11	2	200000.0)
d(632	19	22	5	200000.0)
d(633	7	22	3	200000.0)
d(634	19	22	4	200000.0)
d(635	19	22	4	200000.0)
d(636	14	22	2	200000.0)
d(637	2	16	1	200000.0)
d(638	21	23	1	200000.0)
d(639	9	12	4	200000.0)
d(640	24	24	2	200000.0)
d(641	23	24	4	200000.0)
d(642	3	9	2	200000.0)
d(643	16	23	1	200000.0)
d(644	12	17	1	200000.0)
d(645	22	24	1	200000.0)
d(646	18	21	1	200000.0)
d(647	6	16	3	200000.0)
d(648	3	4	5	200000.0)
d(649	5	7	4	200000.0)
d(650	14	16	5	200000.0)
d(651	2	12	3	200000.0)
d(652	17	19	4	200000.0)
d(653	2	24	4	200000.0)
d(654	12	15	5	200000.0)
d(655	22	23	4	200000.0)
d(656	12	24	4	200000.0)
d(657	12	18	2	200000.0)
d(658	8	15	2	200000.0)
d(659	13	16	5	200000.0)
d(660	16	21	1	200000.0)
d(661	20	22	3	200000.0)
d(662	11	20	4	200000.0)
d(663	7	7	4	200000.0)
d(664	22	24	1	200000.0)
d(665	2	11	1	200000.0)
d(666	5	19	1	200000.0)
d(667	19	21	3	200000.0)
d(668	20	21	4	200000.0)
d(669	12	20	5	200000.0)
d(670	6	11	2	200000.0)
d(671	5	13	2	200000.0)
d(672	13	22	2	200000.0)
d(673	20	20	4	200000.0)
d(674	21	22	2	200000.0)
d(675	12	17	1	200000.0)
d(676	16	21	1	200000.0)
d(677	9	23	2	200000.0)
d(678	17	23	2	200000.0)
d(679	18	23	2	200000.0)
d(680	11	23	2	200000.0)
d(681	11	13	4	200000.0)
d(682	15	21	1	200000.0)
d(683	7	19	3	200000.0)
d(684	1	12	4	200000.0)
d(685	12	13	2	200000.0)
d(686	23	23	2	200000.0)
d(687	14	17	5	200000.0)
d(688	20	20	1	200000.0)
d(689	3	15	2	200000.0)
d(690	5	23	3	200000.0)
d(691	9	15	5	200000.0)
d(692	19	20	3	200000.0)
d(693	16	18	2	200000.0)
d(694	3	17	3	200000.0)
d(695	13	23	3	200000.0)
d(696	5	17	4	200000.0)
d(697	15	18	5	200000.0)
d(698	17	21	5	200000.0)
d(699	15	23	1	200000.0)
d(700	5	5	1	200000.0)
v(1	1	14	54	28	4)
v(1	2	15	90	30	4)
v(1	3	13	109	26	4)
v(1	4	3	47	6	4)
v(1	5	17	56	34	4)
v(2	1	19	115	38	3)
v(2	2	32	182	64	3)
v(2	3	13	23	26	3)
v(2	4	23	73	46	3)
v(3	1	3	140	6	1)
v(3	2	2	94	4	1)
v(4	1	19	134	38	1)
v(4	2	21	72	42	1)
v(5	1	18	91	36	1)
v(5	2	5	62	10	1)
v(6	1	27	132	54	0)
v(7	1	7	60	14	0)
v(8	1	16	17	32	2)
v(8	2	4	127	8	2)
v(8	3	27	85	54	2)
v(9	1	3	47	6	1)
v(9	2	12	24	24	1)
v(10	1	23	40	46	1)
v(10	2	27	88	54	1)
v(11	1	27	71	54	4)
v(11	2	25	87	50	4)
v(11	3	32	130	64	3)
v(11	4	17	69	34	4)
v(11	5	16	43	32	3)
v(12	1	23	97	46	2)
v(12	2	25	139	50	2)
v(12	3	6	35	12	2)
v(13	1	9	103	18	0)
v(13	2	21	130	42	0)
v(14	1	14	93	28	3)
v(14	2	7	95	14	3)
v(14	3	9	45	18	3)
v(14	4	10	90	20	3)
v(15	1	14	24	28	4)
v(15	2	2	143	4	4)
v(15	3	10	71	20	4)
v(15	4	29	92	58	4)
v(15	5	3	158	6	4)
v(16	1	13	68	26	0)
v(17	1	7	102	14	4)
v(17	2	9	20	18	4)
v(17	3	32	65	64	4)
v(17	4	11	17	22	4)
v(17	5	18	47	36	4)
v(18	1	22	49	44	3)
v(18	2	4	71	8	2)
v(18	3	30	54	60	2)
v(18	4	18	167	36	3)
v(19	1	19	173	38	2)
v(19	2	18	153	36	1)
v(19	3	12	94	24	1)
v(20	1	5	61	10	0)
v(21	1	31	63	62	2)
v(21	2	32	67	64	2)
v(21	3	1	65	2	2)
v(22	1	18	100	36	2)
v(22	2	14	130	28	1)
v(22	3	6	50	12	1)
v(23	1	26	138	52	3)
v(23	2	4	57	8	3)
v(23	3	9	42	18	3)
v(23	4	5	31	10	3)
v(24	1	29	128	58	2)
v(24	2	2	105	4	2)
v(24	3	11	112	22	2)
v(25	1	20	69	40	4)
v(25	2	17	55	34	4)
v(25	3	14	124	28	4)
v(25	4	12	53	24	4)
v(25	5	2	23	4	4)
v(26	1	14	117	28	0)
v(26	2	25	31	50	0)
v(27	1	9	10	18	1)
v(27	2	6	122	12	1)
v(28	1	3	27	6	2)
v(28	2	8	13	16	2)
v(28	3	25	128	50	2)
v(29	1	2	161	4	0)
v(30	1	1	62	2	0)
v(31	1	15	151	30	4)
v(31	2	17	119	34	4)
v(31	3	23	60	46	4)
v(31	4	4	121	8	4)
v(31	5	29	91	58	4)
v(32	1	27	170	54	1)
v(32	2	22	71	44	1)
v(33	1	12	112	24	4)
v(33	2	5	95	10	3)
v(33	3	26	167	52	4)
v(33	4	2	157	4	3)
v(33	5	12	107	24	4)
v(34	1	10	30	20	0)
v(35	1	16	82	32	2)
v(35	2	13	171	26	2)
v(35	3	4	40	8	2)
v(36	1	9	130	18	1)
v(36	2	29	107	58	1)
v(37	1	13	35	26	3)
v(37	2	22	93	44	3)
v(37	3	22	69	44	3)
v(37	4	27	91	54	3)
v(38	1	27	182	54	2)
v(38	2	3	137	6	2)
v(38	3	8	19	16	2)
v(39	1	22	90	44	0)
v(40	1	31	131	62	4)
v(40	2	2	127	4	4)
v(40	3	25	49	50	4)
v(40	4	24	74	48	4)
v(40	5	18	133	36	4)
v(41	1	1	90	2	4)
v(41	2	6	82	12	4)
v(41	3	14	162	28	4)
v(41	4	26	172	52	4)
v(41	5	13	132	26	4)
v(42	1	14	76	28	1)
v(42	2	1	78	2	1)
v(43	1	32	99	64	2)
v(43	2	8	55	16	2)
v(43	3	25	156	50	2)
v(44	1	1	40	2	3)
v(44	2	5	74	10	3)
v(44	3	31	61	62	3)
v(44	4	5	99	10	3)
v(45	1	6	40	12	0)
v(46	1	1	24	2	2)
v(46	2	1	143	2	1)
v(46	3	14	92	28	1)
v(47	1	21	51	42	2)
v(47	2	14	113	28	2)
v(47	3	16	112	32	2)
v(48	1	1	75	2	3)
v(48	2	9	117	18	3)
v(48	3	11	113	22	3)
v(48	4	24	26	48	3)
v(49	1	6	130	12	1)
v(49	2	30	40	60	1)
v(50	1	5	162	10	0)
v(51	1	32	129	64	2)
v(51	2	20	110	40	2)
v(51	3	29	37	58	2)
v(52	1	21	126	42	2)
v(52	2	25	79	50	2)
v(52	3	5	50	10	2)
v(53	1	2	76	4	2)
v(53	2	19	118	38	2)
v(53	3	9	83	18	2)
v(54	1	10	36	20	0)
v(55	1	6	30	12	2)
v(55	2	24	26	48	2)
v(55	3	15	153	30	2)
v(56	1	20	176	40	4)
v(56	2	13	154	26	4)
v(56	3	26	173	52	4)
v(56	4	26	110	52	4)
v(56	5	30	139	60	4)
v(57	1	32	71	64	0)
v(58	1	8	110	16	2)
v(58	2	29	86	58	2)
v(58	3	30	91	60	2)
v(59	1	19	63	38	0)
v(60	1	3	4	6	1)
v(60	2	12	23	24	1)
v(61	1	17	138	34	0)
v(62	1	26	156	52	4)
v(62	2	7	15	14	4)
v(62	3	9	106	18	4)
v(62	4	8	18	16	4)
v(62	5	11	19	22	4)
v(63	1	32	134	64	2)
v(63	2	9	157	18	2)
v(63	3	5	111	10	2)
v(64	1	19	149	38	4)
v(64	2	15	111	30	4)
v(64	3	6	32	12	4)
v(64	4	10	18	20	4)
v(64	5	31	143	62	4)
v(65	1	5	139	10	1)
v(65	2	24	80	48	1)
v(66	1	18	70	36	1)
v(66	2	27	39	54	1)
v(67	1	18	167	36	2)
v(67	2	21	79	42	2)
v(67	3	13	103	26	2)
v(68	1	11	163	22	1)
v(68	2	12	84	24	1)
v(69	1	3	60	6	2)
v(69	2	21	104	42	2)
v(69	3	1	49	2	2)
v(70	1	21	122	42	4)
v(70	2	21	67	42	4)
v(70	3	7	54	14	4)
v(70	4	8	112	16	4)
v(70	5	32	135	64	4)
v(71	1	5	81	10	2)
v(71	2	8	110	16	3)
v(71	3	32	63	64	2)
v(71	4	14	65	28	3)
v(72	1	15	66	30	3)
v(72	2	23	142	46	3)
v(72	3	9	117	18	3)
v(72	4	16	47	32	3)
v(73	1	21	42	42	0)
v(74	1	10	39	20	0)
v(75	1	25	128	50	2)
v(75	2	6	14	12	1)
v(75	3	4	112	8	1)
v(76	1	8	42	16	0)
v(77	1	22	79	44	2)
v(77	2	30	97	60	2)
v(77	3	5	154	10	2)
v(78	1	32	139	64	1)
v(78	2	6	126	12	1)
v(79	1	15	29	30	0)
v(80	1	15	20	30	3)
v(80	2	4	43	8	3)
v(80	3	32	86	64	3)
v(80	4	13	125	26	3)
v(81	1	22	92	44	0)
v(82	1	13	17	26	2)
v(82	2	28	92	56	1)
v(82	3	24	106	48	1)
v(83	1	11	167	22	3)
v(83	2	29	35	58	3)
v(83	3	32	149	64	3)
v(83	4	2	54	4	3)
v(84	1	30	155	60	0)
v(85	1	25	62	50	2)
v(85	2	27	43	54	2)
v(85	3	18	163	36	2)
v(86	1	7	148	14	3)
v(86	2	23	120	46	3)
v(86	3	19	33	38	3)
v(86	4	10	73	20	3)
v(87	1	23	155	46	2)
v(87	2	17	66	34	2)
v(87	3	23	161	46	3)
v(87	4	16	21	32	3)
v(88	1	1	119	2	4)
v(88	2	5	130	10	4)
v(88	3	16	17	32	4)
v(88	4	3	126	6	4)
v(88	5	31	132	62	4)
v(89	1	28	157	56	3)
v(89	2	9	57	18	3)
v(89	3	27	135	54	3)
v(89	4	4	79	8	3)
v(90	1	25	140	50	0)
v(91	1	16	25	32	3)
v(91	2	30	116	60	3)
v(91	3	10	69	20	3)
v(91	4	2	137	4	3)
v(92	1	21	29	42	1)
v(92	2	15	138	30	1)
v(93	1	24	175	48	0)
v(94	1	30	37	60	2)
v(94	2	16	79	32	3)
v(94	3	23	136	46	3)
v(94	4	5	42	10	2)
v(95	1	18	60	36	0)
v(96	1	22	147	44	3)
v(96	2	15	159	30	3)
v(96	3	32	59	64	4)
v(96	4	18	172	36	4)
v(96	5	20	134	40	4)
v(97	1	12	87	24	2)
v(97	2	31	116	62	2)
v(97	3	27	175	54	2)
v(98	1	22	167	44	2)
v(98	2	30	78	60	2)
v(98	3	27	114	54	2)
v(99	1	25	184	50	3)
v(99	2	20	38	40	4)
v(99	3	15	137	30	4)
v(99	4	25	100	50	3)
v(99	5	27	61	54	4)
v(100	1	2	105	4	4)
v(100	2	28	78	56	4)
v(100	3	4	116	8	4)
v(100	4	29	157	58	4)
v(100	5	17	44	34	4)
v(101	1	17	32	34	0)
v(102	1	19	98	38	2)
v(102	2	1	65	2	2)
v(102	3	7	158	14	2)
v(103	1	28	169	56	3)
v(103	2	29	50	58	4)
v(103	3	32	91	64	4)
v(103	4	1	26	2	3)
v(103	5	12	48	24	4)
v(104	1	28	170	56	0)
v(105	1	9	96	18	3)
v(105	2	27	73	54	3)
v(105	3	2	26	4	3)
v(105	4	11	74	22	3)
v(106	1	7	154	14	2)
v(106	2	27	144	54	2)
v(106	3	32	158	64	2)
v(107	1	7	20	14	2)
v(107	2	24	133	48	2)
v(107	3	25	160	50	2)
v(108	1	8	100	16	1)
v(108	2	5	114	10	1)
v(109	1	26	88	52	1)
v(109	2	18	92	36	1)
v(110	1	19	65	38	0)
v(111	1	10	101	20	0)
v(112	1	9	110	18	0)
v(113	1	23	138	46	1)
v(113	2	11	53	22	1)
v(114	1	1	12	2	3)
v(114	2	26	175	52	3)
v(114	3	8	50	16	3)
v(114	4	12	108	24	3)
v(115	1	5	66	10	3)
v(115	2	21	125	42	3)
v(115	3	15	125	30	4)
v(115	4	28	183	56	4)
v(115	5	26	112	52	4)
v(116	1	23	104	46	2)
v(116	2	30	65	60	3)
v(116	3	13	19	26	3)
v(116	4	11	105	22	2)
v(117	1	1	90	2	3)
v(117	2	10	21	20	4)
v(117	3	1	133	2	4)
v(117	4	23	51	46	4)
v(117	5	14	40	28	3)
v(118	1	12	13	24	0)
v(119	1	15	24	30	1)
v(119	2	18	88	36	2)
v(119	3	1	151	2	1)
v(120	1	12	51	24	3)
v(120	2	32	145	64	2)
v(120	3	2	70	4	2)
v(120	4	28	46	56	3)
v(121	1	29	58	58	0)
v(122	1	14	152	28	0)
v(123	1	32	179	64	4)
v(123	2	24	44	48	4)
v(123	3	18	49	36	4)
v(123	4	1	34	2	4)
v(123	5	29	96	58	4)
v(124	1	15	19	30	0)
v(125	1	18	85	36	1)
v(125	2	8	152	16	1)
v(126	1	1	21	2	4)
v(126	2	12	120	24	3)
v(126	3	23	121	46	3)
v(126	4	22	67	44	3)
v(126	5	20	158	40	3)
v(127	1	10	94	20	3)
v(127	2	28	77	56	4)
v(127	3	6	73	12	3)
v(127	4	16	44	32	4)
v(127	5	12	71	24	4)
v(128	1	4	78	8	3)
v(128	2	11	121	22	1)
v(128	3	11	118	22	2)
v(128	4	8	137	16	2)
v(129	1	12	162	24	1)
v(129	2	32	78	64	1)
v(130	1	1	71	2	3)
v(130	2	23	71	46	3)
v(130	3	28	38	56	2)
v(130	4	1	119	2	2)
v(131	1	29	70	58	0)
v(132	1	17	140	34	1)
v(132	2	9	116	18	1)
v(133	1	19	179	38	0)
v(134	1	15	60	30	2)
v(134	2	1	143	2	3)
v(134	3	27	118	54	2)
v(134	4	26	173	52	3)
v(135	1	21	81	42	3)
v(135	2	31	153	62	3)
v(135	3	28	161	56	3)
v(135	4	21	36	42	3)
v(136	1	23	122	46	2)
v(136	2	9	90	18	2)
v(136	3	19	34	38	2)
v(137	1	11	70	22	2)
v(137	2	15	167	30	1)
v(137	3	26	39	52	1)
v(138	1	10	149	20	1)
v(138	2	5	142	10	3)
v(138	3	17	117	34	2)
v(138	4	28	98	56	2)
v(139	1	21	90	42	1)
v(139	2	30	63	60	1)
v(140	1	4	163	8	0)
v(141	1	3	140	6	1)
v(141	2	29	186	58	1)
v(142	1	11	126	22	1)
v(142	2	24	159	48	1)
v(143	1	9	60	18	0)
v(144	1	22	66	44	4)
v(144	2	5	85	10	4)
v(144	3	3	103	6	4)
v(144	4	2	142	4	4)
v(144	5	2	59	4	4)
v(145	1	30	71	60	0)
v(146	1	2	23	4	3)
v(146	2	30	44	60	3)
v(146	3	1	127	2	3)
v(146	4	26	122	52	3)
v(147	1	7	109	14	0)
v(148	1	8	108	16	1)
v(148	2	16	39	32	1)
v(149	1	28	128	56	3)
v(149	2	9	132	18	4)
v(149	3	18	119	36	3)
v(149	4	31	56	62	4)
v(149	5	23	158	46	4)
v(150	1	9	56	18	0)
v(150	2	18	125	36	0)
v(151	1	5	88	10	2)
v(151	2	15	132	30	2)
v(151	3	14	35	28	2)
v(152	1	9	14	18	1)
v(152	2	31	129	62	1)
v(152	3	30	163	60	2)
v(153	1	23	132	46	0)
v(154	1	27	40	54	3)
v(154	2	2	127	4	4)
v(154	3	21	79	42	3)
v(154	4	16	25	32	3)
v(154	5	30	153	60	3)
v(155	1	29	119	58	4)
v(155	2	17	77	34	4)
v(155	3	17	119	34	4)
v(155	4	25	67	50	4)
v(155	5	5	14	10	4)
v(156	1	30	79	60	0)
v(157	1	16	25	32	3)
v(157	2	32	134	64	3)
v(157	3	2	118	4	3)
v(157	4	32	42	64	3)
v(158	1	1	53	2	3)
v(158	2	12	151	24	3)
v(158	3	25	147	50	3)
v(158	4	23	38	46	3)
v(159	1	17	24	34	4)
v(159	2	1	82	2	3)
v(159	3	29	91	58	3)
v(159	4	3	75	6	3)
v(159	5	3	132	6	3)
v(160	1	24	158	48	0)
v(161	1	13	123	26	1)
v(161	2	20	120	40	1)
v(162	1	14	33	28	0)
v(163	1	31	191	62	2)
v(163	2	10	151	20	3)
v(163	3	1	15	2	2)
v(163	4	19	90	38	3)
v(164	1	3	114	6	4)
v(164	2	2	144	4	4)
v(164	3	17	35	34	4)
v(164	4	19	87	38	4)
v(164	5	27	175	54	4)
v(165	1	27	187	54	0)
v(166	1	18	117	36	4)
v(166	2	12	104	24	4)
v(166	3	31	52	62	3)
v(166	4	3	153	6	4)
v(166	5	15	110	30	3)
v(167	1	19	58	38	4)
v(167	2	5	32	10	4)
v(167	3	16	73	32	4)
v(167	4	1	161	2	4)
v(167	5	31	125	62	4)
v(168	1	8	119	16	1)
v(168	2	6	31	12	2)
v(168	3	29	80	58	1)
v(169	1	22	100	44	4)
v(169	2	16	107	32	4)
v(169	3	22	133	44	4)
v(169	4	23	94	46	4)
v(169	5	20	86	40	4)
v(170	1	8	96	16	0)
v(171	1	20	72	40	3)
v(171	2	22	50	44	4)
v(171	3	5	82	10	4)
v(171	4	20	81	40	4)
v(171	5	23	36	46	3)
v(172	1	22	29	44	2)
v(172	2	2	102	4	3)
v(172	3	15	165	30	2)
v(172	4	27	71	54	3)
v(173	1	28	150	56	0)
v(174	1	16	98	32	0)
v(175	1	21	73	42	3)
v(175	2	27	82	54	3)
v(175	3	8	62	16	2)
v(175	4	24	74	48	2)
v(176	1	13	31	26	1)
v(176	2	5	6	10	1)
v(177	1	24	93	48	1)
v(177	2	4	49	8	1)
v(178	1	21	68	42	2)
v(178	2	20	103	40	2)
v(178	3	31	148	62	2)
v(179	1	19	134	38	3)
v(179	2	1	44	2	3)
v(179	3	24	137	48	3)
v(179	4	20	88	40	3)
v(180	1	5	46	10	3)
v(180	2	24	43	48	3)
v(180	3	10	104	20	2)
v(180	4	8	10	16	2)
v(181	1	1	49	2	2)
v(181	2	7	85	14	2)
v(181	3	9	168	18	2)
v(182	1	32	134	64	3)
v(182	2	27	162	54	3)
v(182	3	12	37	24	3)
v(182	4	11	132	22	3)
v(183	1	21	78	42	2)
v(183	2	3	151	6	2)
v(183	3	13	31	26	2)
v(184	1	14	136	28	2)
v(184	2	28	116	56	2)
v(184	3	2	91	4	2)
v(185	1	3	97	6	1)
v(185	2	11	154	22	1)
v(186	1	17	21	34	4)
v(186	2	10	147	20	4)
v(186	3	24	74	48	4)
v(186	4	20	46	40	4)
v(186	5	31	58	62	4)
v(187	1	8	154	16	4)
v(187	2	5	142	10	4)
v(187	3	9	43	18	4)
v(187	4	15	33	30	4)
v(187	5	10	45	20	4)
v(188	1	7	150	14	3)
v(188	2	5	144	10	3)
v(188	3	23	130	46	2)
v(188	4	23	68	46	2)
v(189	1	6	117	12	2)
v(189	2	15	39	30	2)
v(189	3	13	116	26	2)
v(190	1	3	120	6	4)
v(190	2	3	41	6	4)
v(190	3	29	60	58	4)
v(190	4	6	76	12	4)
v(190	5	17	84	34	4)
v(191	1	7	130	14	3)
v(191	2	2	80	4	3)
v(191	3	6	142	12	3)
v(191	4	16	53	32	3)
v(192	1	5	146	10	0)
v(193	1	18	83	36	1)
v(193	2	13	139	26	1)
v(194	1	27	84	54	0)
v(195	1	19	61	38	2)
v(195	2	3	33	6	3)
v(195	3	9	108	18	3)
v(195	4	14	146	28	2)
v(195	5	19	26	38	4)
v(196	1	31	72	62	2)
v(196	2	17	51	34	2)
v(196	3	18	60	36	2)
v(197	1	20	69	40	1)
v(197	2	20	56	40	1)
v(198	1	21	84	42	2)
v(198	2	9	164	18	2)
v(198	3	31	136	62	2)
v(199	1	26	139	52	3)
v(199	2	5	102	10	3)
v(199	3	24	29	48	3)
v(199	4	24	163	48	3)
v(200	1	25	61	50	1)
v(200	2	15	149	30	1)
v(201	1	16	110	32	0)
v(202	1	18	137	36	2)
v(202	2	1	44	2	2)
v(202	3	5	143	10	2)
v(203	1	12	25	24	0)
v(204	1	27	140	54	0)
v(205	1	10	153	20	3)
v(205	2	12	132	24	3)
v(205	3	6	145	12	3)
v(205	4	30	73	60	3)
v(206	1	2	139	4	3)
v(206	2	20	160	40	3)
v(206	3	10	16	20	3)
v(206	4	19	48	38	3)
v(207	1	27	38	54	4)
v(207	2	13	100	26	4)
v(207	3	27	29	54	4)
v(207	4	1	9	2	4)
v(207	5	19	138	38	4)
v(208	1	27	65	54	3)
v(208	2	24	83	48	3)
v(208	3	1	93	2	3)
v(208	4	13	123	26	3)
v(209	1	20	22	40	4)
v(209	2	7	91	14	4)
v(209	3	21	160	42	4)
v(209	4	7	54	14	4)
v(209	5	22	148	44	4)
v(210	1	30	52	60	4)
v(210	2	5	62	10	4)
v(210	3	9	63	18	4)
v(210	4	30	175	60	4)
v(210	5	10	38	20	4)
v(211	1	22	177	44	1)
v(211	2	6	76	12	1)
v(212	1	6	115	12	1)
v(212	2	23	101	46	1)
v(213	1	3	53	6	2)
v(213	2	1	47	2	2)
v(213	3	16	39	32	2)
v(214	1	23	74	46	3)
v(214	2	1	90	2	3)
v(214	3	24	95	48	3)
v(214	4	4	46	8	3)
v(215	1	25	28	50	0)
v(216	1	21	59	42	1)
v(216	2	2	109	4	2)
v(216	3	23	55	46	1)
v(217	1	18	71	36	0)
v(218	1	28	181	56	4)
v(218	2	28	43	56	4)
v(218	3	17	147	34	4)
v(218	4	20	168	40	4)
v(218	5	5	101	10	4)
v(219	1	4	156	8	1)
v(219	2	29	185	58	1)
v(220	1	27	116	54	0)
v(221	1	32	95	64	1)
v(221	2	31	92	62	1)
v(222	1	32	35	64	3)
v(222	2	27	65	54	3)
v(222	3	18	146	36	3)
v(222	4	7	33	14	3)
v(223	1	29	112	58	0)
v(224	1	30	40	60	1)
v(224	2	31	134	62	0)
v(224	3	3	135	6	1)
v(225	1	24	46	48	4)
v(225	2	29	78	58	4)
v(225	3	15	145	30	4)
v(225	4	24	142	48	4)
v(225	5	4	122	8	4)
v(226	1	20	176	40	3)
v(226	2	6	23	12	4)
v(226	3	25	36	50	4)
v(226	4	2	105	4	3)
v(226	5	23	65	46	4)
v(227	1	24	133	48	1)
v(227	2	9	145	18	1)
v(228	1	6	119	12	3)
v(228	2	10	159	20	2)
v(228	3	8	35	16	3)
v(228	4	30	183	60	2)
v(229	1	26	70	52	1)
v(229	2	15	46	30	1)
v(230	1	20	115	40	2)
v(230	2	5	110	10	2)
v(230	3	26	98	52	2)
v(231	1	8	107	16	2)
v(231	2	1	48	2	3)
v(231	3	22	38	44	2)
v(231	4	1	84	2	3)
v(231	5	10	100	20	4)
v(232	1	10	99	20	3)
v(232	2	22	125	44	4)
v(232	3	19	21	38	3)
v(232	4	9	54	18	4)
v(232	5	11	44	22	4)
v(233	1	31	44	62	0)
v(234	1	2	107	4	3)
v(234	2	10	126	20	3)
v(234	3	28	177	56	3)
v(234	4	25	164	50	3)
v(235	1	16	46	32	4)
v(235	2	1	109	2	4)
v(235	3	7	166	14	2)
v(235	4	12	84	24	3)
v(235	5	3	55	6	3)
v(236	1	17	58	34	3)
v(236	2	29	91	58	3)
v(236	3	28	136	56	3)
v(236	4	10	45	20	3)
v(237	1	7	53	14	2)
v(237	2	14	110	28	2)
v(237	3	24	73	48	2)
v(238	1	4	37	8	3)
v(238	2	14	29	28	4)
v(238	3	19	122	38	4)
v(238	4	25	27	50	4)
v(238	5	4	38	8	3)
v(239	1	2	13	4	1)
v(239	2	12	152	24	1)
v(240	1	1	19	2	2)
v(240	2	30	156	60	2)
v(240	3	8	47	16	2)
v(241	1	2	85	4	3)
v(241	2	31	186	62	4)
v(241	3	18	110	36	4)
v(241	4	14	136	28	4)
v(241	5	29	30	58	3)
v(242	1	32	55	64	1)
v(242	2	25	79	50	1)
v(243	1	26	104	52	3)
v(243	2	23	80	46	3)
v(243	3	30	174	60	3)
v(243	4	12	75	24	3)
v(244	1	3	77	6	3)
v(244	2	12	147	24	3)
v(244	3	21	165	42	2)
v(244	4	31	88	62	2)
v(245	1	3	95	6	3)
v(245	2	29	80	58	2)
v(245	3	7	43	14	2)
v(245	4	20	25	40	3)
v(246	1	24	26	48	4)
v(246	2	16	96	32	4)
v(246	3	4	67	8	3)
v(246	4	15	159	30	4)
v(246	5	24	26	48	3)
v(247	1	15	68	30	4)
v(247	2	26	79	52	4)
v(247	3	8	17	16	4)
v(247	4	14	39	28	4)
v(247	5	2	141	4	4)
v(248	1	17	147	34	4)
v(248	2	1	64	2	4)
v(248	3	32	35	64	4)
v(248	4	32	69	64	4)
v(248	5	6	93	12	4)
v(249	1	23	88	46	0)
v(250	1	18	90	36	2)
v(250	2	6	113	12	2)
v(250	3	27	44	54	2)
v(251	1	2	60	4	1)
v(251	2	31	80	62	1)
v(252	1	26	117	52	3)
v(252	2	25	117	50	3)
v(252	3	15	46	30	3)
v(252	4	14	142	28	3)
v(253	1	28	109	56	1)
v(253	2	32	127	64	1)
v(254	1	13	59	26	4)
v(254	2	6	19	12	4)
v(254	3	5	140	10	4)
v(254	4	25	144	50	4)
v(254	5	17	121	34	4)
v(255	1	19	24	38	3)
v(255	2	17	145	34	2)
v(255	3	17	140	34	2)
v(255	4	14	76	28	3)
v(256	1	16	94	32	1)
v(256	2	27	91	54	2)
v(256	3	8	9	16	1)
v(257	1	19	126	38	4)
v(257	2	31	86	62	4)
v(257	3	29	128	58	4)
v(257	4	30	124	60	4)
v(257	5	22	121	44	4)
v(258	1	32	157	64	1)
v(258	2	22	40	44	1)
v(259	1	27	104	54	3)
v(259	2	31	57	62	2)
v(259	3	8	64	16	3)
v(259	4	20	135	40	2)
v(260	1	2	107	4	2)
v(260	2	3	22	6	2)
v(260	3	16	144	32	2)
v(261	1	27	177	54	2)
v(261	2	2	75	4	3)
v(261	3	5	29	10	3)
v(261	4	26	79	52	2)
v(262	1	24	105	48	4)
v(262	2	12	16	24	4)
v(262	3	4	93	8	4)
v(262	4	29	49	58	4)
v(262	5	17	103	34	4)
v(263	1	8	55	16	4)
v(263	2	19	68	38	4)
v(263	3	10	109	20	4)
v(263	4	19	154	38	4)
v(263	5	8	35	16	4)
v(264	1	11	94	22	1)
v(264	2	11	158	22	1)
v(265	1	1	150	2	1)
v(265	2	19	135	38	1)
v(266	1	2	35	4	2)
v(266	2	7	131	14	2)
v(266	3	12	33	24	2)
v(267	1	8	12	16	1)
v(267	2	4	143	8	1)
v(268	1	13	116	26	0)
v(269	1	25	56	50	1)
v(269	2	29	138	58	1)
v(270	1	27	181	54	1)
v(270	2	10	129	20	1)
v(271	1	18	49	36	1)
v(271	2	31	183	62	1)
v(271	3	28	171	56	2)
v(272	1	4	159	8	1)
v(272	2	28	58	56	1)
v(273	1	29	127	58	3)
v(273	2	19	160	38	4)
v(273	3	25	143	50	4)
v(273	4	10	136	20	3)
v(273	5	28	79	56	4)
v(274	1	5	118	10	0)
v(275	1	23	155	46	1)
v(275	2	24	28	48	1)
v(276	1	6	158	12	3)
v(276	2	2	102	4	3)
v(276	3	8	15	16	3)
v(276	4	15	80	30	3)
v(277	1	27	123	54	4)
v(277	2	32	163	64	4)
v(277	3	26	158	52	4)
v(277	4	10	66	20	4)
v(277	5	22	119	44	4)
v(278	1	18	71	36	1)
v(278	2	7	59	14	1)
v(279	1	5	11	10	0)
v(280	1	5	12	10	4)
v(280	2	27	179	54	4)
v(280	3	26	45	52	4)
v(280	4	15	76	30	4)
v(280	5	2	39	4	4)
v(281	1	14	116	28	1)
v(281	2	24	184	48	1)
v(282	1	26	168	52	1)
v(282	2	32	38	64	1)
v(283	1	17	129	34	1)
v(283	2	13	49	26	1)
v(284	1	30	185	60	2)
v(284	2	7	103	14	2)
v(284	3	12	60	24	2)
v(285	1	3	8	6	3)
v(285	2	24	81	48	4)
v(285	3	14	52	28	3)
v(285	4	20	101	40	3)
v(285	5	22	86	44	1)
v(286	1	6	127	12	0)
v(287	1	9	148	18	2)
v(287	2	16	112	32	2)
v(287	3	11	122	22	2)
v(288	1	29	66	58	0)
v(289	1	27	29	54	4)
v(289	2	24	88	48	3)
v(289	3	2	148	4	3)
v(289	4	29	150	58	3)
v(289	5	3	43	6	3)
v(290	1	8	98	16	1)
v(290	2	21	108	42	1)
v(291	1	28	93	56	1)
v(291	2	17	153	34	1)
v(292	1	24	81	48	2)
v(292	2	27	59	54	2)
v(292	3	13	173	26	2)
v(293	1	27	172	54	3)
v(293	2	14	74	28	3)
v(293	3	14	103	28	3)
v(293	4	14	39	28	3)
v(294	1	26	180	52	3)
v(294	2	28	53	56	3)
v(294	3	19	25	38	3)
v(294	4	19	44	38	3)
v(295	1	21	72	42	0)
v(296	1	24	170	48	1)
v(296	2	14	20	28	1)
v(297	1	22	59	44	1)
v(297	2	17	132	34	1)
v(298	1	28	164	56	4)
v(298	2	5	122	10	4)
v(298	3	23	156	46	4)
v(298	4	32	159	64	4)
v(298	5	14	70	28	4)
v(299	1	28	87	56	1)
v(299	2	5	36	10	2)
v(299	3	25	184	50	1)
v(300	1	22	85	44	4)
v(300	2	11	42	22	4)
v(300	3	7	106	14	4)
v(300	4	23	64	46	4)
v(300	5	18	85	36	4)
v(301	1	9	83	18	4)
v(301	2	4	84	8	4)
v(301	3	16	158	32	4)
v(301	4	29	120	58	4)
v(301	5	6	116	12	4)
v(302	1	23	150	46	1)
v(302	2	11	52	22	1)
v(303	1	13	104	26	1)
v(303	2	30	37	60	1)
v(304	1	32	152	64	4)
v(304	2	25	42	50	4)
v(304	3	18	151	36	4)
v(304	4	28	45	56	4)
v(304	5	16	142	32	4)
v(305	1	12	125	24	2)
v(305	2	20	83	40	2)
v(305	3	14	94	28	2)
v(306	1	31	182	62	2)
v(306	2	8	134	16	2)
v(306	3	31	105	62	2)
v(307	1	22	76	44	4)
v(307	2	4	32	8	4)
v(307	3	9	37	18	4)
v(307	4	15	101	30	3)
v(307	5	14	21	28	3)
v(308	1	5	99	10	0)
v(309	1	1	30	2	0)
v(310	1	1	90	2	3)
v(310	2	21	96	42	4)
v(310	3	20	102	40	2)
v(310	4	31	138	62	3)
v(310	5	16	85	32	4)
v(311	1	18	54	36	0)
v(312	1	29	187	58	3)
v(312	2	6	78	12	2)
v(312	3	21	39	42	2)
v(312	4	14	60	28	3)
v(313	1	9	84	18	0)
v(314	1	7	27	14	1)
v(314	2	11	171	22	1)
v(315	1	26	57	52	0)
v(316	1	12	97	24	2)
v(316	2	17	163	34	2)
v(316	3	18	39	36	2)
v(317	1	15	74	30	1)
v(317	2	30	185	60	1)
v(318	1	18	43	36	0)
v(319	1	31	143	62	1)
v(319	2	18	30	36	1)
v(320	1	17	125	34	3)
v(320	2	26	136	52	3)
v(320	3	21	164	42	2)
v(320	4	6	21	12	2)
v(321	1	12	161	24	4)
v(321	2	18	153	36	4)
v(321	3	17	76	34	4)
v(321	4	8	80	16	4)
v(321	5	16	35	32	4)
v(322	1	12	155	24	2)
v(322	2	6	160	12	3)
v(322	3	18	112	36	2)
v(322	4	12	139	24	3)
v(323	1	4	43	8	1)
v(323	2	1	111	2	1)
v(324	1	1	95	2	1)
v(324	2	27	42	54	1)
v(325	1	28	61	56	1)
v(325	2	15	59	30	1)
v(326	1	3	94	6	3)
v(326	2	5	161	10	4)
v(326	3	16	94	32	3)
v(326	4	19	138	38	4)
v(326	5	9	24	18	4)
v(327	1	30	142	60	4)
v(327	2	7	51	14	4)
v(327	3	23	102	46	4)
v(327	4	22	67	44	4)
v(327	5	30	46	60	4)
v(328	1	25	57	50	1)
v(328	2	5	154	10	1)
v(328	3	7	140	14	2)
v(329	1	7	37	14	3)
v(329	2	23	159	46	3)
v(329	3	28	176	56	3)
v(329	4	6	139	12	3)
v(330	1	26	47	52	0)
v(330	2	31	119	62	0)
v(331	1	29	154	58	1)
v(331	2	17	27	34	1)
v(332	1	1	112	2	3)
v(332	2	2	24	4	3)
v(332	3	1	3	2	3)
v(332	4	18	44	36	3)
v(333	1	3	37	6	2)
v(333	2	8	160	16	2)
v(333	3	24	177	48	2)
v(334	1	4	64	8	4)
v(334	2	2	120	4	4)
v(334	3	9	132	18	4)
v(334	4	8	63	16	4)
v(334	5	29	86	58	4)
v(335	1	3	18	6	1)
v(335	2	21	164	42	1)
v(336	1	3	92	6	4)
v(336	2	31	112	62	4)
v(336	3	29	94	58	4)
v(336	4	21	153	42	4)
v(336	5	9	97	18	4)
v(337	1	6	85	12	1)
v(337	2	8	56	16	1)
v(338	1	10	135	20	2)
v(338	2	11	77	22	3)
v(338	3	25	113	50	2)
v(338	4	25	26	50	3)
v(339	1	15	165	30	2)
v(339	2	25	50	50	2)
v(339	3	11	83	22	2)
v(340	1	19	154	38	2)
v(340	2	27	77	54	2)
v(340	3	26	133	52	2)
v(341	1	13	89	26	1)
v(341	2	11	169	22	1)
v(341	3	23	162	46	2)
v(342	1	22	156	44	2)
v(342	2	25	160	50	2)
v(342	3	7	157	14	2)
v(343	1	10	137	20	1)
v(343	2	20	58	40	1)
v(344	1	30	111	60	3)
v(344	2	29	182	58	3)
v(344	3	12	32	24	3)
v(344	4	8	107	16	3)
v(345	1	19	41	38	3)
v(345	2	10	23	20	3)
v(345	3	13	31	26	4)
v(345	4	31	144	62	4)
v(345	5	23	36	46	4)
v(346	1	5	31	10	1)
v(346	2	14	150	28	1)
v(347	1	32	185	64	2)
v(347	2	16	75	32	2)
v(347	3	14	72	28	2)
v(348	1	13	21	26	0)
v(349	1	3	121	6	2)
v(349	2	30	166	60	2)
v(349	3	15	102	30	2)
v(350	1	22	97	44	3)
v(350	2	15	124	30	3)
v(350	3	17	75	34	3)
v(350	4	7	129	14	3)
v(351	1	3	139	6	0)
v(352	1	5	35	10	0)
v(353	1	21	132	42	1)
v(353	2	32	49	64	1)
v(354	1	22	128	44	2)
v(354	2	6	99	12	2)
v(354	3	3	5	6	2)
v(355	1	18	120	36	3)
v(355	2	11	130	22	4)
v(355	3	8	106	16	3)
v(355	4	29	109	58	4)
v(355	5	24	140	48	4)
v(356	1	1	7	2	1)
v(356	2	18	122	36	1)
v(357	1	12	102	24	3)
v(357	2	4	50	8	2)
v(357	3	20	53	40	2)
v(357	4	21	123	42	3)
v(358	1	23	125	46	3)
v(358	2	3	58	6	3)
v(358	3	15	173	30	3)
v(358	4	24	41	48	3)
v(359	1	3	94	6	0)
v(360	1	20	75	40	0)
v(361	1	5	49	10	2)
v(361	2	19	154	38	2)
v(361	3	8	22	16	2)
v(362	1	21	57	42	4)
v(362	2	32	105	64	4)
v(362	3	11	167	22	4)
v(362	4	4	136	8	4)
v(362	5	11	46	22	4)
v(363	1	17	122	34	0)
v(364	1	27	185	54	3)
v(364	2	26	51	52	3)
v(364	3	27	185	54	3)
v(364	4	26	169	52	3)
v(365	1	20	151	40	4)
v(365	2	12	86	24	4)
v(365	3	17	125	34	4)
v(365	4	9	65	18	3)
v(365	5	29	165	58	3)
v(366	1	23	34	46	3)
v(366	2	25	47	50	3)
v(366	3	30	135	60	3)
v(366	4	5	51	10	3)
v(367	1	8	50	16	1)
v(367	2	32	186	64	1)
v(368	1	32	173	64	1)
v(368	2	23	105	46	1)
v(369	1	30	59	60	2)
v(369	2	7	62	14	3)
v(369	3	6	70	12	2)
v(369	4	1	110	2	3)
v(370	1	2	105	4	1)
v(370	2	25	97	50	1)
v(371	1	16	137	32	4)
v(371	2	13	116	26	4)
v(371	3	7	162	14	4)
v(371	4	2	53	4	4)
v(371	5	5	131	10	4)
v(372	1	21	87	42	0)
v(372	2	2	124	4	0)
v(373	1	15	53	30	0)
v(374	1	16	60	32	3)
v(374	2	32	180	64	3)
v(374	3	21	30	42	3)
v(374	4	5	92	10	3)
v(375	1	23	42	46	3)
v(375	2	8	41	16	3)
v(375	3	8	120	16	3)
v(375	4	27	125	54	3)
v(376	1	5	116	10	0)
v(377	1	12	81	24	2)
v(377	2	15	85	30	2)
v(377	3	22	61	44	2)
v(378	1	10	58	20	3)
v(378	2	6	50	12	3)
v(378	3	15	49	30	3)
v(378	4	25	82	50	3)
v(379	1	9	42	18	0)
v(380	1	12	71	24	2)
v(380	2	15	64	30	2)
v(380	3	23	25	46	2)
v(381	1	28	54	56	0)
v(382	1	20	57	40	2)
v(382	2	14	149	28	2)
v(382	3	9	141	18	2)
v(383	1	30	101	60	1)
v(383	2	20	91	40	1)
v(384	1	11	60	22	4)
v(384	2	5	21	10	4)
v(384	3	16	70	32	4)
v(384	4	19	83	38	4)
v(384	5	2	78	4	4)
v(385	1	22	139	44	0)
v(386	1	2	121	4	2)
v(386	2	30	159	60	2)
v(386	3	26	169	52	2)
v(387	1	12	81	24	0)
v(388	1	23	53	46	4)
v(388	2	19	20	38	4)
v(388	3	1	94	2	4)
v(388	4	18	19	36	4)
v(388	5	19	32	38	4)
v(389	1	19	86	38	2)
v(389	2	5	88	10	2)
v(389	3	23	71	46	2)
v(390	1	13	134	26	4)
v(390	2	28	94	56	4)
v(390	3	25	122	50	3)
v(390	4	2	75	4	4)
v(390	5	30	52	60	3)
v(391	1	21	85	42	0)
v(392	1	21	147	42	2)
v(392	2	31	161	62	2)
v(392	3	9	163	18	3)
v(392	4	17	151	34	3)
v(393	1	17	77	34	1)
v(393	2	22	93	44	1)
v(394	1	20	173	40	3)
v(394	2	25	55	50	3)
v(394	3	5	23	10	3)
v(394	4	10	139	20	3)
v(395	1	26	54	52	3)
v(395	2	9	59	18	3)
v(395	3	19	24	38	4)
v(395	4	1	136	2	4)
v(395	5	11	147	22	2)
v(396	1	25	51	50	4)
v(396	2	10	66	20	4)
v(396	3	6	48	12	4)
v(396	4	12	33	24	3)
v(396	5	16	137	32	3)
v(397	1	29	133	58	3)
v(397	2	23	67	46	3)
v(397	3	27	109	54	3)
v(397	4	16	89	32	3)
v(398	1	12	108	24	0)
v(398	2	3	5	6	0)
v(399	1	16	19	32	2)
v(399	2	28	110	56	2)
v(399	3	8	56	16	2)
v(400	1	28	143	56	0)
v(401	1	20	66	40	2)
v(401	2	6	54	12	2)
v(401	3	17	157	34	2)
v(402	1	18	73	36	3)
v(402	2	31	125	62	3)
v(402	3	18	74	36	3)
v(402	4	25	128	50	3)
v(403	1	19	163	38	0)
v(404	1	27	155	54	1)
v(404	2	8	130	16	1)
v(405	1	32	155	64	1)
v(405	2	19	154	38	2)
v(405	3	1	44	2	1)
v(406	1	14	85	28	1)
v(406	2	19	95	38	1)
v(407	1	22	79	44	0)
v(408	1	19	61	38	2)
v(408	2	30	59	60	2)
v(408	3	14	97	28	2)
v(409	1	21	81	42	3)
v(409	2	29	161	58	4)
v(409	3	29	103	58	4)
v(409	4	10	45	20	3)
v(409	5	21	138	42	4)
v(410	1	31	102	62	0)
v(411	1	5	153	10	3)
v(411	2	24	93	48	3)
v(411	3	17	93	34	3)
v(411	4	18	154	36	3)
v(412	1	5	17	10	1)
v(412	2	16	125	32	1)
v(413	1	31	135	62	4)
v(413	2	9	109	18	4)
v(413	3	3	93	6	4)
v(413	4	7	145	14	4)
v(413	5	31	176	62	4)
v(414	1	25	44	50	4)
v(414	2	11	118	22	4)
v(414	3	27	119	54	4)
v(414	4	12	31	24	4)
v(414	5	30	177	60	4)
v(415	1	1	156	2	2)
v(415	2	10	141	20	2)
v(415	3	23	76	46	2)
v(416	1	18	82	36	4)
v(416	2	30	134	60	4)
v(416	3	15	114	30	4)
v(416	4	5	15	10	4)
v(416	5	19	40	38	4)
v(417	1	25	131	50	2)
v(417	2	26	103	52	2)
v(417	3	6	27	12	2)
v(418	1	20	88	40	2)
v(418	2	24	181	48	2)
v(418	3	32	142	64	2)
v(419	1	16	82	32	2)
v(419	2	4	63	8	2)
v(419	3	16	145	32	2)
v(420	1	11	139	22	2)
v(420	2	12	115	24	2)
v(420	3	29	138	58	2)
v(421	1	31	54	62	0)
v(422	1	15	97	30	3)
v(422	2	29	130	58	3)
v(422	3	23	41	46	3)
v(422	4	30	113	60	3)
v(423	1	32	97	64	1)
v(423	2	27	105	54	1)
v(424	1	29	187	58	0)
v(425	1	24	43	48	1)
v(425	2	29	186	58	1)
v(426	1	5	82	10	1)
v(426	2	22	182	44	1)
v(427	1	9	19	18	0)
v(428	1	7	40	14	2)
v(428	2	3	129	6	1)
v(428	3	30	156	60	1)
v(429	1	6	162	12	0)
v(430	1	16	150	32	4)
v(430	2	29	75	58	4)
v(430	3	31	114	62	4)
v(430	4	19	70	38	3)
v(430	5	9	94	18	3)
v(431	1	14	168	28	3)
v(431	2	7	94	14	3)
v(431	3	32	49	64	3)
v(431	4	29	127	58	3)
v(432	1	3	141	6	1)
v(432	2	31	120	62	1)
v(433	1	25	169	50	1)
v(433	2	4	93	8	1)
v(434	1	31	92	62	3)
v(434	2	15	77	30	3)
v(434	3	19	98	38	3)
v(434	4	19	150	38	3)
v(435	1	21	96	42	2)
v(435	2	26	57	52	2)
v(435	3	8	115	16	2)
v(436	1	24	133	48	2)
v(436	2	11	146	22	2)
v(436	3	11	80	22	2)
v(437	1	20	27	40	2)
v(437	2	20	82	40	2)
v(437	3	15	157	30	3)
v(437	4	10	29	20	3)
v(438	1	18	152	36	2)
v(438	2	26	91	52	2)
v(438	3	16	62	32	2)
v(439	1	9	19	18	1)
v(439	2	23	125	46	1)
v(440	1	23	108	46	0)
v(441	1	11	12	22	2)
v(441	2	3	47	6	2)
v(441	3	18	65	36	2)
v(442	1	9	105	18	3)
v(442	2	29	114	58	4)
v(442	3	10	37	20	3)
v(442	4	6	159	12	4)
v(442	5	24	53	48	4)
v(443	1	5	163	10	0)
v(444	1	8	91	16	4)
v(444	2	13	110	26	4)
v(444	3	24	87	48	4)
v(444	4	31	85	62	4)
v(444	5	7	68	14	4)
v(445	1	30	78	60	1)
v(445	2	25	138	50	2)
v(445	3	2	19	4	1)
v(446	1	11	116	22	3)
v(446	2	32	84	64	3)
v(446	3	7	71	14	3)
v(446	4	15	76	30	3)
v(447	1	1	41	2	0)
v(448	1	24	58	48	4)
v(448	2	10	35	20	4)
v(448	3	27	32	54	4)
v(448	4	3	151	6	4)
v(448	5	16	140	32	4)
v(449	1	12	120	24	4)
v(449	2	9	70	18	4)
v(449	3	14	121	28	4)
v(449	4	27	135	54	4)
v(449	5	3	19	6	4)
v(450	1	20	124	40	3)
v(450	2	19	117	38	3)
v(450	3	27	102	54	2)
v(450	4	29	81	58	2)
v(451	1	28	147	56	3)
v(451	2	17	138	34	3)
v(451	3	18	156	36	2)
v(451	4	8	59	16	2)
v(452	1	18	35	36	3)
v(452	2	13	162	26	3)
v(452	3	29	70	58	3)
v(452	4	26	30	52	3)
v(453	1	14	90	28	1)
v(453	2	19	47	38	1)
v(454	1	24	60	48	4)
v(454	2	29	107	58	4)
v(454	3	2	31	4	4)
v(454	4	25	50	50	4)
v(454	5	10	145	20	4)
v(455	1	30	134	60	2)
v(455	2	2	56	4	1)
v(455	3	24	94	48	1)
v(456	1	32	142	64	1)
v(456	2	31	153	62	1)
v(457	1	18	168	36	2)
v(457	2	13	122	26	2)
v(457	3	32	83	64	2)
v(458	1	12	58	24	1)
v(458	2	16	152	32	1)
v(459	1	20	174	40	2)
v(459	2	11	156	22	2)
v(459	3	6	86	12	2)
v(460	1	2	91	4	1)
v(460	2	28	86	56	1)
v(461	1	32	101	64	4)
v(461	2	27	155	54	4)
v(461	3	27	91	54	4)
v(461	4	24	167	48	4)
v(461	5	22	51	44	4)
v(462	1	23	39	46	1)
v(462	2	12	140	24	1)
v(463	1	24	145	48	2)
v(463	2	10	91	20	2)
v(463	3	24	94	48	2)
v(464	1	20	60	40	2)
v(464	2	4	52	8	3)
v(464	3	4	24	8	2)
v(464	4	22	98	44	3)
v(465	1	19	156	38	3)
v(465	2	6	153	12	3)
v(465	3	16	25	32	2)
v(465	4	3	43	6	2)
v(466	1	21	25	42	2)
v(466	2	31	33	62	2)
v(466	3	11	96	22	2)
v(467	1	8	117	16	0)
v(468	1	27	117	54	0)
v(469	1	23	85	46	3)
v(469	2	11	52	22	3)
v(469	3	13	81	26	3)
v(469	4	4	130	8	3)
v(470	1	21	152	42	0)
v(471	1	3	99	6	1)
v(471	2	26	181	52	1)
v(471	3	5	141	10	2)
v(472	1	28	172	56	2)
v(472	2	18	120	36	2)
v(472	3	25	166	50	2)
v(473	1	14	149	28	3)
v(473	2	19	67	38	3)
v(473	3	18	135	36	3)
v(473	4	7	149	14	3)
v(474	1	3	77	6	3)
v(474	2	2	95	4	3)
v(474	3	28	34	56	2)
v(474	4	4	163	8	2)
v(475	1	29	69	58	3)
v(475	2	14	30	28	3)
v(475	3	10	117	20	3)
v(475	4	3	97	6	3)
v(476	1	30	39	60	0)
v(477	1	27	86	54	0)
v(477	2	3	131	6	0)
v(478	1	10	102	20	1)
v(478	2	8	76	16	1)
v(479	1	32	174	64	0)
v(480	1	2	46	4	3)
v(480	2	17	24	34	3)
v(480	3	26	93	52	3)
v(480	4	32	36	64	3)
v(481	1	28	53	56	0)
v(482	1	19	23	38	1)
v(482	2	23	126	46	1)
v(483	1	22	101	44	2)
v(483	2	12	120	24	2)
v(483	3	16	172	32	2)
v(484	1	8	16	16	3)
v(484	2	28	149	56	3)
v(484	3	12	36	24	3)
v(484	4	13	68	26	3)
v(485	1	6	136	12	3)
v(485	2	21	51	42	4)
v(485	3	28	97	56	2)
v(485	4	23	153	46	3)
v(485	5	28	141	56	4)
v(486	1	15	146	30	4)
v(486	2	16	74	32	4)
v(486	3	30	143	60	4)
v(486	4	4	6	8	4)
v(486	5	28	150	56	4)
v(487	1	11	26	22	3)
v(487	2	7	118	14	2)
v(487	3	3	34	6	3)
v(487	4	11	109	22	2)
v(488	1	10	84	20	3)
v(488	2	26	83	52	3)
v(488	3	23	26	46	3)
v(488	4	20	158	40	3)
v(489	1	21	167	42	0)
v(489	2	15	110	30	0)
v(490	1	16	176	32	0)
v(490	2	18	108	36	0)
v(491	1	1	72	2	3)
v(491	2	5	59	10	3)
v(491	3	24	114	48	3)
v(491	4	5	88	10	3)
v(492	1	26	183	52	2)
v(492	2	7	13	14	2)
v(492	3	19	103	38	3)
v(492	4	15	87	30	1)
v(493	1	25	148	50	1)
v(493	2	10	147	20	1)
v(494	1	9	31	18	0)
v(495	1	29	113	58	4)
v(495	2	18	132	36	4)
v(495	3	32	171	64	3)
v(495	4	18	146	36	3)
v(495	5	16	118	32	4)
v(496	1	4	105	8	3)
v(496	2	32	144	64	3)
v(496	3	2	95	4	3)
v(496	4	14	94	28	3)
v(497	1	32	87	64	3)
v(497	2	31	172	62	3)
v(497	3	13	67	26	3)
v(497	4	11	89	22	3)
v(498	1	15	89	30	0)
v(499	1	17	103	34	3)
v(499	2	14	154	28	3)
v(499	3	4	156	8	3)
v(499	4	25	88	50	3)
v(500	1	15	69	30	4)
v(500	2	24	37	48	3)
v(500	3	18	79	36	4)
v(500	4	11	100	22	3)
v(500	5	7	109	14	4)
v(501	1	24	60	48	1)
v(501	2	32	156	64	1)
v(502	1	26	80	52	0)
v(503	1	1	100	2	3)
v(503	2	3	131	6	2)
v(503	3	24	67	48	2)
v(503	4	27	127	54	3)
v(504	1	28	110	56	2)
v(504	2	5	161	10	2)
v(504	3	26	175	52	3)
v(504	4	30	121	60	3)
v(505	1	32	36	64	0)
v(506	1	20	141	40	3)
v(506	2	15	49	30	3)
v(506	3	26	91	52	3)
v(506	4	11	63	22	3)
v(507	1	2	80	4	1)
v(507	2	32	160	64	1)
v(508	1	15	131	30	1)
v(508	2	14	75	28	1)
v(509	1	4	11	8	2)
v(509	2	27	70	54	3)
v(509	3	23	36	46	3)
v(509	4	13	94	26	2)
v(510	1	21	154	42	2)
v(510	2	4	154	8	2)
v(510	3	6	156	12	2)
v(511	1	17	23	34	4)
v(511	2	7	127	14	3)
v(511	3	8	89	16	3)
v(511	4	27	175	54	4)
v(511	5	15	46	30	4)
v(512	1	23	160	46	4)
v(512	2	26	27	52	4)
v(512	3	19	78	38	4)
v(512	4	1	65	2	4)
v(512	5	19	21	38	4)
v(513	1	10	28	20	1)
v(513	2	7	57	14	1)
v(514	1	15	149	30	2)
v(514	2	31	140	62	3)
v(514	3	9	118	18	2)
v(514	4	10	98	20	3)
v(515	1	24	56	48	4)
v(515	2	19	42	38	4)
v(515	3	31	118	62	4)
v(515	4	21	38	42	4)
v(515	5	14	59	28	4)
v(516	1	8	103	16	2)
v(516	2	3	35	6	1)
v(516	3	32	91	64	2)
v(516	4	25	165	50	3)
v(517	1	25	150	50	4)
v(517	2	2	108	4	4)
v(517	3	3	27	6	4)
v(517	4	20	71	40	4)
v(517	5	18	163	36	4)
v(518	1	28	36	56	4)
v(518	2	15	123	30	4)
v(518	3	20	41	40	4)
v(518	4	29	119	58	4)
v(518	5	11	84	22	4)
v(519	1	24	157	48	1)
v(519	2	5	99	10	1)
v(520	1	7	78	14	1)
v(520	2	16	19	32	1)
v(521	1	6	157	12	3)
v(521	2	6	56	12	3)
v(521	3	5	57	10	3)
v(521	4	32	123	64	3)
v(522	1	19	113	38	1)
v(522	2	1	77	2	1)
v(523	1	23	100	46	1)
v(523	2	29	166	58	1)
v(524	1	21	174	42	2)
v(524	2	21	100	42	2)
v(524	3	8	72	16	2)
v(525	1	10	67	20	3)
v(525	2	14	156	28	4)
v(525	3	8	165	16	4)
v(525	4	23	28	46	4)
v(525	5	3	71	6	3)
v(526	1	4	91	8	1)
v(526	2	32	183	64	1)
v(527	1	28	154	56	3)
v(527	2	31	177	62	3)
v(527	3	13	58	26	3)
v(527	4	1	103	2	3)
v(528	1	3	99	6	3)
v(528	2	27	176	54	3)
v(528	3	27	117	54	3)
v(528	4	29	183	58	3)
v(529	1	18	74	36	2)
v(529	2	27	172	54	2)
v(529	3	6	22	12	2)
v(530	1	6	131	12	4)
v(530	2	20	46	40	4)
v(530	3	9	103	18	4)
v(530	4	13	77	26	4)
v(530	5	10	161	20	4)
v(531	1	8	155	16	2)
v(531	2	28	163	56	1)
v(531	3	29	137	58	1)
v(532	1	16	151	32	0)
v(533	1	9	44	18	4)
v(533	2	9	19	18	4)
v(533	3	9	28	18	4)
v(533	4	16	93	32	4)
v(533	5	29	157	58	4)
v(534	1	24	81	48	2)
v(534	2	9	42	18	2)
v(534	3	26	149	52	2)
v(535	1	12	125	24	0)
v(536	1	7	133	14	4)
v(536	2	6	152	12	4)
v(536	3	26	181	52	4)
v(536	4	26	170	52	4)
v(536	5	14	29	28	4)
v(537	1	20	162	40	1)
v(537	2	17	33	34	1)
v(538	1	23	28	46	1)
v(538	2	9	38	18	1)
v(539	1	15	96	30	4)
v(539	2	14	18	28	3)
v(539	3	16	116	32	4)
v(539	4	18	84	36	3)
v(539	5	30	119	60	4)
v(540	1	21	148	42	1)
v(540	2	10	18	20	1)
v(541	1	27	157	54	0)
v(541	2	30	180	60	1)
v(541	3	8	62	16	1)
v(542	1	25	63	50	4)
v(542	2	17	174	34	2)
v(542	3	3	138	6	4)
v(542	4	21	99	42	3)
v(542	5	28	59	56	3)
v(543	1	12	167	24	2)
v(543	2	5	70	10	1)
v(543	3	23	49	46	1)
v(544	1	24	124	48	1)
v(544	2	22	137	44	1)
v(545	1	5	51	10	4)
v(545	2	28	150	56	4)
v(545	3	24	99	48	3)
v(545	4	13	137	26	4)
v(545	5	20	175	40	3)
v(546	1	26	30	52	0)
v(546	2	32	128	64	0)
v(547	1	13	16	26	2)
v(547	2	2	88	4	2)
v(547	3	25	63	50	2)
v(548	1	3	118	6	0)
v(549	1	7	128	14	2)
v(549	2	25	125	50	2)
v(549	3	17	147	34	2)
v(550	1	11	99	22	1)
v(550	2	10	52	20	1)
v(551	1	13	69	26	2)
v(551	2	8	69	16	2)
v(551	3	32	160	64	2)
v(552	1	31	43	62	1)
v(552	2	10	144	20	1)
v(553	1	11	69	22	4)
v(553	2	16	152	32	4)
v(553	3	11	95	22	4)
v(553	4	32	185	64	4)
v(553	5	27	159	54	4)
v(554	1	9	167	18	0)
v(554	2	23	101	46	0)
v(555	1	32	40	64	2)
v(555	2	17	127	34	2)
v(555	3	4	156	8	2)
v(556	1	30	65	60	1)
v(556	2	13	56	26	2)
v(556	3	20	134	40	2)
v(556	4	1	138	2	3)
v(557	1	17	70	34	3)
v(557	2	26	173	52	3)
v(557	3	27	170	54	3)
v(557	4	6	89	12	3)
v(558	1	28	166	56	1)
v(558	2	28	39	56	1)
v(559	1	22	35	44	0)
v(560	1	24	72	48	1)
v(560	2	24	28	48	1)
v(561	1	24	128	48	0)
v(562	1	7	102	14	2)
v(562	2	28	177	56	2)
v(562	3	7	54	14	2)
v(563	1	27	100	54	1)
v(563	2	10	114	20	1)
v(564	1	20	159	40	1)
v(564	2	22	160	44	1)
v(565	1	9	163	18	0)
v(566	1	23	60	46	1)
v(566	2	23	169	46	1)
v(567	1	14	82	28	0)
v(568	1	8	20	16	0)
v(569	1	19	161	38	2)
v(569	2	24	27	48	2)
v(569	3	5	22	10	2)
v(570	1	22	178	44	1)
v(570	2	1	64	2	1)
v(571	1	9	83	18	1)
v(571	2	12	72	24	1)
v(572	1	5	87	10	0)
v(572	2	19	108	38	1)
v(572	3	10	164	20	1)
v(573	1	29	186	58	0)
v(574	1	24	42	48	3)
v(574	2	2	123	4	3)
v(574	3	11	170	22	2)
v(574	4	10	115	20	2)
v(575	1	25	110	50	3)
v(575	2	11	20	22	3)
v(575	3	3	55	6	3)
v(575	4	12	153	24	3)
v(576	1	10	127	20	2)
v(576	2	15	152	30	2)
v(576	3	28	136	56	2)
v(577	1	10	137	20	0)
v(578	1	1	148	2	0)
v(579	1	2	104	4	1)
v(579	2	4	66	8	1)
v(580	1	4	51	8	4)
v(580	2	4	127	8	4)
v(580	3	10	60	20	4)
v(580	4	27	95	54	4)
v(580	5	25	143	50	4)
v(581	1	21	22	42	1)
v(581	2	7	126	14	1)
v(582	1	19	106	38	4)
v(582	2	8	162	16	4)
v(582	3	9	141	18	4)
v(582	4	12	159	24	4)
v(582	5	5	45	10	4)
v(583	1	13	41	26	2)
v(583	2	18	115	36	2)
v(583	3	31	79	62	2)
v(584	1	9	142	18	2)
v(584	2	9	115	18	1)
v(584	3	4	78	8	2)
v(584	4	22	58	44	3)
v(585	1	5	133	10	2)
v(585	2	12	30	24	2)
v(585	3	7	84	14	3)
v(585	4	25	78	50	3)
v(586	1	8	138	16	0)
v(587	1	5	62	10	3)
v(587	2	16	103	32	2)
v(587	3	10	55	20	2)
v(587	4	31	91	62	3)
v(588	1	6	158	12	1)
v(588	2	3	135	6	1)
v(589	1	4	132	8	1)
v(589	2	20	164	40	1)
v(590	1	2	13	4	1)
v(590	2	23	119	46	1)
v(591	1	23	115	46	0)
v(592	1	30	180	60	1)
v(592	2	28	40	56	1)
v(593	1	30	151	60	4)
v(593	2	23	38	46	4)
v(593	3	28	119	56	4)
v(593	4	3	123	6	4)
v(593	5	26	182	52	4)
v(594	1	24	123	48	0)
v(595	1	24	27	48	3)
v(595	2	2	104	4	3)
v(595	3	6	51	12	3)
v(595	4	32	135	64	3)
v(596	1	30	146	60	2)
v(596	2	21	117	42	2)
v(596	3	22	143	44	2)
v(597	1	6	166	12	3)
v(597	2	9	96	18	3)
v(597	3	24	116	48	3)
v(597	4	4	82	8	3)
v(598	1	9	90	18	1)
v(598	2	21	138	42	1)
v(598	3	14	65	28	2)
v(599	1	19	105	38	2)
v(599	2	26	52	52	2)
v(599	3	2	8	4	2)
v(600	1	25	90	50	0)
v(601	1	5	129	10	4)
v(601	2	7	53	14	4)
v(601	3	17	162	34	4)
v(601	4	18	38	36	4)
v(601	5	23	136	46	4)
v(602	1	3	30	6	2)
v(602	2	32	73	64	2)
v(602	3	24	63	48	2)
v(603	1	13	120	26	3)
v(603	2	5	46	10	3)
v(603	3	5	79	10	3)
v(603	4	25	57	50	3)
v(604	1	19	133	38	4)
v(604	2	28	115	56	3)
v(604	3	6	30	12	3)
v(604	4	7	112	14	4)
v(604	5	13	105	26	4)
v(605	1	18	174	36	0)
v(606	1	29	85	58	4)
v(606	2	24	71	48	4)
v(606	3	14	101	28	4)
v(606	4	23	148	46	4)
v(606	5	30	133	60	4)
v(607	1	8	15	16	0)
v(608	1	5	9	10	3)
v(608	2	24	153	48	4)
v(608	3	21	157	42	3)
v(608	4	22	178	44	4)
v(608	5	3	8	6	4)
v(609	1	1	52	2	4)
v(609	2	1	61	2	3)
v(609	3	1	17	2	4)
v(609	4	32	107	64	4)
v(609	5	13	121	26	3)
v(610	1	13	153	26	1)
v(610	2	8	39	16	1)
v(611	1	10	136	20	4)
v(611	2	21	151	42	4)
v(611	3	30	72	60	4)
v(611	4	25	160	50	4)
v(611	5	4	129	8	4)
v(612	1	7	72	14	1)
v(612	2	12	123	24	1)
v(613	1	27	78	54	4)
v(613	2	17	88	34	4)
v(613	3	19	118	38	4)
v(613	4	19	36	38	4)
v(613	5	23	160	46	4)
v(614	1	8	56	16	3)
v(614	2	24	158	48	3)
v(614	3	29	53	58	3)
v(614	4	13	141	26	3)
v(615	1	26	106	52	2)
v(615	2	5	92	10	2)
v(615	3	20	114	40	2)
v(616	1	15	47	30	3)
v(616	2	23	138	46	3)
v(616	3	30	123	60	3)
v(616	4	26	55	52	3)
v(617	1	31	123	62	3)
v(617	2	28	132	56	3)
v(617	3	11	52	22	2)
v(617	4	25	39	50	2)
v(618	1	24	119	48	2)
v(618	2	13	49	26	2)
v(618	3	5	27	10	2)
v(619	1	32	157	64	1)
v(619	2	15	29	30	1)
v(620	1	30	102	60	2)
v(620	2	3	88	6	2)
v(620	3	17	150	34	2)
v(621	1	26	105	52	0)
v(622	1	10	70	20	0)
v(622	2	28	67	56	0)
v(623	1	4	39	8	4)
v(623	2	27	162	54	4)
v(623	3	21	113	42	4)
v(623	4	13	171	26	4)
v(623	5	15	165	30	4)
v(624	1	14	163	28	1)
v(624	2	8	117	16	1)
v(625	1	24	182	48	3)
v(625	2	26	125	52	2)
v(625	3	18	29	36	3)
v(625	4	13	78	26	2)
v(626	1	3	86	6	2)
v(626	2	13	100	26	2)
v(626	3	16	65	32	2)
v(627	1	22	55	44	3)
v(627	2	12	31	24	3)
v(627	3	25	118	50	3)
v(627	4	14	21	28	3)
v(628	1	27	40	54	1)
v(628	2	22	44	44	1)
v(629	1	2	94	4	4)
v(629	2	1	47	2	4)
v(629	3	19	126	38	4)
v(629	4	26	148	52	4)
v(629	5	18	91	36	4)
v(630	1	31	159	62	3)
v(630	2	1	96	2	3)
v(630	3	21	71	42	3)
v(630	4	21	164	42	3)
v(631	1	18	105	36	1)
v(631	2	3	58	6	1)
v(632	1	28	84	56	4)
v(632	2	2	154	4	4)
v(632	3	1	83	2	4)
v(632	4	13	84	26	4)
v(632	5	9	109	18	4)
v(633	1	13	152	26	2)
v(633	2	23	100	46	2)
v(633	3	26	162	52	2)
v(634	1	15	115	30	3)
v(634	2	28	79	56	3)
v(634	3	18	107	36	3)
v(634	4	3	94	6	3)
v(635	1	32	36	64	3)
v(635	2	12	87	24	3)
v(635	3	29	86	58	3)
v(635	4	17	55	34	3)
v(636	1	1	136	2	1)
v(636	2	19	137	38	1)
v(637	1	18	26	36	0)
v(638	1	10	101	20	0)
v(639	1	30	158	60	3)
v(639	2	16	158	32	3)
v(639	3	10	129	20	2)
v(639	4	11	91	22	2)
v(640	1	15	42	30	1)
v(640	2	19	90	38	1)
v(641	1	26	27	52	2)
v(641	2	28	97	56	3)
v(641	3	26	111	52	2)
v(641	4	16	31	32	3)
v(642	1	19	147	38	1)
v(642	2	11	123	22	1)
v(643	1	19	29	38	0)
v(644	1	22	92	44	0)
v(645	1	28	140	56	0)
v(646	1	15	31	30	0)
v(647	1	28	113	56	1)
v(647	2	12	141	24	2)
v(647	3	30	113	60	1)
v(648	1	19	114	38	4)
v(648	2	7	110	14	4)
v(648	3	3	161	6	4)
v(648	4	27	67	54	4)
v(648	5	20	70	40	4)
v(649	1	8	21	16	3)
v(649	2	16	154	32	3)
v(649	3	30	49	60	3)
v(649	4	13	74	26	3)
v(650	1	2	34	4	4)
v(650	2	16	78	32	4)
v(650	3	1	101	2	4)
v(650	4	19	54	38	4)
v(650	5	25	136	50	4)
v(651	1	32	114	64	2)
v(651	2	8	82	16	2)
v(651	3	12	141	24	2)
v(652	1	21	88	42	3)
v(652	2	28	128	56	3)
v(652	3	28	53	56	3)
v(652	4	29	85	58	3)
v(653	1	6	47	12	3)
v(653	2	26	89	52	2)
v(653	3	15	48	30	3)
v(653	4	27	34	54	2)
v(654	1	32	50	64	4)
v(654	2	23	124	46	4)
v(654	3	28	58	56	4)
v(654	4	12	102	24	4)
v(654	5	6	105	12	4)
v(655	1	9	49	18	3)
v(655	2	17	147	34	3)
v(655	3	7	155	14	3)
v(655	4	20	39	40	3)
v(656	1	3	159	6	3)
v(656	2	23	144	46	3)
v(656	3	7	101	14	3)
v(656	4	32	164	64	3)
v(657	1	24	100	48	0)
v(657	2	12	29	24	0)
v(658	1	21	102	42	1)
v(658	2	22	26	44	1)
v(659	1	26	83	52	4)
v(659	2	32	104	64	4)
v(659	3	8	36	16	4)
v(659	4	1	19	2	4)
v(659	5	1	9	2	4)
v(660	1	26	29	52	0)
v(661	1	15	108	30	2)
v(661	2	7	43	14	2)
v(661	3	9	140	18	2)
v(662	1	8	19	16	2)
v(662	2	27	72	54	2)
v(662	3	10	18	20	3)
v(662	4	7	78	14	3)
v(663	1	24	45	48	3)
v(663	2	16	114	32	3)
v(663	3	24	55	48	3)
v(663	4	23	150	46	3)
v(664	1	14	145	28	0)
v(665	1	17	122	34	0)
v(666	1	26	86	52	0)
v(667	1	27	141	54	2)
v(667	2	25	182	50	2)
v(667	3	6	115	12	2)
v(668	1	32	37	64	3)
v(668	2	3	76	6	3)
v(668	3	3	134	6	3)
v(668	4	32	83	64	3)
v(669	1	1	24	2	4)
v(669	2	12	134	24	4)
v(669	3	4	20	8	4)
v(669	4	8	85	16	4)
v(669	5	5	67	10	4)
v(670	1	11	38	22	1)
v(670	2	13	65	26	1)
v(671	1	15	47	30	1)
v(671	2	22	68	44	1)
v(672	1	4	56	8	1)
v(672	2	23	44	46	1)
v(673	1	7	47	14	3)
v(673	2	24	124	48	3)
v(673	3	17	97	34	3)
v(673	4	19	168	38	3)
v(674	1	28	52	56	1)
v(674	2	7	65	14	1)
v(675	1	25	158	50	0)
v(676	1	14	55	28	0)
v(677	1	18	114	36	1)
v(677	2	16	46	32	1)
v(678	1	29	74	58	1)
v(678	2	22	121	44	1)
v(679	1	6	155	12	1)
v(679	2	15	121	30	1)
v(680	1	16	107	32	0)
v(680	2	14	162	28	0)
v(681	1	8	98	16	3)
v(681	2	3	33	6	3)
v(681	3	7	72	14	3)
v(681	4	18	64	36	3)
v(682	1	23	174	46	0)
v(683	1	9	55	18	2)
v(683	2	32	84	64	2)
v(683	3	30	129	60	2)
v(684	1	18	56	36	2)
v(684	2	6	91	12	3)
v(684	3	28	44	56	3)
v(684	4	6	148	12	2)
v(685	1	18	142	36	1)
v(685	2	9	36	18	1)
v(686	1	28	135	56	1)
v(686	2	28	85	56	1)
v(687	1	8	74	16	4)
v(687	2	20	61	40	4)
v(687	3	7	51	14	4)
v(687	4	21	80	42	4)
v(687	5	22	46	44	4)
v(688	1	11	91	22	0)
v(689	1	5	25	10	1)
v(689	2	10	124	20	1)
v(690	1	10	91	20	2)
v(690	2	18	36	36	2)
v(690	3	23	52	46	2)
v(691	1	25	77	50	4)
v(691	2	2	155	4	4)
v(691	3	7	20	14	3)
v(691	4	25	174	50	2)
v(691	5	17	166	34	3)
v(692	1	10	54	20	2)
v(692	2	11	61	22	1)
v(692	3	31	180	62	1)
v(693	1	25	182	50	1)
v(693	2	2	118	4	1)
v(694	1	1	129	2	2)
v(694	2	13	28	26	2)
v(694	3	12	148	24	2)
v(695	1	11	49	22	2)
v(695	2	6	84	12	2)
v(695	3	14	53	28	2)
v(696	1	25	165	50	3)
v(696	2	24	68	48	3)
v(696	3	28	88	56	3)
v(696	4	8	142	16	3)
v(697	1	28	142	56	4)
v(697	2	26	75	52	4)
v(697	3	12	56	24	4)
v(697	4	13	155	26	4)
v(697	5	18	26	36	4)
v(698	1	13	48	26	4)
v(698	2	32	184	64	4)
v(698	3	26	101	52	4)
v(698	4	9	91	18	4)
v(698	5	2	13	4	4)
v(699	1	7	166	14	0)
v(700	1	25	74	50	0)
e(1	1	2	20)
e(1	1	3	140)
e(1	2	3	110)
e(1	1	4	10)
e(1	2	4	160)
e(1	3	4	60)
e(1	1	5	70)
e(1	2	5	70)
e(1	3	5	150)
e(1	4	5	40)
e(2	1	2	90)
e(2	1	3	30)
e(2	2	3	150)
e(2	1	4	80)
e(2	2	4	130)
e(2	3	4	40)
e(3	1	2	90)
e(4	1	2	90)
e(5	1	2	50)
e(8	1	2	70)
e(8	1	3	160)
e(8	2	3	90)
e(9	1	2	120)
e(10	1	2	70)
e(11	1	2	50)
e(11	1	3	60)
e(11	2	3	160)
e(11	1	4	90)
e(11	2	4	20)
e(11	3	4	10)
e(11	1	5	80)
e(11	2	5	110)
e(11	4	5	10)
e(12	1	2	130)
e(12	1	3	70)
e(12	2	3	130)
e(14	1	2	70)
e(14	1	3	150)
e(14	2	3	20)
e(14	1	4	30)
e(14	2	4	110)
e(14	3	4	40)
e(15	1	2	70)
e(15	1	3	120)
e(15	2	3	70)
e(15	1	4	90)
e(15	2	4	30)
e(15	3	4	140)
e(15	1	5	120)
e(15	2	5	160)
e(15	3	5	70)
e(15	4	5	50)
e(17	1	2	150)
e(17	1	3	50)
e(17	2	3	40)
e(17	1	4	20)
e(17	2	4	70)
e(17	3	4	150)
e(17	1	5	90)
e(17	2	5	130)
e(17	3	5	20)
e(17	4	5	130)
e(18	1	2	60)
e(18	1	3	60)
e(18	1	4	150)
e(18	2	4	80)
e(18	3	4	80)
e(19	1	2	160)
e(19	1	3	140)
e(21	1	2	90)
e(21	1	3	20)
e(21	2	3	100)
e(22	1	2	120)
e(22	1	3	20)
e(23	1	2	100)
e(23	1	3	50)
e(23	2	3	130)
e(23	1	4	10)
e(23	2	4	50)
e(23	3	4	110)
e(24	1	2	90)
e(24	1	3	40)
e(24	2	3	20)
e(25	1	2	160)
e(25	1	3	40)
e(25	2	3	70)
e(25	1	4	150)
e(25	2	4	70)
e(25	3	4	130)
e(25	1	5	70)
e(25	2	5	40)
e(25	3	5	60)
e(25	4	5	120)
e(27	1	2	90)
e(28	1	2	20)
e(28	1	3	60)
e(28	2	3	80)
e(31	1	2	120)
e(31	1	3	110)
e(31	2	3	20)
e(31	1	4	130)
e(31	2	4	120)
e(31	3	4	150)
e(31	1	5	160)
e(31	2	5	160)
e(31	3	5	100)
e(31	4	5	60)
e(32	1	2	130)
e(33	1	2	20)
e(33	1	3	140)
e(33	2	3	130)
e(33	1	4	40)
e(33	3	4	160)
e(33	1	5	130)
e(33	2	5	120)
e(33	3	5	150)
e(33	4	5	110)
e(35	1	2	20)
e(35	1	3	100)
e(35	2	3	160)
e(36	1	2	100)
e(37	1	2	60)
e(37	1	3	40)
e(37	2	3	70)
e(37	1	4	130)
e(37	2	4	120)
e(37	3	4	70)
e(38	1	2	20)
e(38	1	3	110)
e(38	2	3	100)
e(40	1	2	130)
e(40	1	3	20)
e(40	2	3	140)
e(40	1	4	20)
e(40	2	4	80)
e(40	3	4	90)
e(40	1	5	20)
e(40	2	5	20)
e(40	3	5	150)
e(40	4	5	50)
e(41	1	2	110)
e(41	1	3	10)
e(41	2	3	140)
e(41	1	4	160)
e(41	2	4	120)
e(41	3	4	50)
e(41	1	5	80)
e(41	2	5	40)
e(41	3	5	50)
e(41	4	5	20)
e(42	1	2	10)
e(43	1	2	140)
e(43	1	3	20)
e(43	2	3	70)
e(44	1	2	140)
e(44	1	3	130)
e(44	2	3	120)
e(44	1	4	50)
e(44	2	4	10)
e(44	3	4	60)
e(46	1	2	20)
e(46	1	3	40)
e(47	1	2	120)
e(47	1	3	120)
e(47	2	3	150)
e(48	1	2	160)
e(48	1	3	70)
e(48	2	3	70)
e(48	1	4	60)
e(48	2	4	100)
e(48	3	4	90)
e(49	1	2	120)
e(51	1	2	140)
e(51	1	3	80)
e(51	2	3	100)
e(52	1	2	150)
e(52	1	3	100)
e(52	2	3	40)
e(53	1	2	10)
e(53	1	3	20)
e(53	2	3	130)
e(55	1	2	70)
e(55	1	3	110)
e(55	2	3	70)
e(56	1	2	50)
e(56	1	3	50)
e(56	2	3	130)
e(56	1	4	140)
e(56	2	4	40)
e(56	3	4	80)
e(56	1	5	130)
e(56	2	5	40)
e(56	3	5	30)
e(56	4	5	80)
e(58	1	2	100)
e(58	1	3	50)
e(58	2	3	10)
e(60	1	2	90)
e(62	1	2	10)
e(62	1	3	50)
e(62	2	3	20)
e(62	1	4	40)
e(62	2	4	110)
e(62	3	4	120)
e(62	1	5	30)
e(62	2	5	30)
e(62	3	5	140)
e(62	4	5	10)
e(63	1	2	150)
e(63	1	3	110)
e(63	2	3	10)
e(64	1	2	140)
e(64	1	3	120)
e(64	2	3	120)
e(64	1	4	70)
e(64	2	4	150)
e(64	3	4	150)
e(64	1	5	160)
e(64	2	5	40)
e(64	3	5	140)
e(64	4	5	80)
e(65	1	2	50)
e(66	1	2	120)
e(67	1	2	150)
e(67	1	3	120)
e(67	2	3	70)
e(68	1	2	100)
e(69	1	2	40)
e(69	1	3	140)
e(69	2	3	30)
e(70	1	2	120)
e(70	1	3	10)
e(70	2	3	100)
e(70	1	4	120)
e(70	2	4	110)
e(70	3	4	60)
e(70	1	5	100)
e(70	2	5	10)
e(70	3	5	40)
e(70	4	5	60)
e(71	1	2	40)
e(71	2	3	120)
e(71	1	4	40)
e(71	2	4	10)
e(71	3	4	40)
e(72	1	2	80)
e(72	1	3	120)
e(72	2	3	80)
e(72	1	4	160)
e(72	2	4	90)
e(72	3	4	150)
e(75	1	2	120)
e(75	1	3	90)
e(77	1	2	80)
e(77	1	3	140)
e(77	2	3	80)
e(78	1	2	150)
e(80	1	2	50)
e(80	1	3	160)
e(80	2	3	40)
e(80	1	4	160)
e(80	2	4	100)
e(80	3	4	90)
e(82	1	2	140)
e(82	1	3	90)
e(83	1	2	160)
e(83	1	3	10)
e(83	2	3	130)
e(83	1	4	140)
e(83	2	4	100)
e(83	3	4	130)
e(85	1	2	140)
e(85	1	3	60)
e(85	2	3	90)
e(86	1	2	90)
e(86	1	3	160)
e(86	2	3	130)
e(86	1	4	30)
e(86	2	4	20)
e(86	3	4	30)
e(87	1	3	160)
e(87	2	3	140)
e(87	1	4	120)
e(87	2	4	160)
e(87	3	4	20)
e(88	1	2	80)
e(88	1	3	100)
e(88	2	3	70)
e(88	1	4	60)
e(88	2	4	20)
e(88	3	4	110)
e(88	1	5	10)
e(88	2	5	110)
e(88	3	5	40)
e(88	4	5	80)
e(89	1	2	120)
e(89	1	3	10)
e(89	2	3	140)
e(89	1	4	30)
e(89	2	4	80)
e(89	3	4	10)
e(91	1	2	50)
e(91	1	3	110)
e(91	2	3	160)
e(91	1	4	80)
e(91	2	4	90)
e(91	3	4	10)
e(92	1	2	150)
e(94	1	2	70)
e(94	1	3	130)
e(94	2	3	120)
e(94	2	4	50)
e(94	3	4	110)
e(96	1	3	130)
e(96	2	3	140)
e(96	1	4	150)
e(96	2	4	70)
e(96	3	4	140)
e(96	1	5	20)
e(96	2	5	160)
e(96	3	5	100)
e(96	4	5	100)
e(97	1	2	30)
e(97	1	3	50)
e(97	2	3	20)
e(98	1	2	60)
e(98	1	3	30)
e(98	2	3	90)
e(99	1	2	110)
e(99	1	3	20)
e(99	2	3	90)
e(99	2	4	90)
e(99	3	4	90)
e(99	1	5	90)
e(99	2	5	130)
e(99	3	5	30)
e(99	4	5	130)
e(100	1	2	140)
e(100	1	3	80)
e(100	2	3	100)
e(100	1	4	40)
e(100	2	4	30)
e(100	3	4	90)
e(100	1	5	110)
e(100	2	5	40)
e(100	3	5	130)
e(100	4	5	130)
e(102	1	2	130)
e(102	1	3	130)
e(102	2	3	130)
e(103	1	2	30)
e(103	1	3	130)
e(103	2	3	70)
e(103	2	4	120)
e(103	3	4	140)
e(103	1	5	140)
e(103	2	5	90)
e(103	3	5	100)
e(103	4	5	40)
e(105	1	2	130)
e(105	1	3	100)
e(105	2	3	90)
e(105	1	4	160)
e(105	2	4	160)
e(105	3	4	50)
e(106	1	2	100)
e(106	1	3	10)
e(106	2	3	60)
e(107	1	2	150)
e(107	1	3	70)
e(107	2	3	40)
e(108	1	2	90)
e(109	1	2	20)
e(113	1	2	90)
e(114	1	2	160)
e(114	1	3	90)
e(114	2	3	80)
e(114	1	4	20)
e(114	2	4	130)
e(114	3	4	150)
e(115	1	3	20)
e(115	2	3	160)
e(115	1	4	130)
e(115	2	4	10)
e(115	3	4	70)
e(115	1	5	60)
e(115	2	5	120)
e(115	3	5	40)
e(115	4	5	80)
e(116	1	2	90)
e(116	1	3	100)
e(116	2	3	140)
e(116	2	4	60)
e(116	3	4	50)
e(117	1	2	90)
e(117	1	3	60)
e(117	2	3	60)
e(117	1	4	80)
e(117	2	4	30)
e(117	3	4	110)
e(117	2	5	10)
e(117	3	5	140)
e(117	4	5	100)
e(119	1	2	100)
e(119	2	3	100)
e(120	1	2	20)
e(120	1	3	50)
e(120	1	4	110)
e(120	2	4	160)
e(120	3	4	90)
e(123	1	2	30)
e(123	1	3	40)
e(123	2	3	80)
e(123	1	4	20)
e(123	2	4	40)
e(123	3	4	30)
e(123	1	5	70)
e(123	2	5	120)
e(123	3	5	30)
e(123	4	5	130)
e(125	1	2	110)
e(126	1	2	60)
e(126	1	3	20)
e(126	2	3	140)
e(126	1	4	70)
e(126	3	4	80)
e(126	1	5	120)
e(126	2	5	40)
e(126	4	5	150)
e(127	1	2	30)
e(127	2	3	90)
e(127	1	4	130)
e(127	2	4	90)
e(127	3	4	90)
e(127	1	5	150)
e(127	2	5	80)
e(127	3	5	40)
e(127	4	5	50)
e(128	1	2	70)
e(128	1	3	80)
e(128	1	4	160)
e(128	3	4	90)
e(129	1	2	40)
e(130	1	2	90)
e(130	1	3	60)
e(130	2	3	10)
e(130	1	4	150)
e(130	2	4	20)
e(132	1	2	90)
e(134	1	2	140)
e(134	2	3	50)
e(134	1	4	120)
e(134	2	4	120)
e(134	3	4	40)
e(135	1	2	10)
e(135	1	3	80)
e(135	2	3	40)
e(135	1	4	20)
e(135	2	4	10)
e(135	3	4	120)
e(136	1	2	130)
e(136	1	3	160)
e(136	2	3	80)
e(137	1	2	20)
e(137	1	3	40)
e(138	1	2	150)
e(138	2	3	70)
e(138	2	4	120)
e(138	3	4	80)
e(139	1	2	70)
e(141	1	2	160)
e(142	1	2	50)
e(144	1	2	120)
e(144	1	3	20)
e(144	2	3	100)
e(144	1	4	40)
e(144	2	4	40)
e(144	3	4	40)
e(144	1	5	130)
e(144	2	5	20)
e(144	3	5	160)
e(144	4	5	130)
e(146	1	2	120)
e(146	1	3	120)
e(146	2	3	110)
e(146	1	4	20)
e(146	2	4	10)
e(146	3	4	80)
e(148	1	2	50)
e(149	1	2	160)
e(149	2	3	10)
e(149	1	4	70)
e(149	2	4	50)
e(149	3	4	60)
e(149	1	5	100)
e(149	2	5	100)
e(149	3	5	10)
e(149	4	5	130)
e(151	1	2	110)
e(151	1	3	120)
e(151	2	3	130)
e(152	1	3	50)
e(152	2	3	120)
e(154	1	2	20)
e(154	1	3	160)
e(154	2	3	40)
e(154	2	4	90)
e(154	3	4	20)
e(154	1	5	40)
e(154	2	5	10)
e(154	4	5	50)
e(155	1	2	100)
e(155	1	3	50)
e(155	2	3	160)
e(155	1	4	10)
e(155	2	4	100)
e(155	3	4	140)
e(155	1	5	150)
e(155	2	5	10)
e(155	3	5	10)
e(155	4	5	120)
e(157	1	2	80)
e(157	1	3	10)
e(157	2	3	140)
e(157	1	4	20)
e(157	2	4	110)
e(157	3	4	100)
e(158	1	2	10)
e(158	1	3	10)
e(158	2	3	120)
e(158	1	4	60)
e(158	2	4	100)
e(158	3	4	70)
e(159	1	2	80)
e(159	1	3	80)
e(159	1	4	80)
e(159	2	4	50)
e(159	3	4	60)
e(159	1	5	120)
e(159	2	5	60)
e(159	3	5	70)
e(161	1	2	20)
e(163	1	2	100)
e(163	2	3	90)
e(163	1	4	130)
e(163	2	4	50)
e(163	3	4	50)
e(164	1	2	40)
e(164	1	3	160)
e(164	2	3	10)
e(164	1	4	130)
e(164	2	4	80)
e(164	3	4	10)
e(164	1	5	20)
e(164	2	5	20)
e(164	3	5	90)
e(164	4	5	120)
e(166	1	2	110)
e(166	1	3	40)
e(166	2	3	50)
e(166	1	4	120)
e(166	2	4	10)
e(166	3	4	130)
e(166	1	5	140)
e(166	2	5	150)
e(166	4	5	10)
e(167	1	2	160)
e(167	1	3	120)
e(167	2	3	20)
e(167	1	4	100)
e(167	2	4	120)
e(167	3	4	60)
e(167	1	5	100)
e(167	2	5	20)
e(167	3	5	100)
e(167	4	5	150)
e(168	1	2	90)
e(168	2	3	90)
e(169	1	2	110)
e(169	1	3	80)
e(169	2	3	70)
e(169	1	4	60)
e(169	2	4	60)
e(169	3	4	150)
e(169	1	5	140)
e(169	2	5	110)
e(169	3	5	80)
e(169	4	5	140)
e(171	1	2	140)
e(171	1	3	30)
e(171	2	3	10)
e(171	1	4	70)
e(171	2	4	100)
e(171	3	4	20)
e(171	2	5	10)
e(171	3	5	20)
e(171	4	5	70)
e(172	1	2	40)
e(172	2	3	130)
e(172	1	4	80)
e(172	2	4	10)
e(172	3	4	110)
e(175	1	2	160)
e(175	1	3	110)
e(175	2	3	40)
e(175	1	4	110)
e(175	2	4	80)
e(176	1	2	80)
e(177	1	2	100)
e(178	1	2	110)
e(178	1	3	70)
e(178	2	3	60)
e(179	1	2	160)
e(179	1	3	140)
e(179	2	3	80)
e(179	1	4	60)
e(179	2	4	160)
e(179	3	4	100)
e(180	1	2	60)
e(180	1	3	20)
e(180	2	3	150)
e(180	1	4	10)
e(180	2	4	150)
e(181	1	2	90)
e(181	1	3	30)
e(181	2	3	120)
e(182	1	2	30)
e(182	1	3	120)
e(182	2	3	130)
e(182	1	4	140)
e(182	2	4	70)
e(182	3	4	90)
e(183	1	2	150)
e(183	1	3	70)
e(183	2	3	100)
e(184	1	2	110)
e(184	1	3	60)
e(184	2	3	120)
e(185	1	2	10)
e(186	1	2	30)
e(186	1	3	60)
e(186	2	3	10)
e(186	1	4	20)
e(186	2	4	90)
e(186	3	4	110)
e(186	1	5	100)
e(186	2	5	50)
e(186	3	5	160)
e(186	4	5	60)
e(187	1	2	40)
e(187	1	3	70)
e(187	2	3	110)
e(187	1	4	120)
e(187	2	4	20)
e(187	3	4	140)
e(187	1	5	160)
e(187	2	5	50)
e(187	3	5	100)
e(187	4	5	60)
e(188	1	2	10)
e(188	1	3	70)
e(188	2	3	120)
e(188	1	4	130)
e(188	2	4	100)
e(189	1	2	20)
e(189	1	3	150)
e(189	2	3	120)
e(190	1	2	110)
e(190	1	3	70)
e(190	2	3	80)
e(190	1	4	50)
e(190	2	4	40)
e(190	3	4	150)
e(190	1	5	150)
e(190	2	5	80)
e(190	3	5	100)
e(190	4	5	140)
e(191	1	2	90)
e(191	1	3	140)
e(191	2	3	50)
e(191	1	4	120)
e(191	2	4	60)
e(191	3	4	100)
e(193	1	2	40)
e(195	1	2	110)
e(195	2	3	140)
e(195	3	4	110)
e(195	1	5	90)
e(195	2	5	30)
e(195	3	5	30)
e(195	4	5	30)
e(196	1	2	40)
e(196	1	3	160)
e(196	2	3	60)
e(197	1	2	130)
e(198	1	2	130)
e(198	1	3	10)
e(198	2	3	60)
e(199	1	2	40)
e(199	1	3	10)
e(199	2	3	110)
e(199	1	4	100)
e(199	2	4	100)
e(199	3	4	90)
e(200	1	2	80)
e(202	1	2	110)
e(202	1	3	110)
e(202	2	3	30)
e(205	1	2	120)
e(205	1	3	30)
e(205	2	3	20)
e(205	1	4	30)
e(205	2	4	80)
e(205	3	4	160)
e(206	1	2	140)
e(206	1	3	10)
e(206	2	3	90)
e(206	1	4	30)
e(206	2	4	30)
e(206	3	4	160)
e(207	1	2	40)
e(207	1	3	80)
e(207	2	3	30)
e(207	1	4	120)
e(207	2	4	20)
e(207	3	4	10)
e(207	1	5	60)
e(207	2	5	130)
e(207	3	5	30)
e(207	4	5	100)
e(208	1	2	60)
e(208	1	3	140)
e(208	2	3	50)
e(208	1	4	140)
e(208	2	4	80)
e(208	3	4	140)
e(209	1	2	100)
e(209	1	3	120)
e(209	2	3	50)
e(209	1	4	120)
e(209	2	4	160)
e(209	3	4	40)
e(209	1	5	120)
e(209	2	5	160)
e(209	3	5	100)
e(209	4	5	150)
e(210	1	2	80)
e(210	1	3	160)
e(210	2	3	10)
e(210	1	4	130)
e(210	2	4	20)
e(210	3	4	40)
e(210	1	5	20)
e(210	2	5	50)
e(210	3	5	20)
e(210	4	5	10)
e(211	1	2	80)
e(212	1	2	120)
e(213	1	2	120)
e(213	1	3	120)
e(213	2	3	110)
e(214	1	2	110)
e(214	1	3	160)
e(214	2	3	50)
e(214	1	4	110)
e(214	2	4	110)
e(214	3	4	130)
e(216	1	2	100)
e(216	2	3	90)
e(218	1	2	40)
e(218	1	3	70)
e(218	2	3	140)
e(218	1	4	10)
e(218	2	4	70)
e(218	3	4	70)
e(218	1	5	40)
e(218	2	5	150)
e(218	3	5	140)
e(218	4	5	140)
e(219	1	2	10)
e(221	1	2	70)
e(222	1	2	130)
e(222	1	3	10)
e(222	2	3	60)
e(222	1	4	100)
e(222	2	4	20)
e(222	3	4	70)
e(224	1	3	30)
e(225	1	2	90)
e(225	1	3	150)
e(225	2	3	90)
e(225	1	4	70)
e(225	2	4	130)
e(225	3	4	70)
e(225	1	5	20)
e(225	2	5	50)
e(225	3	5	80)
e(225	4	5	70)
e(226	1	2	80)
e(226	1	3	110)
e(226	2	3	10)
e(226	2	4	150)
e(226	3	4	150)
e(226	1	5	10)
e(226	2	5	140)
e(226	3	5	60)
e(226	4	5	50)
e(227	1	2	90)
e(228	1	2	70)
e(228	1	3	110)
e(228	2	3	140)
e(228	1	4	30)
e(228	3	4	140)
e(229	1	2	20)
e(230	1	2	160)
e(230	1	3	110)
e(230	2	3	30)
e(231	2	3	90)
e(231	1	4	80)
e(231	2	4	150)
e(231	1	5	20)
e(231	2	5	60)
e(231	3	5	110)
e(231	4	5	60)
e(232	1	2	100)
e(232	2	3	140)
e(232	1	4	160)
e(232	2	4	130)
e(232	3	4	160)
e(232	1	5	110)
e(232	2	5	10)
e(232	3	5	80)
e(232	4	5	140)
e(234	1	2	30)
e(234	1	3	20)
e(234	2	3	60)
e(234	1	4	60)
e(234	2	4	140)
e(234	3	4	30)
e(235	1	2	40)
e(235	1	3	70)
e(235	2	3	160)
e(235	1	4	110)
e(235	2	4	100)
e(235	1	5	30)
e(235	2	5	140)
e(235	4	5	110)
e(236	1	2	140)
e(236	1	3	50)
e(236	2	3	150)
e(236	1	4	60)
e(236	2	4	120)
e(236	3	4	140)
e(237	1	2	140)
e(237	1	3	70)
e(237	2	3	140)
e(238	1	2	50)
e(238	1	3	20)
e(238	2	3	130)
e(238	1	4	150)
e(238	2	4	120)
e(238	3	4	40)
e(238	2	5	80)
e(238	3	5	70)
e(238	4	5	40)
e(239	1	2	80)
e(240	1	2	50)
e(240	1	3	40)
e(240	2	3	60)
e(241	1	2	50)
e(241	1	3	160)
e(241	2	3	110)
e(241	1	4	70)
e(241	2	4	80)
e(241	3	4	90)
e(241	2	5	90)
e(241	3	5	120)
e(241	4	5	120)
e(242	1	2	80)
e(243	1	2	110)
e(243	1	3	70)
e(243	2	3	160)
e(243	1	4	130)
e(243	2	4	80)
e(243	3	4	20)
e(244	1	2	60)
e(244	1	3	90)
e(244	2	3	110)
e(244	1	4	90)
e(244	2	4	150)
e(245	1	2	110)
e(245	1	3	100)
e(245	1	4	100)
e(245	2	4	70)
e(245	3	4	130)
e(246	1	2	120)
e(246	1	3	130)
e(246	2	3	70)
e(246	1	4	130)
e(246	2	4	110)
e(246	3	4	120)
e(246	1	5	120)
e(246	2	5	20)
e(246	4	5	20)
e(247	1	2	30)
e(247	1	3	50)
e(247	2	3	130)
e(247	1	4	40)
e(247	2	4	40)
e(247	3	4	40)
e(247	1	5	120)
e(247	2	5	50)
e(247	3	5	140)
e(247	4	5	40)
e(248	1	2	160)
e(248	1	3	10)
e(248	2	3	150)
e(248	1	4	140)
e(248	2	4	90)
e(248	3	4	140)
e(248	1	5	70)
e(248	2	5	160)
e(248	3	5	100)
e(248	4	5	130)
e(250	1	2	30)
e(250	1	3	40)
e(250	2	3	10)
e(251	1	2	30)
e(252	1	2	20)
e(252	1	3	150)
e(252	2	3	20)
e(252	1	4	10)
e(252	2	4	50)
e(252	3	4	10)
e(253	1	2	110)
e(254	1	2	150)
e(254	1	3	50)
e(254	2	3	150)
e(254	1	4	120)
e(254	2	4	90)
e(254	3	4	30)
e(254	1	5	110)
e(254	2	5	150)
e(254	3	5	140)
e(254	4	5	20)
e(255	1	2	120)
e(255	1	3	30)
e(255	1	4	30)
e(255	2	4	30)
e(255	3	4	40)
e(256	1	2	70)
e(256	2	3	130)
e(257	1	2	140)
e(257	1	3	160)
e(257	2	3	130)
e(257	1	4	40)
e(257	2	4	150)
e(257	3	4	60)
e(257	1	5	30)
e(257	2	5	130)
e(257	3	5	140)
e(257	4	5	20)
e(258	1	2	60)
e(259	1	2	90)
e(259	1	3	150)
e(259	2	3	90)
e(259	1	4	150)
e(259	3	4	110)
e(260	1	2	70)
e(260	1	3	100)
e(260	2	3	40)
e(261	1	2	70)
e(261	1	3	10)
e(261	2	3	130)
e(261	2	4	120)
e(261	3	4	50)
e(262	1	2	60)
e(262	1	3	10)
e(262	2	3	120)
e(262	1	4	110)
e(262	2	4	160)
e(262	3	4	110)
e(262	1	5	140)
e(262	2	5	10)
e(262	3	5	80)
e(262	4	5	110)
e(263	1	2	90)
e(263	1	3	100)
e(263	2	3	130)
e(263	1	4	50)
e(263	2	4	150)
e(263	3	4	50)
e(263	1	5	110)
e(263	2	5	110)
e(263	3	5	140)
e(263	4	5	140)
e(264	1	2	130)
e(265	1	2	60)
e(266	1	2	40)
e(266	1	3	50)
e(266	2	3	20)
e(267	1	2	10)
e(269	1	2	130)
e(270	1	2	70)
e(271	1	3	40)
e(271	2	3	60)
e(272	1	2	10)
e(273	1	2	90)
e(273	1	3	80)
e(273	2	3	110)
e(273	2	4	140)
e(273	3	4	120)
e(273	1	5	40)
e(273	2	5	10)
e(273	3	5	160)
e(273	4	5	10)
e(275	1	2	80)
e(276	1	2	70)
e(276	1	3	150)
e(276	2	3	70)
e(276	1	4	140)
e(276	2	4	140)
e(276	3	4	130)
e(277	1	2	90)
e(277	1	3	10)
e(277	2	3	90)
e(277	1	4	30)
e(277	2	4	80)
e(277	3	4	40)
e(277	1	5	50)
e(277	2	5	120)
e(277	3	5	20)
e(277	4	5	50)
e(278	1	2	110)
e(280	1	2	20)
e(280	1	3	150)
e(280	2	3	120)
e(280	1	4	70)
e(280	2	4	30)
e(280	3	4	50)
e(280	1	5	10)
e(280	2	5	120)
e(280	3	5	150)
e(280	4	5	10)
e(281	1	2	20)
e(282	1	2	60)
e(283	1	2	70)
e(284	1	2	70)
e(284	1	3	110)
e(284	2	3	30)
e(285	1	2	30)
e(285	1	3	150)
e(285	2	3	110)
e(285	1	4	120)
e(285	2	4	10)
e(285	3	4	110)
e(285	2	5	40)
e(287	1	2	120)
e(287	1	3	130)
e(287	2	3	110)
e(289	1	2	140)
e(289	1	3	70)
e(289	2	3	70)
e(289	1	4	70)
e(289	3	4	100)
e(289	1	5	120)
e(289	2	5	130)
e(289	4	5	140)
e(290	1	2	90)
e(291	1	2	160)
e(292	1	2	80)
e(292	1	3	150)
e(292	2	3	50)
e(293	1	2	40)
e(293	1	3	70)
e(293	2	3	110)
e(293	1	4	40)
e(293	2	4	140)
e(293	3	4	160)
e(294	1	2	160)
e(294	1	3	50)
e(294	2	3	60)
e(294	1	4	10)
e(294	2	4	80)
e(294	3	4	160)
e(296	1	2	70)
e(297	1	2	100)
e(298	1	2	140)
e(298	1	3	80)
e(298	2	3	150)
e(298	1	4	130)
e(298	2	4	40)
e(298	3	4	140)
e(298	1	5	160)
e(298	2	5	50)
e(298	3	5	160)
e(298	4	5	70)
e(299	1	2	50)
e(299	2	3	160)
e(300	1	2	100)
e(300	1	3	40)
e(300	2	3	130)
e(300	1	4	10)
e(300	2	4	120)
e(300	3	4	30)
e(300	1	5	100)
e(300	2	5	80)
e(300	3	5	150)
e(300	4	5	100)
e(301	1	2	70)
e(301	1	3	100)
e(301	2	3	50)
e(301	1	4	100)
e(301	2	4	70)
e(301	3	4	70)
e(301	1	5	50)
e(301	2	5	150)
e(301	3	5	110)
e(301	4	5	50)
e(302	1	2	110)
e(303	1	2	10)
e(304	1	2	10)
e(304	1	3	20)
e(304	2	3	150)
e(304	1	4	100)
e(304	2	4	130)
e(304	3	4	150)
e(304	1	5	10)
e(304	2	5	110)
e(304	3	5	20)
e(304	4	5	50)
e(305	1	2	140)
e(305	1	3	150)
e(305	2	3	10)
e(306	1	2	140)
e(306	1	3	150)
e(306	2	3	50)
e(307	1	2	50)
e(307	1	3	80)
e(307	2	3	100)
e(307	1	4	100)
e(307	2	4	110)
e(307	3	4	50)
e(307	1	5	50)
e(307	2	5	130)
e(307	3	5	80)
e(310	1	2	150)
e(310	2	3	130)
e(310	1	4	60)
e(310	2	4	140)
e(310	1	5	100)
e(310	2	5	130)
e(310	3	5	150)
e(310	4	5	150)
e(312	1	2	140)
e(312	1	3	130)
e(312	1	4	160)
e(312	2	4	110)
e(312	3	4	100)
e(314	1	2	80)
e(316	1	2	20)
e(316	1	3	10)
e(316	2	3	20)
e(317	1	2	130)
e(319	1	2	50)
e(320	1	2	140)
e(320	1	3	90)
e(320	2	3	100)
e(320	1	4	40)
e(320	2	4	130)
e(321	1	2	70)
e(321	1	3	100)
e(321	2	3	80)
e(321	1	4	110)
e(321	2	4	160)
e(321	3	4	160)
e(321	1	5	10)
e(321	2	5	70)
e(321	3	5	30)
e(321	4	5	50)
e(322	1	2	60)
e(322	2	3	130)
e(322	1	4	100)
e(322	2	4	160)
e(322	3	4	160)
e(323	1	2	110)
e(324	1	2	50)
e(325	1	2	150)
e(326	1	2	30)
e(326	2	3	70)
e(326	1	4	140)
e(326	2	4	120)
e(326	3	4	150)
e(326	1	5	80)
e(326	2	5	50)
e(326	3	5	130)
e(326	4	5	100)
e(327	1	2	80)
e(327	1	3	110)
e(327	2	3	100)
e(327	1	4	10)
e(327	2	4	30)
e(327	3	4	140)
e(327	1	5	60)
e(327	2	5	70)
e(327	3	5	110)
e(327	4	5	80)
e(328	1	3	80)
e(328	2	3	80)
e(329	1	2	40)
e(329	1	3	80)
e(329	2	3	130)
e(329	1	4	30)
e(329	2	4	20)
e(329	3	4	20)
e(331	1	2	20)
e(332	1	2	50)
e(332	1	3	80)
e(332	2	3	80)
e(332	1	4	130)
e(332	2	4	130)
e(332	3	4	120)
e(333	1	2	70)
e(333	1	3	100)
e(333	2	3	50)
e(334	1	2	120)
e(334	1	3	110)
e(334	2	3	40)
e(334	1	4	110)
e(334	2	4	70)
e(334	3	4	140)
e(334	1	5	10)
e(334	2	5	70)
e(334	3	5	150)
e(334	4	5	100)
e(335	1	2	100)
e(336	1	2	120)
e(336	1	3	20)
e(336	2	3	120)
e(336	1	4	10)
e(336	2	4	120)
e(336	3	4	40)
e(336	1	5	100)
e(336	2	5	150)
e(336	3	5	100)
e(336	4	5	100)
e(337	1	2	150)
e(338	1	2	20)
e(338	2	3	10)
e(338	1	4	80)
e(338	2	4	70)
e(338	3	4	150)
e(339	1	2	150)
e(339	1	3	70)
e(339	2	3	120)
e(340	1	2	40)
e(340	1	3	150)
e(340	2	3	130)
e(341	1	3	160)
e(341	2	3	20)
e(342	1	2	30)
e(342	1	3	70)
e(342	2	3	160)
e(343	1	2	90)
e(344	1	2	100)
e(344	1	3	70)
e(344	2	3	140)
e(344	1	4	80)
e(344	2	4	70)
e(344	3	4	160)
e(345	1	3	60)
e(345	2	3	60)
e(345	1	4	90)
e(345	2	4	160)
e(345	3	4	100)
e(345	1	5	130)
e(345	2	5	60)
e(345	3	5	60)
e(345	4	5	10)
e(346	1	2	130)
e(347	1	2	150)
e(347	1	3	50)
e(347	2	3	120)
e(349	1	2	80)
e(349	1	3	130)
e(349	2	3	150)
e(350	1	2	40)
e(350	1	3	100)
e(350	2	3	10)
e(350	1	4	160)
e(350	2	4	120)
e(350	3	4	120)
e(353	1	2	30)
e(354	1	2	40)
e(354	1	3	60)
e(354	2	3	110)
e(355	1	2	80)
e(355	2	3	50)
e(355	1	4	150)
e(355	2	4	40)
e(355	3	4	20)
e(355	1	5	30)
e(355	2	5	160)
e(355	3	5	120)
e(355	4	5	110)
e(356	1	2	60)
e(357	1	2	140)
e(357	1	3	160)
e(357	1	4	20)
e(357	2	4	30)
e(357	3	4	30)
e(358	1	2	10)
e(358	1	3	10)
e(358	2	3	160)
e(358	1	4	150)
e(358	2	4	10)
e(358	3	4	60)
e(361	1	2	40)
e(361	1	3	100)
e(361	2	3	140)
e(362	1	2	10)
e(362	1	3	50)
e(362	2	3	150)
e(362	1	4	10)
e(362	2	4	30)
e(362	3	4	90)
e(362	1	5	50)
e(362	2	5	80)
e(362	3	5	10)
e(362	4	5	100)
e(364	1	2	160)
e(364	1	3	20)
e(364	2	3	150)
e(364	1	4	160)
e(364	2	4	90)
e(364	3	4	20)
e(365	1	2	40)
e(365	1	3	30)
e(365	2	3	160)
e(365	1	4	50)
e(365	2	4	140)
e(365	3	4	110)
e(365	1	5	100)
e(365	2	5	20)
e(365	3	5	90)
e(366	1	2	160)
e(366	1	3	30)
e(366	2	3	120)
e(366	1	4	100)
e(366	2	4	10)
e(366	3	4	160)
e(367	1	2	80)
e(368	1	2	20)
e(369	1	2	130)
e(369	2	3	30)
e(369	1	4	20)
e(369	2	4	120)
e(369	3	4	100)
e(370	1	2	10)
e(371	1	2	60)
e(371	1	3	110)
e(371	2	3	60)
e(371	1	4	100)
e(371	2	4	10)
e(371	3	4	130)
e(371	1	5	110)
e(371	2	5	140)
e(371	3	5	140)
e(371	4	5	10)
e(374	1	2	40)
e(374	1	3	40)
e(374	2	3	50)
e(374	1	4	50)
e(374	2	4	70)
e(374	3	4	90)
e(375	1	2	140)
e(375	1	3	50)
e(375	2	3	110)
e(375	1	4	20)
e(375	2	4	40)
e(375	3	4	130)
e(377	1	2	40)
e(377	1	3	10)
e(377	2	3	150)
e(378	1	2	120)
e(378	1	3	160)
e(378	2	3	140)
e(378	1	4	20)
e(378	2	4	110)
e(378	3	4	50)
e(380	1	2	50)
e(380	1	3	160)
e(380	2	3	120)
e(382	1	2	60)
e(382	1	3	20)
e(382	2	3	70)
e(383	1	2	110)
e(384	1	2	50)
e(384	1	3	100)
e(384	2	3	20)
e(384	1	4	140)
e(384	2	4	100)
e(384	3	4	10)
e(384	1	5	120)
e(384	2	5	120)
e(384	3	5	150)
e(384	4	5	70)
e(386	1	2	150)
e(386	1	3	60)
e(386	2	3	150)
e(388	1	2	60)
e(388	1	3	90)
e(388	2	3	50)
e(388	1	4	140)
e(388	2	4	50)
e(388	3	4	30)
e(388	1	5	130)
e(388	2	5	60)
e(388	3	5	160)
e(388	4	5	130)
e(389	1	2	10)
e(389	1	3	130)
e(389	2	3	120)
e(390	1	2	50)
e(390	1	3	150)
e(390	2	3	90)
e(390	1	4	10)
e(390	2	4	110)
e(390	3	4	100)
e(390	1	5	10)
e(390	2	5	160)
e(390	4	5	150)
e(392	1	3	100)
e(392	2	3	70)
e(392	1	4	90)
e(392	2	4	150)
e(392	3	4	20)
e(393	1	2	70)
e(394	1	2	70)
e(394	1	3	140)
e(394	2	3	60)
e(394	1	4	10)
e(394	2	4	130)
e(394	3	4	150)
e(395	1	2	120)
e(395	1	3	70)
e(395	2	3	70)
e(395	1	4	50)
e(395	2	4	140)
e(395	3	4	120)
e(395	3	5	160)
e(395	4	5	120)
e(396	1	2	30)
e(396	1	3	150)
e(396	2	3	140)
e(396	1	4	30)
e(396	2	4	130)
e(396	3	4	160)
e(396	1	5	100)
e(396	2	5	100)
e(396	3	5	70)
e(397	1	2	20)
e(397	1	3	60)
e(397	2	3	160)
e(397	1	4	60)
e(397	2	4	130)
e(397	3	4	160)
e(399	1	2	70)
e(399	1	3	70)
e(399	2	3	120)
e(401	1	2	50)
e(401	1	3	100)
e(401	2	3	30)
e(402	1	2	80)
e(402	1	3	30)
e(402	2	3	70)
e(402	1	4	70)
e(402	2	4	80)
e(402	3	4	120)
e(404	1	2	80)
e(405	1	2	140)
e(405	2	3	160)
e(406	1	2	60)
e(408	1	2	10)
e(408	1	3	150)
e(408	2	3	120)
e(409	1	2	120)
e(409	1	3	80)
e(409	2	3	80)
e(409	2	4	150)
e(409	3	4	140)
e(409	1	5	40)
e(409	2	5	50)
e(409	3	5	30)
e(409	4	5	90)
e(411	1	2	30)
e(411	1	3	100)
e(411	2	3	100)
e(411	1	4	60)
e(411	2	4	60)
e(411	3	4	100)
e(412	1	2	100)
e(413	1	2	40)
e(413	1	3	10)
e(413	2	3	60)
e(413	1	4	30)
e(413	2	4	120)
e(413	3	4	130)
e(413	1	5	40)
e(413	2	5	30)
e(413	3	5	80)
e(413	4	5	60)
e(414	1	2	150)
e(414	1	3	150)
e(414	2	3	50)
e(414	1	4	90)
e(414	2	4	130)
e(414	3	4	60)
e(414	1	5	60)
e(414	2	5	140)
e(414	3	5	160)
e(414	4	5	70)
e(415	1	2	100)
e(415	1	3	60)
e(415	2	3	140)
e(416	1	2	90)
e(416	1	3	40)
e(416	2	3	140)
e(416	1	4	120)
e(416	2	4	160)
e(416	3	4	30)
e(416	1	5	70)
e(416	2	5	30)
e(416	3	5	140)
e(416	4	5	40)
e(417	1	2	60)
e(417	1	3	40)
e(417	2	3	140)
e(418	1	2	40)
e(418	1	3	140)
e(418	2	3	40)
e(419	1	2	40)
e(419	1	3	10)
e(419	2	3	80)
e(420	1	2	110)
e(420	1	3	50)
e(420	2	3	10)
e(422	1	2	120)
e(422	1	3	20)
e(422	2	3	90)
e(422	1	4	20)
e(422	2	4	70)
e(422	3	4	120)
e(423	1	2	50)
e(425	1	2	70)
e(426	1	2	100)
e(428	1	2	50)
e(428	1	3	90)
e(430	1	2	90)
e(430	1	3	130)
e(430	2	3	70)
e(430	1	4	120)
e(430	2	4	150)
e(430	3	4	160)
e(430	1	5	60)
e(430	2	5	90)
e(430	3	5	160)
e(431	1	2	140)
e(431	1	3	80)
e(431	2	3	140)
e(431	1	4	10)
e(431	2	4	80)
e(431	3	4	100)
e(432	1	2	130)
e(433	1	2	110)
e(434	1	2	120)
e(434	1	3	120)
e(434	2	3	60)
e(434	1	4	90)
e(434	2	4	140)
e(434	3	4	60)
e(435	1	2	30)
e(435	1	3	120)
e(435	2	3	140)
e(436	1	2	50)
e(436	1	3	100)
e(436	2	3	100)
e(437	1	3	40)
e(437	2	3	30)
e(437	1	4	20)
e(437	2	4	90)
e(437	3	4	80)
e(438	1	2	60)
e(438	1	3	30)
e(438	2	3	10)
e(439	1	2	50)
e(441	1	2	160)
e(441	1	3	140)
e(441	2	3	120)
e(442	1	2	130)
e(442	2	3	60)
e(442	1	4	80)
e(442	2	4	150)
e(442	3	4	30)
e(442	1	5	50)
e(442	2	5	90)
e(442	3	5	110)
e(442	4	5	110)
e(444	1	2	90)
e(444	1	3	40)
e(444	2	3	100)
e(444	1	4	100)
e(444	2	4	10)
e(444	3	4	110)
e(444	1	5	30)
e(444	2	5	140)
e(444	3	5	80)
e(444	4	5	10)
e(445	1	2	30)
e(445	2	3	60)
e(446	1	2	160)
e(446	1	3	120)
e(446	2	3	60)
e(446	1	4	100)
e(446	2	4	110)
e(446	3	4	160)
e(448	1	2	150)
e(448	1	3	100)
e(448	2	3	110)
e(448	1	4	100)
e(448	2	4	30)
e(448	3	4	130)
e(448	1	5	80)
e(448	2	5	40)
e(448	3	5	30)
e(448	4	5	130)
e(449	1	2	30)
e(449	1	3	140)
e(449	2	3	90)
e(449	1	4	40)
e(449	2	4	160)
e(449	3	4	60)
e(449	1	5	150)
e(449	2	5	110)
e(449	3	5	110)
e(449	4	5	50)
e(450	1	2	140)
e(450	1	3	160)
e(450	2	3	50)
e(450	1	4	10)
e(450	2	4	70)
e(451	1	2	50)
e(451	1	3	150)
e(451	2	3	130)
e(451	1	4	90)
e(451	2	4	70)
e(452	1	2	60)
e(452	1	3	80)
e(452	2	3	40)
e(452	1	4	60)
e(452	2	4	140)
e(452	3	4	90)
e(453	1	2	20)
e(454	1	2	160)
e(454	1	3	20)
e(454	2	3	70)
e(454	1	4	60)
e(454	2	4	90)
e(454	3	4	110)
e(454	1	5	70)
e(454	2	5	70)
e(454	3	5	100)
e(454	4	5	90)
e(455	1	2	140)
e(455	1	3	90)
e(456	1	2	110)
e(457	1	2	120)
e(457	1	3	130)
e(457	2	3	130)
e(458	1	2	70)
e(459	1	2	50)
e(459	1	3	130)
e(459	2	3	100)
e(460	1	2	50)
e(461	1	2	100)
e(461	1	3	60)
e(461	2	3	110)
e(461	1	4	90)
e(461	2	4	60)
e(461	3	4	20)
e(461	1	5	30)
e(461	2	5	80)
e(461	3	5	30)
e(461	4	5	10)
e(462	1	2	140)
e(463	1	2	50)
e(463	1	3	50)
e(463	2	3	90)
e(464	1	2	120)
e(464	2	3	150)
e(464	1	4	100)
e(464	2	4	50)
e(464	3	4	60)
e(465	1	2	130)
e(465	1	3	50)
e(465	2	3	100)
e(465	1	4	20)
e(465	2	4	110)
e(466	1	2	10)
e(466	1	3	160)
e(466	2	3	150)
e(469	1	2	110)
e(469	1	3	140)
e(469	2	3	90)
e(469	1	4	100)
e(469	2	4	120)
e(469	3	4	50)
e(471	1	3	110)
e(471	2	3	130)
e(472	1	2	110)
e(472	1	3	150)
e(472	2	3	110)
e(473	1	2	20)
e(473	1	3	40)
e(473	2	3	140)
e(473	1	4	70)
e(473	2	4	120)
e(473	3	4	150)
e(474	1	2	30)
e(474	1	3	50)
e(474	2	3	100)
e(474	1	4	120)
e(474	2	4	100)
e(475	1	2	50)
e(475	1	3	100)
e(475	2	3	150)
e(475	1	4	130)
e(475	2	4	140)
e(475	3	4	100)
e(478	1	2	70)
e(480	1	2	150)
e(480	1	3	150)
e(480	2	3	40)
e(480	1	4	30)
e(480	2	4	40)
e(480	3	4	90)
e(482	1	2	30)
e(483	1	2	110)
e(483	1	3	110)
e(483	2	3	120)
e(484	1	2	110)
e(484	1	3	30)
e(484	2	3	140)
e(484	1	4	50)
e(484	2	4	70)
e(484	3	4	30)
e(485	1	2	100)
e(485	2	3	40)
e(485	1	4	120)
e(485	2	4	140)
e(485	1	5	80)
e(485	2	5	60)
e(485	3	5	100)
e(485	4	5	60)
e(486	1	2	10)
e(486	1	3	140)
e(486	2	3	40)
e(486	1	4	130)
e(486	2	4	110)
e(486	3	4	50)
e(486	1	5	60)
e(486	2	5	120)
e(486	3	5	10)
e(486	4	5	130)
e(487	1	2	60)
e(487	1	3	120)
e(487	2	3	40)
e(487	1	4	80)
e(487	3	4	100)
e(488	1	2	40)
e(488	1	3	70)
e(488	2	3	70)
e(488	1	4	50)
e(488	2	4	50)
e(488	3	4	70)
e(491	1	2	150)
e(491	1	3	80)
e(491	2	3	80)
e(491	1	4	10)
e(491	2	4	50)
e(491	3	4	130)
e(492	1	2	140)
e(492	1	3	130)
e(492	2	3	20)
e(492	3	4	120)
e(493	1	2	110)
e(495	1	2	60)
e(495	1	3	150)
e(495	2	3	80)
e(495	1	4	160)
e(495	2	4	50)
e(495	1	5	60)
e(495	2	5	70)
e(495	3	5	20)
e(495	4	5	40)
e(496	1	2	100)
e(496	1	3	60)
e(496	2	3	80)
e(496	1	4	130)
e(496	2	4	20)
e(496	3	4	140)
e(497	1	2	90)
e(497	1	3	120)
e(497	2	3	120)
e(497	1	4	30)
e(497	2	4	80)
e(497	3	4	150)
e(499	1	2	50)
e(499	1	3	120)
e(499	2	3	150)
e(499	1	4	40)
e(499	2	4	110)
e(499	3	4	100)
e(500	1	2	130)
e(500	1	3	20)
e(500	2	3	60)
e(500	1	4	30)
e(500	3	4	50)
e(500	1	5	120)
e(500	2	5	110)
e(500	3	5	120)
e(500	4	5	70)
e(501	1	2	50)
e(503	1	2	10)
e(503	1	3	100)
e(503	1	4	80)
e(503	2	4	10)
e(503	3	4	80)
e(504	1	3	10)
e(504	2	3	80)
e(504	1	4	100)
e(504	2	4	50)
e(504	3	4	20)
e(506	1	2	130)
e(506	1	3	10)
e(506	2	3	40)
e(506	1	4	160)
e(506	2	4	80)
e(506	3	4	80)
e(507	1	2	120)
e(508	1	2	100)
e(509	1	2	30)
e(509	1	3	30)
e(509	2	3	150)
e(509	2	4	140)
e(509	3	4	60)
e(510	1	2	160)
e(510	1	3	110)
e(510	2	3	30)
e(511	1	2	140)
e(511	1	3	20)
e(511	1	4	120)
e(511	2	4	160)
e(511	3	4	140)
e(511	1	5	140)
e(511	2	5	90)
e(511	3	5	130)
e(511	4	5	40)
e(512	1	2	120)
e(512	1	3	130)
e(512	2	3	130)
e(512	1	4	20)
e(512	2	4	150)
e(512	3	4	150)
e(512	1	5	80)
e(512	2	5	110)
e(512	3	5	70)
e(512	4	5	50)
e(513	1	2	110)
e(514	1	2	90)
e(514	2	3	60)
e(514	1	4	20)
e(514	2	4	110)
e(514	3	4	160)
e(515	1	2	120)
e(515	1	3	20)
e(515	2	3	20)
e(515	1	4	160)
e(515	2	4	120)
e(515	3	4	70)
e(515	1	5	100)
e(515	2	5	40)
e(515	3	5	100)
e(515	4	5	50)
e(516	1	3	30)
e(516	1	4	150)
e(516	2	4	80)
e(516	3	4	120)
e(517	1	2	80)
e(517	1	3	40)
e(517	2	3	40)
e(517	1	4	80)
e(517	2	4	70)
e(517	3	4	130)
e(517	1	5	90)
e(517	2	5	90)
e(517	3	5	40)
e(517	4	5	110)
e(518	1	2	30)
e(518	1	3	30)
e(518	2	3	60)
e(518	1	4	130)
e(518	2	4	110)
e(518	3	4	160)
e(518	1	5	30)
e(518	2	5	120)
e(518	3	5	20)
e(518	4	5	40)
e(519	1	2	140)
e(520	1	2	50)
e(521	1	2	90)
e(521	1	3	40)
e(521	2	3	140)
e(521	1	4	50)
e(521	2	4	70)
e(521	3	4	60)
e(522	1	2	90)
e(523	1	2	100)
e(524	1	2	80)
e(524	1	3	90)
e(524	2	3	80)
e(525	1	2	40)
e(525	1	3	160)
e(525	2	3	70)
e(525	1	4	60)
e(525	2	4	80)
e(525	3	4	90)
e(525	2	5	110)
e(525	3	5	140)
e(525	4	5	20)
e(526	1	2	90)
e(527	1	2	20)
e(527	1	3	60)
e(527	2	3	90)
e(527	1	4	100)
e(527	2	4	80)
e(527	3	4	50)
e(528	1	2	40)
e(528	1	3	40)
e(528	2	3	80)
e(528	1	4	20)
e(528	2	4	140)
e(528	3	4	40)
e(529	1	2	130)
e(529	1	3	20)
e(529	2	3	80)
e(530	1	2	60)
e(530	1	3	40)
e(530	2	3	150)
e(530	1	4	110)
e(530	2	4	20)
e(530	3	4	30)
e(530	1	5	140)
e(530	2	5	130)
e(530	3	5	160)
e(530	4	5	110)
e(531	1	2	70)
e(531	1	3	110)
e(533	1	2	70)
e(533	1	3	160)
e(533	2	3	140)
e(533	1	4	160)
e(533	2	4	10)
e(533	3	4	80)
e(533	1	5	130)
e(533	2	5	40)
e(533	3	5	110)
e(533	4	5	70)
e(534	1	2	140)
e(534	1	3	150)
e(534	2	3	120)
e(536	1	2	150)
e(536	1	3	30)
e(536	2	3	140)
e(536	1	4	150)
e(536	2	4	40)
e(536	3	4	60)
e(536	1	5	120)
e(536	2	5	150)
e(536	3	5	160)
e(536	4	5	120)
e(537	1	2	130)
e(538	1	2	90)
e(539	1	2	50)
e(539	1	3	100)
e(539	2	3	140)
e(539	1	4	10)
e(539	3	4	10)
e(539	1	5	140)
e(539	2	5	40)
e(539	3	5	140)
e(539	4	5	90)
e(540	1	2	140)
e(541	2	3	160)
e(542	1	2	160)
e(542	1	3	100)
e(542	2	3	100)
e(542	1	4	100)
e(542	3	4	80)
e(542	1	5	120)
e(542	3	5	10)
e(542	4	5	30)
e(543	1	2	60)
e(543	1	3	50)
e(544	1	2	110)
e(545	1	2	160)
e(545	1	3	40)
e(545	2	3	130)
e(545	1	4	140)
e(545	2	4	40)
e(545	3	4	20)
e(545	1	5	160)
e(545	2	5	10)
e(545	4	5	10)
e(547	1	2	10)
e(547	1	3	110)
e(547	2	3	20)
e(549	1	2	60)
e(549	1	3	70)
e(549	2	3	110)
e(550	1	2	10)
e(551	1	2	140)
e(551	1	3	100)
e(551	2	3	80)
e(552	1	2	60)
e(553	1	2	130)
e(553	1	3	60)
e(553	2	3	110)
e(553	1	4	100)
e(553	2	4	150)
e(553	3	4	80)
e(553	1	5	130)
e(553	2	5	100)
e(553	3	5	20)
e(553	4	5	70)
e(555	1	2	60)
e(555	1	3	20)
e(555	2	3	110)
e(556	2	3	90)
e(556	1	4	100)
e(556	2	4	130)
e(556	3	4	30)
e(557	1	2	10)
e(557	1	3	10)
e(557	2	3	160)
e(557	1	4	120)
e(557	2	4	30)
e(557	3	4	10)
e(558	1	2	160)
e(560	1	2	50)
e(562	1	2	140)
e(562	1	3	150)
e(562	2	3	110)
e(563	1	2	150)
e(564	1	2	150)
e(566	1	2	90)
e(569	1	2	120)
e(569	1	3	100)
e(569	2	3	40)
e(570	1	2	120)
e(571	1	2	70)
e(572	2	3	120)
e(574	1	2	40)
e(574	1	3	10)
e(574	2	3	90)
e(574	1	4	160)
e(574	2	4	20)
e(575	1	2	110)
e(575	1	3	40)
e(575	2	3	120)
e(575	1	4	90)
e(575	2	4	110)
e(575	3	4	70)
e(576	1	2	130)
e(576	1	3	10)
e(576	2	3	40)
e(579	1	2	130)
e(580	1	2	10)
e(580	1	3	100)
e(580	2	3	80)
e(580	1	4	90)
e(580	2	4	160)
e(580	3	4	10)
e(580	1	5	130)
e(580	2	5	150)
e(580	3	5	100)
e(580	4	5	120)
e(581	1	2	130)
e(582	1	2	30)
e(582	1	3	120)
e(582	2	3	10)
e(582	1	4	10)
e(582	2	4	110)
e(582	3	4	50)
e(582	1	5	140)
e(582	2	5	100)
e(582	3	5	150)
e(582	4	5	50)
e(583	1	2	10)
e(583	1	3	110)
e(583	2	3	120)
e(584	1	3	150)
e(584	1	4	40)
e(584	2	4	100)
e(584	3	4	70)
e(585	1	3	110)
e(585	2	3	110)
e(585	1	4	130)
e(585	2	4	60)
e(585	3	4	90)
e(587	1	2	110)
e(587	1	3	140)
e(587	1	4	70)
e(587	2	4	20)
e(587	3	4	140)
e(588	1	2	50)
e(589	1	2	140)
e(590	1	2	10)
e(592	1	2	30)
e(593	1	2	120)
e(593	1	3	70)
e(593	2	3	80)
e(593	1	4	80)
e(593	2	4	40)
e(593	3	4	80)
e(593	1	5	130)
e(593	2	5	30)
e(593	3	5	80)
e(593	4	5	40)
e(595	1	2	120)
e(595	1	3	120)
e(595	2	3	120)
e(595	1	4	120)
e(595	2	4	20)
e(595	3	4	150)
e(596	1	2	100)
e(596	1	3	150)
e(596	2	3	20)
e(597	1	2	140)
e(597	1	3	10)
e(597	2	3	40)
e(597	1	4	40)
e(597	2	4	130)
e(597	3	4	60)
e(598	1	3	90)
e(598	2	3	110)
e(599	1	2	160)
e(599	1	3	140)
e(599	2	3	100)
e(601	1	2	110)
e(601	1	3	150)
e(601	2	3	30)
e(601	1	4	110)
e(601	2	4	60)
e(601	3	4	150)
e(601	1	5	130)
e(601	2	5	110)
e(601	3	5	80)
e(601	4	5	120)
e(602	1	2	80)
e(602	1	3	90)
e(602	2	3	130)
e(603	1	2	40)
e(603	1	3	60)
e(603	2	3	20)
e(603	1	4	110)
e(603	2	4	70)
e(603	3	4	40)
e(604	1	2	30)
e(604	1	3	120)
e(604	1	4	20)
e(604	2	4	50)
e(604	3	4	90)
e(604	1	5	70)
e(604	2	5	120)
e(604	3	5	110)
e(604	4	5	20)
e(606	1	2	120)
e(606	1	3	110)
e(606	2	3	70)
e(606	1	4	50)
e(606	2	4	150)
e(606	3	4	40)
e(606	1	5	100)
e(606	2	5	70)
e(606	3	5	30)
e(606	4	5	80)
e(608	1	2	40)
e(608	2	3	100)
e(608	1	4	140)
e(608	2	4	10)
e(608	3	4	70)
e(608	1	5	110)
e(608	2	5	50)
e(608	3	5	110)
e(608	4	5	60)
e(609	1	2	130)
e(609	1	3	100)
e(609	2	3	150)
e(609	1	4	160)
e(609	2	4	60)
e(609	3	4	110)
e(609	1	5	130)
e(609	3	5	140)
e(609	4	5	140)
e(610	1	2	90)
e(611	1	2	160)
e(611	1	3	160)
e(611	2	3	20)
e(611	1	4	10)
e(611	2	4	130)
e(611	3	4	70)
e(611	1	5	160)
e(611	2	5	70)
e(611	3	5	160)
e(611	4	5	80)
e(612	1	2	160)
e(613	1	2	40)
e(613	1	3	30)
e(613	2	3	30)
e(613	1	4	160)
e(613	2	4	50)
e(613	3	4	110)
e(613	1	5	110)
e(613	2	5	10)
e(613	3	5	100)
e(613	4	5	30)
e(614	1	2	50)
e(614	1	3	70)
e(614	2	3	30)
e(614	1	4	50)
e(614	2	4	140)
e(614	3	4	120)
e(615	1	2	80)
e(615	1	3	90)
e(615	2	3	20)
e(616	1	2	40)
e(616	1	3	160)
e(616	2	3	10)
e(616	1	4	40)
e(616	2	4	60)
e(616	3	4	110)
e(617	1	2	90)
e(617	1	3	20)
e(617	2	3	120)
e(617	1	4	80)
e(617	2	4	10)
e(618	1	2	160)
e(618	1	3	150)
e(618	2	3	110)
e(619	1	2	130)
e(620	1	2	20)
e(620	1	3	110)
e(620	2	3	20)
e(623	1	2	90)
e(623	1	3	10)
e(623	2	3	80)
e(623	1	4	60)
e(623	2	4	50)
e(623	3	4	160)
e(623	1	5	30)
e(623	2	5	160)
e(623	3	5	60)
e(623	4	5	160)
e(624	1	2	100)
e(625	1	2	50)
e(625	1	3	140)
e(625	2	3	110)
e(625	1	4	150)
e(625	3	4	40)
e(626	1	2	160)
e(626	1	3	100)
e(626	2	3	90)
e(627	1	2	100)
e(627	1	3	90)
e(627	2	3	100)
e(627	1	4	20)
e(627	2	4	60)
e(627	3	4	150)
e(628	1	2	110)
e(629	1	2	140)
e(629	1	3	90)
e(629	2	3	100)
e(629	1	4	160)
e(629	2	4	160)
e(629	3	4	90)
e(629	1	5	60)
e(629	2	5	150)
e(629	3	5	150)
e(629	4	5	90)
e(630	1	2	110)
e(630	1	3	100)
e(630	2	3	140)
e(630	1	4	80)
e(630	2	4	30)
e(630	3	4	150)
e(631	1	2	10)
e(632	1	2	10)
e(632	1	3	160)
e(632	2	3	150)
e(632	1	4	100)
e(632	2	4	150)
e(632	3	4	120)
e(632	1	5	90)
e(632	2	5	70)
e(632	3	5	10)
e(632	4	5	130)
e(633	1	2	10)
e(633	1	3	40)
e(633	2	3	40)
e(634	1	2	20)
e(634	1	3	50)
e(634	2	3	10)
e(634	1	4	90)
e(634	2	4	120)
e(634	3	4	30)
e(635	1	2	110)
e(635	1	3	140)
e(635	2	3	130)
e(635	1	4	50)
e(635	2	4	140)
e(635	3	4	90)
e(636	1	2	60)
e(639	1	2	90)
e(639	1	3	160)
e(639	2	3	40)
e(639	1	4	60)
e(639	2	4	160)
e(640	1	2	90)
e(641	1	2	140)
e(641	2	3	120)
e(641	1	4	40)
e(641	2	4	50)
e(641	3	4	20)
e(642	1	2	30)
e(647	1	2	120)
e(647	2	3	140)
e(648	1	2	140)
e(648	1	3	120)
e(648	2	3	10)
e(648	1	4	50)
e(648	2	4	60)
e(648	3	4	120)
e(648	1	5	160)
e(648	2	5	90)
e(648	3	5	80)
e(648	4	5	90)
e(649	1	2	140)
e(649	1	3	30)
e(649	2	3	120)
e(649	1	4	160)
e(649	2	4	40)
e(649	3	4	160)
e(650	1	2	90)
e(650	1	3	30)
e(650	2	3	110)
e(650	1	4	10)
e(650	2	4	30)
e(650	3	4	30)
e(650	1	5	30)
e(650	2	5	100)
e(650	3	5	40)
e(650	4	5	80)
e(651	1	2	10)
e(651	1	3	90)
e(651	2	3	80)
e(652	1	2	130)
e(652	1	3	140)
e(652	2	3	130)
e(652	1	4	30)
e(652	2	4	80)
e(652	3	4	100)
e(653	1	2	150)
e(653	1	3	70)
e(653	2	3	70)
e(653	1	4	160)
e(653	3	4	130)
e(654	1	2	20)
e(654	1	3	150)
e(654	2	3	160)
e(654	1	4	60)
e(654	2	4	30)
e(654	3	4	10)
e(654	1	5	90)
e(654	2	5	60)
e(654	3	5	10)
e(654	4	5	110)
e(655	1	2	10)
e(655	1	3	110)
e(655	2	3	100)
e(655	1	4	100)
e(655	2	4	140)
e(655	3	4	30)
e(656	1	2	130)
e(656	1	3	100)
e(656	2	3	50)
e(656	1	4	130)
e(656	2	4	10)
e(656	3	4	130)
e(658	1	2	100)
e(659	1	2	50)
e(659	1	3	120)
e(659	2	3	100)
e(659	1	4	110)
e(659	2	4	80)
e(659	3	4	90)
e(659	1	5	140)
e(659	2	5	20)
e(659	3	5	120)
e(659	4	5	130)
e(661	1	2	160)
e(661	1	3	10)
e(661	2	3	80)
e(662	1	3	150)
e(662	2	3	20)
e(662	1	4	120)
e(662	2	4	90)
e(662	3	4	40)
e(663	1	2	110)
e(663	1	3	20)
e(663	2	3	150)
e(663	1	4	30)
e(663	2	4	120)
e(663	3	4	10)
e(667	1	2	120)
e(667	1	3	100)
e(667	2	3	90)
e(668	1	2	140)
e(668	1	3	140)
e(668	2	3	160)
e(668	1	4	110)
e(668	2	4	90)
e(668	3	4	10)
e(669	1	2	160)
e(669	1	3	80)
e(669	2	3	130)
e(669	1	4	30)
e(669	2	4	60)
e(669	3	4	130)
e(669	1	5	150)
e(669	2	5	90)
e(669	3	5	150)
e(669	4	5	10)
e(670	1	2	10)
e(671	1	2	120)
e(672	1	2	20)
e(673	1	2	130)
e(673	1	3	90)
e(673	2	3	110)
e(673	1	4	120)
e(673	2	4	130)
e(673	3	4	140)
e(674	1	2	80)
e(677	1	2	30)
e(678	1	2	110)
e(679	1	2	120)
e(681	1	2	50)
e(681	1	3	100)
e(681	2	3	60)
e(681	1	4	160)
e(681	2	4	10)
e(681	3	4	50)
e(683	1	2	40)
e(683	1	3	160)
e(683	2	3	60)
e(684	1	2	130)
e(684	1	3	20)
e(684	2	3	160)
e(684	2	4	20)
e(684	3	4	70)
e(685	1	2	150)
e(686	1	2	90)
e(687	1	2	160)
e(687	1	3	10)
e(687	2	3	130)
e(687	1	4	60)
e(687	2	4	70)
e(687	3	4	120)
e(687	1	5	150)
e(687	2	5	140)
e(687	3	5	60)
e(687	4	5	80)
e(689	1	2	110)
e(690	1	2	100)
e(690	1	3	50)
e(690	2	3	20)
e(691	1	2	80)
e(691	1	3	50)
e(691	2	3	130)
e(691	1	4	90)
e(691	2	4	50)
e(691	1	5	60)
e(691	2	5	110)
e(691	3	5	30)
e(692	1	2	20)
e(692	1	3	60)
e(693	1	2	70)
e(694	1	2	160)
e(694	1	3	90)
e(694	2	3	150)
e(695	1	2	40)
e(695	1	3	70)
e(695	2	3	120)
e(696	1	2	130)
e(696	1	3	60)
e(696	2	3	40)
e(696	1	4	140)
e(696	2	4	20)
e(696	3	4	40)
e(697	1	2	90)
e(697	1	3	30)
e(697	2	3	70)
e(697	1	4	10)
e(697	2	4	60)
e(697	3	4	60)
e(697	1	5	50)
e(697	2	5	150)
e(697	3	5	140)
e(697	4	5	60)
e(698	1	2	50)
e(698	1	3	10)
e(698	2	3	130)
e(698	1	4	30)
e(698	2	4	130)
e(698	3	4	70)
e(698	1	5	140)
e(698	2	5	50)
e(698	3	5	30)
e(698	4	5	120)
