700

d(1	1	4	4	200000.0)
d(2	19	22	5	200000.0)
d(3	16	22	4	200000.0)
d(4	7	17	1	200000.0)
d(5	2	11	2	200000.0)
d(6	7	21	5	200000.0)
d(7	23	24	4	200000.0)
d(8	9	20	1	200000.0)
d(9	10	10	1	200000.0)
d(10	24	24	1	200000.0)
d(11	1	3	3	200000.0)
d(12	2	14	3	200000.0)
d(13	8	12	1	200000.0)
d(14	5	16	5	200000.0)
d(15	20	23	5	200000.0)
d(16	3	10	3	200000.0)
d(17	22	22	3	200000.0)
d(18	24	24	1	200000.0)
d(19	18	21	5	200000.0)
d(20	21	23	4	200000.0)
d(21	4	12	4	200000.0)
d(22	2	20	3	200000.0)
d(23	1	19	5	200000.0)
d(24	3	22	3	200000.0)
d(25	6	16	3	200000.0)
d(26	12	24	4	200000.0)
d(27	12	21	3	200000.0)
d(28	13	15	5	200000.0)
d(29	3	10	5	200000.0)
d(30	6	20	4	200000.0)
d(31	7	10	1	200000.0)
d(32	12	19	1	200000.0)
d(33	22	23	2	200000.0)
d(34	15	22	3	200000.0)
d(35	4	6	3	200000.0)
d(36	12	21	3	200000.0)
d(37	16	18	2	200000.0)
d(38	11	17	1	200000.0)
d(39	10	15	5	200000.0)
d(40	7	8	3	200000.0)
d(41	2	18	1	200000.0)
d(42	15	22	2	200000.0)
d(43	10	19	1	200000.0)
d(44	24	24	3	200000.0)
d(45	6	8	2	200000.0)
d(46	20	22	3	200000.0)
d(47	6	14	4	200000.0)
d(48	9	22	4	200000.0)
d(49	22	22	1	200000.0)
d(50	12	18	3	200000.0)
d(51	13	14	4	200000.0)
d(52	7	10	2	200000.0)
d(53	20	24	1	200000.0)
d(54	2	23	5	200000.0)
d(55	6	8	4	200000.0)
d(56	22	22	3	200000.0)
d(57	23	24	5	200000.0)
d(58	24	24	5	200000.0)
d(59	9	17	5	200000.0)
d(60	14	22	2	200000.0)
d(61	22	23	1	200000.0)
d(62	1	14	5	200000.0)
d(63	13	20	4	200000.0)
d(64	6	22	2	200000.0)
d(65	19	21	2	200000.0)
d(66	1	20	5	200000.0)
d(67	7	16	4	200000.0)
d(68	20	22	3	200000.0)
d(69	21	22	3	200000.0)
d(70	1	9	3	200000.0)
d(71	6	21	2	200000.0)
d(72	23	24	1	200000.0)
d(73	9	10	3	200000.0)
d(74	20	21	4	200000.0)
d(75	5	15	2	200000.0)
d(76	7	11	4	200000.0)
d(77	2	18	1	200000.0)
d(78	11	17	4	200000.0)
d(79	15	21	4	200000.0)
d(80	18	19	1	200000.0)
d(81	5	24	2	200000.0)
d(82	11	21	2	200000.0)
d(83	1	23	5	200000.0)
d(84	17	20	2	200000.0)
d(85	16	18	4	200000.0)
d(86	19	21	1	200000.0)
d(87	18	22	4	200000.0)
d(88	7	15	1	200000.0)
d(89	20	23	5	200000.0)
d(90	22	23	1	200000.0)
d(91	4	21	2	200000.0)
d(92	14	20	3	200000.0)
d(93	12	19	3	200000.0)
d(94	9	13	4	200000.0)
d(95	13	20	4	200000.0)
d(96	7	24	1	200000.0)
d(97	10	15	3	200000.0)
d(98	4	4	5	200000.0)
d(99	8	14	3	200000.0)
d(100	10	11	1	200000.0)
d(101	1	20	3	200000.0)
d(102	1	2	5	200000.0)
d(103	22	23	4	200000.0)
d(104	14	24	1	200000.0)
d(105	16	23	2	200000.0)
d(106	6	21	3	200000.0)
d(107	9	24	4	200000.0)
d(108	17	24	5	200000.0)
d(109	8	24	5	200000.0)
d(110	12	21	3	200000.0)
d(111	16	19	1	200000.0)
d(112	8	11	1	200000.0)
d(113	24	24	1	200000.0)
d(114	12	13	3	200000.0)
d(115	13	13	4	200000.0)
d(116	15	18	5	200000.0)
d(117	9	13	4	200000.0)
d(118	9	12	1	200000.0)
d(119	21	22	3	200000.0)
d(120	12	24	2	200000.0)
d(121	2	2	3	200000.0)
d(122	19	24	3	200000.0)
d(123	19	24	3	200000.0)
d(124	10	12	2	200000.0)
d(125	11	17	1	200000.0)
d(126	13	19	5	200000.0)
d(127	23	23	3	200000.0)
d(128	24	24	3	200000.0)
d(129	21	24	4	200000.0)
d(130	24	24	3	200000.0)
d(131	19	24	2	200000.0)
d(132	22	23	2	200000.0)
d(133	16	23	3	200000.0)
d(134	14	17	2	200000.0)
d(135	14	19	4	200000.0)
d(136	19	19	3	200000.0)
d(137	6	14	3	200000.0)
d(138	4	6	1	200000.0)
d(139	19	22	3	200000.0)
d(140	24	24	4	200000.0)
d(141	18	22	5	200000.0)
d(142	14	19	2	200000.0)
d(143	4	18	4	200000.0)
d(144	2	13	3	200000.0)
d(145	16	16	3	200000.0)
d(146	22	24	3	200000.0)
d(147	21	23	5	200000.0)
d(148	7	14	1	200000.0)
d(149	2	24	2	200000.0)
d(150	11	19	3	200000.0)
d(151	5	14	5	200000.0)
d(152	13	20	3	200000.0)
d(153	17	24	5	200000.0)
d(154	5	11	4	200000.0)
d(155	23	23	2	200000.0)
d(156	7	10	4	200000.0)
d(157	17	23	4	200000.0)
d(158	14	19	5	200000.0)
d(159	23	23	1	200000.0)
d(160	19	21	2	200000.0)
d(161	19	22	2	200000.0)
d(162	22	23	5	200000.0)
d(163	9	10	2	200000.0)
d(164	14	19	3	200000.0)
d(165	20	24	2	200000.0)
d(166	2	15	4	200000.0)
d(167	17	18	5	200000.0)
d(168	22	23	4	200000.0)
d(169	10	20	1	200000.0)
d(170	3	8	5	200000.0)
d(171	17	19	2	200000.0)
d(172	16	18	5	200000.0)
d(173	15	23	1	200000.0)
d(174	10	24	1	200000.0)
d(175	14	17	1	200000.0)
d(176	7	8	5	200000.0)
d(177	17	20	5	200000.0)
d(178	22	24	2	200000.0)
d(179	23	24	2	200000.0)
d(180	9	23	3	200000.0)
d(181	20	21	5	200000.0)
d(182	23	24	3	200000.0)
d(183	4	18	5	200000.0)
d(184	7	11	5	200000.0)
d(185	19	19	3	200000.0)
d(186	11	23	5	200000.0)
d(187	22	24	2	200000.0)
d(188	9	9	1	200000.0)
d(189	3	10	1	200000.0)
d(190	5	7	1	200000.0)
d(191	13	16	4	200000.0)
d(192	23	24	1	200000.0)
d(193	15	24	2	200000.0)
d(194	11	14	3	200000.0)
d(195	5	5	5	200000.0)
d(196	5	15	1	200000.0)
d(197	15	24	1	200000.0)
d(198	10	21	3	200000.0)
d(199	3	20	1	200000.0)
d(200	20	24	5	200000.0)
d(201	17	22	2	200000.0)
d(202	5	8	1	200000.0)
d(203	19	23	5	200000.0)
d(204	15	16	4	200000.0)
d(205	12	13	2	200000.0)
d(206	9	10	1	200000.0)
d(207	13	13	5	200000.0)
d(208	16	16	4	200000.0)
d(209	21	21	3	200000.0)
d(210	19	21	3	200000.0)
d(211	10	24	2	200000.0)
d(212	8	12	5	200000.0)
d(213	6	17	2	200000.0)
d(214	15	22	1	200000.0)
d(215	10	15	2	200000.0)
d(216	23	24	1	200000.0)
d(217	4	16	4	200000.0)
d(218	16	16	2	200000.0)
d(219	7	7	3	200000.0)
d(220	16	19	3	200000.0)
d(221	19	19	3	200000.0)
d(222	17	17	5	200000.0)
d(223	9	24	4	200000.0)
d(224	24	24	1	200000.0)
d(225	16	24	1	200000.0)
d(226	8	11	5	200000.0)
d(227	14	17	3	200000.0)
d(228	10	13	1	200000.0)
d(229	2	11	1	200000.0)
d(230	9	9	2	200000.0)
d(231	20	23	1	200000.0)
d(232	2	24	5	200000.0)
d(233	14	15	3	200000.0)
d(234	20	24	5	200000.0)
d(235	18	20	3	200000.0)
d(236	22	22	1	200000.0)
d(237	3	20	4	200000.0)
d(238	8	10	4	200000.0)
d(239	13	15	1	200000.0)
d(240	19	21	5	200000.0)
d(241	16	17	1	200000.0)
d(242	13	23	2	200000.0)
d(243	10	10	5	200000.0)
d(244	16	24	4	200000.0)
d(245	5	23	4	200000.0)
d(246	5	15	3	200000.0)
d(247	19	24	2	200000.0)
d(248	14	20	3	200000.0)
d(249	15	19	3	200000.0)
d(250	24	24	5	200000.0)
d(251	1	20	2	200000.0)
d(252	10	14	4	200000.0)
d(253	14	23	4	200000.0)
d(254	20	23	4	200000.0)
d(255	12	19	5	200000.0)
d(256	13	20	4	200000.0)
d(257	23	23	1	200000.0)
d(258	3	18	1	200000.0)
d(259	7	18	2	200000.0)
d(260	7	14	2	200000.0)
d(261	3	24	4	200000.0)
d(262	19	22	5	200000.0)
d(263	19	19	1	200000.0)
d(264	12	24	3	200000.0)
d(265	8	18	5	200000.0)
d(266	12	14	5	200000.0)
d(267	17	24	5	200000.0)
d(268	7	22	4	200000.0)
d(269	15	19	2	200000.0)
d(270	20	20	5	200000.0)
d(271	4	6	5	200000.0)
d(272	5	17	1	200000.0)
d(273	14	17	5	200000.0)
d(274	1	7	1	200000.0)
d(275	4	20	5	200000.0)
d(276	7	18	5	200000.0)
d(277	24	24	1	200000.0)
d(278	21	23	3	200000.0)
d(279	12	23	1	200000.0)
d(280	6	19	4	200000.0)
d(281	24	24	3	200000.0)
d(282	3	17	2	200000.0)
d(283	15	18	4	200000.0)
d(284	9	14	5	200000.0)
d(285	17	20	1	200000.0)
d(286	17	17	3	200000.0)
d(287	18	24	1	200000.0)
d(288	7	14	3	200000.0)
d(289	4	10	3	200000.0)
d(290	22	24	5	200000.0)
d(291	17	18	4	200000.0)
d(292	11	21	2	200000.0)
d(293	12	15	4	200000.0)
d(294	4	7	1	200000.0)
d(295	7	13	1	200000.0)
d(296	13	15	2	200000.0)
d(297	14	14	2	200000.0)
d(298	17	19	4	200000.0)
d(299	4	14	4	200000.0)
d(300	6	18	1	200000.0)
d(301	1	22	1	200000.0)
d(302	5	6	4	200000.0)
d(303	10	21	1	200000.0)
d(304	4	24	2	200000.0)
d(305	21	21	4	200000.0)
d(306	13	13	4	200000.0)
d(307	13	18	3	200000.0)
d(308	3	9	1	200000.0)
d(309	14	18	3	200000.0)
d(310	20	21	3	200000.0)
d(311	11	17	4	200000.0)
d(312	4	12	5	200000.0)
d(313	21	24	1	200000.0)
d(314	9	21	1	200000.0)
d(315	11	22	2	200000.0)
d(316	21	21	2	200000.0)
d(317	7	17	5	200000.0)
d(318	6	8	2	200000.0)
d(319	2	21	1	200000.0)
d(320	24	24	1	200000.0)
d(321	8	17	2	200000.0)
d(322	15	19	1	200000.0)
d(323	6	15	5	200000.0)
d(324	23	23	2	200000.0)
d(325	17	18	2	200000.0)
d(326	3	16	4	200000.0)
d(327	13	15	4	200000.0)
d(328	22	22	5	200000.0)
d(329	23	23	4	200000.0)
d(330	1	24	1	200000.0)
d(331	6	13	5	200000.0)
d(332	14	16	2	200000.0)
d(333	18	22	1	200000.0)
d(334	23	24	1	200000.0)
d(335	23	24	3	200000.0)
d(336	22	24	1	200000.0)
d(337	1	22	3	200000.0)
d(338	24	24	2	200000.0)
d(339	19	22	2	200000.0)
d(340	6	15	4	200000.0)
d(341	5	19	4	200000.0)
d(342	2	11	5	200000.0)
d(343	21	24	5	200000.0)
d(344	22	24	1	200000.0)
d(345	9	10	1	200000.0)
d(346	4	22	4	200000.0)
d(347	12	23	2	200000.0)
d(348	14	23	2	200000.0)
d(349	7	17	2	200000.0)
d(350	17	22	1	200000.0)
d(351	13	21	3	200000.0)
d(352	12	19	3	200000.0)
d(353	22	23	1	200000.0)
d(354	7	9	5	200000.0)
d(355	20	24	1	200000.0)
d(356	2	6	5	200000.0)
d(357	4	24	1	200000.0)
d(358	1	1	2	200000.0)
d(359	18	20	2	200000.0)
d(360	14	17	4	200000.0)
d(361	10	20	2	200000.0)
d(362	4	15	1	200000.0)
d(363	11	13	5	200000.0)
d(364	20	21	1	200000.0)
d(365	2	2	3	200000.0)
d(366	3	19	5	200000.0)
d(367	11	23	3	200000.0)
d(368	2	4	4	200000.0)
d(369	19	22	1	200000.0)
d(370	14	23	1	200000.0)
d(371	12	16	2	200000.0)
d(372	24	24	1	200000.0)
d(373	21	23	1	200000.0)
d(374	21	22	4	200000.0)
d(375	15	20	2	200000.0)
d(376	7	13	3	200000.0)
d(377	22	22	1	200000.0)
d(378	6	17	2	200000.0)
d(379	13	20	5	200000.0)
d(380	3	22	5	200000.0)
d(381	9	10	3	200000.0)
d(382	4	11	5	200000.0)
d(383	18	19	3	200000.0)
d(384	4	18	1	200000.0)
d(385	18	21	4	200000.0)
d(386	17	19	1	200000.0)
d(387	8	23	2	200000.0)
d(388	16	17	3	200000.0)
d(389	1	20	4	200000.0)
d(390	18	18	5	200000.0)
d(391	8	8	2	200000.0)
d(392	2	22	2	200000.0)
d(393	21	21	1	200000.0)
d(394	5	9	5	200000.0)
d(395	3	8	3	200000.0)
d(396	12	19	4	200000.0)
d(397	2	10	3	200000.0)
d(398	13	17	1	200000.0)
d(399	19	22	2	200000.0)
d(400	22	23	4	200000.0)
d(401	23	23	3	200000.0)
d(402	16	22	5	200000.0)
d(403	4	24	4	200000.0)
d(404	4	16	4	200000.0)
d(405	24	24	4	200000.0)
d(406	16	18	5	200000.0)
d(407	7	15	5	200000.0)
d(408	5	7	3	200000.0)
d(409	23	24	4	200000.0)
d(410	14	20	3	200000.0)
d(411	21	23	1	200000.0)
d(412	9	17	2	200000.0)
d(413	12	22	3	200000.0)
d(414	7	8	5	200000.0)
d(415	20	21	2	200000.0)
d(416	9	18	1	200000.0)
d(417	2	6	4	200000.0)
d(418	18	19	2	200000.0)
d(419	16	22	4	200000.0)
d(420	19	20	2	200000.0)
d(421	11	22	4	200000.0)
d(422	13	19	1	200000.0)
d(423	2	10	5	200000.0)
d(424	6	19	4	200000.0)
d(425	10	24	1	200000.0)
d(426	18	23	1	200000.0)
d(427	24	24	3	200000.0)
d(428	19	19	1	200000.0)
d(429	15	16	3	200000.0)
d(430	13	14	3	200000.0)
d(431	12	18	5	200000.0)
d(432	10	21	5	200000.0)
d(433	9	14	5	200000.0)
d(434	15	21	2	200000.0)
d(435	14	24	1	200000.0)
d(436	2	5	4	200000.0)
d(437	23	23	1	200000.0)
d(438	9	13	4	200000.0)
d(439	22	22	4	200000.0)
d(440	5	7	3	200000.0)
d(441	10	19	5	200000.0)
d(442	24	24	5	200000.0)
d(443	22	22	3	200000.0)
d(444	7	16	2	200000.0)
d(445	7	9	4	200000.0)
d(446	16	24	2	200000.0)
d(447	2	23	5	200000.0)
d(448	8	14	4	200000.0)
d(449	21	22	3	200000.0)
d(450	16	20	4	200000.0)
d(451	8	22	3	200000.0)
d(452	3	20	3	200000.0)
d(453	17	23	5	200000.0)
d(454	3	15	5	200000.0)
d(455	9	17	4	200000.0)
d(456	3	11	5	200000.0)
d(457	18	18	4	200000.0)
d(458	5	13	1	200000.0)
d(459	15	17	3	200000.0)
d(460	18	24	5	200000.0)
d(461	21	22	3	200000.0)
d(462	6	10	4	200000.0)
d(463	17	22	5	200000.0)
d(464	1	15	2	200000.0)
d(465	23	24	4	200000.0)
d(466	9	15	5	200000.0)
d(467	22	23	1	200000.0)
d(468	10	11	4	200000.0)
d(469	10	21	1	200000.0)
d(470	5	17	1	200000.0)
d(471	12	17	4	200000.0)
d(472	6	19	5	200000.0)
d(473	16	18	5	200000.0)
d(474	16	20	2	200000.0)
d(475	2	16	2	200000.0)
d(476	22	22	4	200000.0)
d(477	13	23	5	200000.0)
d(478	1	1	4	200000.0)
d(479	22	24	1	200000.0)
d(480	8	24	4	200000.0)
d(481	14	23	1	200000.0)
d(482	23	23	5	200000.0)
d(483	1	15	2	200000.0)
d(484	10	16	4	200000.0)
d(485	4	22	3	200000.0)
d(486	9	19	4	200000.0)
d(487	15	16	4	200000.0)
d(488	22	23	3	200000.0)
d(489	11	13	4	200000.0)
d(490	11	15	3	200000.0)
d(491	15	22	3	200000.0)
d(492	6	7	1	200000.0)
d(493	5	21	3	200000.0)
d(494	10	17	2	200000.0)
d(495	9	11	1	200000.0)
d(496	14	23	2	200000.0)
d(497	22	24	1	200000.0)
d(498	6	23	4	200000.0)
d(499	6	23	5	200000.0)
d(500	7	12	1	200000.0)
d(501	17	18	3	200000.0)
d(502	10	22	3	200000.0)
d(503	18	18	4	200000.0)
d(504	7	9	4	200000.0)
d(505	17	23	4	200000.0)
d(506	22	24	3	200000.0)
d(507	5	23	2	200000.0)
d(508	2	5	1	200000.0)
d(509	8	9	3	200000.0)
d(510	10	21	1	200000.0)
d(511	6	22	3	200000.0)
d(512	22	22	2	200000.0)
d(513	10	22	2	200000.0)
d(514	16	19	2	200000.0)
d(515	4	20	2	200000.0)
d(516	6	7	4	200000.0)
d(517	15	20	2	200000.0)
d(518	24	24	5	200000.0)
d(519	1	12	4	200000.0)
d(520	11	17	1	200000.0)
d(521	1	19	4	200000.0)
d(522	19	21	3	200000.0)
d(523	3	5	1	200000.0)
d(524	23	23	3	200000.0)
d(525	24	24	5	200000.0)
d(526	10	24	4	200000.0)
d(527	5	13	1	200000.0)
d(528	11	12	3	200000.0)
d(529	3	24	4	200000.0)
d(530	10	10	2	200000.0)
d(531	9	20	1	200000.0)
d(532	23	24	4	200000.0)
d(533	3	13	5	200000.0)
d(534	18	19	4	200000.0)
d(535	21	21	2	200000.0)
d(536	12	21	1	200000.0)
d(537	7	13	1	200000.0)
d(538	18	23	2	200000.0)
d(539	10	23	1	200000.0)
d(540	19	21	2	200000.0)
d(541	5	18	1	200000.0)
d(542	4	4	3	200000.0)
d(543	23	24	3	200000.0)
d(544	15	24	1	200000.0)
d(545	1	5	2	200000.0)
d(546	2	2	3	200000.0)
d(547	5	20	2	200000.0)
d(548	6	16	3	200000.0)
d(549	4	7	5	200000.0)
d(550	15	23	2	200000.0)
d(551	23	24	3	200000.0)
d(552	10	22	4	200000.0)
d(553	3	16	2	200000.0)
d(554	8	17	1	200000.0)
d(555	21	22	5	200000.0)
d(556	6	24	5	200000.0)
d(557	12	18	1	200000.0)
d(558	22	23	2	200000.0)
d(559	10	24	4	200000.0)
d(560	1	6	1	200000.0)
d(561	3	4	1	200000.0)
d(562	2	12	3	200000.0)
d(563	23	23	2	200000.0)
d(564	9	14	4	200000.0)
d(565	14	23	2	200000.0)
d(566	5	7	2	200000.0)
d(567	24	24	4	200000.0)
d(568	12	18	1	200000.0)
d(569	23	24	1	200000.0)
d(570	15	18	2	200000.0)
d(571	20	20	4	200000.0)
d(572	22	22	1	200000.0)
d(573	15	18	1	200000.0)
d(574	19	20	2	200000.0)
d(575	19	24	4	200000.0)
d(576	23	23	2	200000.0)
d(577	20	21	5	200000.0)
d(578	23	23	4	200000.0)
d(579	14	16	4	200000.0)
d(580	8	23	1	200000.0)
d(581	23	24	1	200000.0)
d(582	3	24	2	200000.0)
d(583	1	17	5	200000.0)
d(584	15	21	3	200000.0)
d(585	12	20	5	200000.0)
d(586	6	23	5	200000.0)
d(587	16	24	1	200000.0)
d(588	3	16	5	200000.0)
d(589	21	21	5	200000.0)
d(590	11	21	2	200000.0)
d(591	23	23	1	200000.0)
d(592	23	24	2	200000.0)
d(593	10	11	5	200000.0)
d(594	24	24	1	200000.0)
d(595	8	11	4	200000.0)
d(596	22	22	1	200000.0)
d(597	19	20	3	200000.0)
d(598	5	14	5	200000.0)
d(599	6	11	4	200000.0)
d(600	20	23	1	200000.0)
d(601	3	11	5	200000.0)
d(602	16	24	5	200000.0)
d(603	16	19	1	200000.0)
d(604	24	24	5	200000.0)
d(605	5	7	4	200000.0)
d(606	3	18	3	200000.0)
d(607	14	20	2	200000.0)
d(608	5	7	5	200000.0)
d(609	16	16	5	200000.0)
d(610	6	19	1	200000.0)
d(611	7	12	2	200000.0)
d(612	20	21	4	200000.0)
d(613	24	24	4	200000.0)
d(614	19	24	5	200000.0)
d(615	8	21	4	200000.0)
d(616	16	24	3	200000.0)
d(617	23	23	4	200000.0)
d(618	18	18	3	200000.0)
d(619	6	17	3	200000.0)
d(620	5	21	3	200000.0)
d(621	19	22	1	200000.0)
d(622	4	20	5	200000.0)
d(623	2	10	1	200000.0)
d(624	16	16	5	200000.0)
d(625	4	5	4	200000.0)
d(626	9	22	4	200000.0)
d(627	14	21	5	200000.0)
d(628	19	23	1	200000.0)
d(629	14	24	2	200000.0)
d(630	11	15	5	200000.0)
d(631	20	22	3	200000.0)
d(632	19	21	3	200000.0)
d(633	19	24	1	200000.0)
d(634	5	17	3	200000.0)
d(635	2	5	2	200000.0)
d(636	8	13	2	200000.0)
d(637	9	20	4	200000.0)
d(638	2	11	1	200000.0)
d(639	10	18	3	200000.0)
d(640	5	14	1	200000.0)
d(641	10	20	4	200000.0)
d(642	2	16	4	200000.0)
d(643	10	19	2	200000.0)
d(644	22	23	4	200000.0)
d(645	14	21	1	200000.0)
d(646	18	22	4	200000.0)
d(647	17	22	3	200000.0)
d(648	18	23	5	200000.0)
d(649	3	11	2	200000.0)
d(650	15	20	1	200000.0)
d(651	1	1	5	200000.0)
d(652	9	16	2	200000.0)
d(653	17	21	1	200000.0)
d(654	21	21	5	200000.0)
d(655	16	22	3	200000.0)
d(656	3	23	3	200000.0)
d(657	12	17	4	200000.0)
d(658	7	12	1	200000.0)
d(659	19	22	5	200000.0)
d(660	8	24	5	200000.0)
d(661	20	23	3	200000.0)
d(662	6	23	4	200000.0)
d(663	19	24	4	200000.0)
d(664	21	21	2	200000.0)
d(665	15	15	2	200000.0)
d(666	13	17	4	200000.0)
d(667	13	21	4	200000.0)
d(668	12	19	4	200000.0)
d(669	13	22	4	200000.0)
d(670	1	17	2	200000.0)
d(671	23	23	2	200000.0)
d(672	1	14	4	200000.0)
d(673	16	21	1	200000.0)
d(674	22	24	4	200000.0)
d(675	13	22	4	200000.0)
d(676	21	22	2	200000.0)
d(677	23	24	2	200000.0)
d(678	11	16	2	200000.0)
d(679	23	23	2	200000.0)
d(680	18	22	4	200000.0)
d(681	16	18	2	200000.0)
d(682	21	23	2	200000.0)
d(683	24	24	1	200000.0)
d(684	5	14	5	200000.0)
d(685	22	24	4	200000.0)
d(686	4	22	5	200000.0)
d(687	1	4	4	200000.0)
d(688	13	24	3	200000.0)
d(689	9	15	1	200000.0)
d(690	13	19	3	200000.0)
d(691	4	17	5	200000.0)
d(692	8	17	2	200000.0)
d(693	3	24	2	200000.0)
d(694	4	12	2	200000.0)
d(695	10	22	5	200000.0)
d(696	3	9	2	200000.0)
d(697	10	23	5	200000.0)
d(698	9	12	2	200000.0)
d(699	15	15	3	200000.0)
d(700	11	17	5	200000.0)
v(1	1	7	159	14	3)
v(1	2	13	126	26	3)
v(1	3	8	19	16	3)
v(1	4	6	92	12	3)
v(2	1	30	168	60	4)
v(2	2	24	137	48	4)
v(2	3	18	174	36	3)
v(2	4	24	163	48	4)
v(2	5	26	29	52	3)
v(3	1	12	50	24	3)
v(3	2	27	48	54	3)
v(3	3	13	165	26	3)
v(3	4	27	54	54	3)
v(4	1	30	190	60	0)
v(5	1	25	182	50	1)
v(5	2	4	72	8	1)
v(6	1	31	112	62	4)
v(6	2	21	106	42	4)
v(6	3	16	64	32	3)
v(6	4	3	91	6	4)
v(6	5	22	121	44	3)
v(7	1	12	110	24	2)
v(7	2	14	46	28	2)
v(7	3	5	138	10	2)
v(7	4	24	124	48	2)
v(8	1	7	47	14	0)
v(9	1	10	91	20	0)
v(10	1	11	157	22	0)
v(11	1	6	110	12	2)
v(11	2	14	99	28	2)
v(11	3	8	104	16	2)
v(12	1	15	134	30	1)
v(12	2	27	72	54	1)
v(12	3	14	109	28	2)
v(13	1	11	76	22	0)
v(14	1	19	89	38	4)
v(14	2	32	80	64	4)
v(14	3	2	124	4	4)
v(14	4	14	66	28	4)
v(14	5	18	57	36	4)
v(15	1	14	92	28	3)
v(15	2	9	88	18	4)
v(15	3	14	16	28	3)
v(15	4	26	77	52	4)
v(15	5	9	160	18	4)
v(16	1	14	49	28	2)
v(16	2	7	73	14	2)
v(16	3	29	79	58	2)
v(17	1	7	85	14	2)
v(17	2	22	39	44	2)
v(17	3	8	58	16	2)
v(18	1	31	136	62	0)
v(19	1	5	49	10	4)
v(19	2	6	62	12	4)
v(19	3	28	122	56	4)
v(19	4	21	118	42	4)
v(19	5	7	138	14	4)
v(20	1	30	49	60	3)
v(20	2	29	170	58	3)
v(20	3	5	10	10	3)
v(20	4	8	114	16	3)
v(21	1	30	149	60	3)
v(21	2	22	40	44	3)
v(21	3	28	73	56	3)
v(21	4	32	89	64	3)
v(22	1	28	87	56	1)
v(22	2	26	129	52	1)
v(22	3	3	113	6	2)
v(23	1	9	165	18	4)
v(23	2	22	175	44	4)
v(23	3	31	116	62	4)
v(23	4	28	142	56	4)
v(23	5	28	33	56	4)
v(24	1	23	179	46	2)
v(24	2	29	101	58	2)
v(24	3	22	107	44	2)
v(25	1	2	135	4	2)
v(25	2	31	161	62	2)
v(25	3	23	137	46	2)
v(26	1	19	111	38	2)
v(26	2	2	54	4	1)
v(26	3	12	64	24	3)
v(26	4	17	111	34	2)
v(27	1	20	162	40	2)
v(27	2	12	113	24	2)
v(27	3	28	84	56	2)
v(28	1	6	59	12	4)
v(28	2	32	161	64	3)
v(28	3	5	60	10	3)
v(28	4	19	60	38	2)
v(28	5	18	55	36	4)
v(29	1	14	117	28	4)
v(29	2	20	143	40	3)
v(29	3	29	158	58	3)
v(29	4	7	47	14	4)
v(29	5	13	152	26	2)
v(30	1	5	91	10	3)
v(30	2	29	43	58	3)
v(30	3	12	88	24	3)
v(30	4	3	139	6	3)
v(31	1	17	100	34	0)
v(32	1	10	116	20	0)
v(33	1	6	146	12	1)
v(33	2	31	107	62	1)
v(34	1	22	171	44	2)
v(34	2	29	122	58	2)
v(34	3	20	89	40	2)
v(35	1	1	126	2	2)
v(35	2	10	83	20	2)
v(35	3	19	22	38	2)
v(36	1	32	178	64	2)
v(36	2	18	148	36	2)
v(36	3	30	131	60	2)
v(37	1	19	103	38	1)
v(37	2	32	65	64	1)
v(38	1	10	64	20	0)
v(39	1	7	39	14	4)
v(39	2	24	48	48	4)
v(39	3	20	169	40	4)
v(39	4	28	180	56	4)
v(39	5	7	84	14	4)
v(40	1	31	165	62	2)
v(40	2	13	29	26	2)
v(40	3	23	95	46	2)
v(41	1	8	119	16	0)
v(42	1	5	93	10	1)
v(42	2	22	31	44	1)
v(43	1	21	42	42	0)
v(44	1	11	134	22	1)
v(44	2	6	38	12	1)
v(44	3	4	102	8	2)
v(45	1	21	125	42	1)
v(45	2	2	39	4	1)
v(46	1	13	77	26	2)
v(46	2	17	65	34	2)
v(46	3	29	128	58	2)
v(47	1	28	122	56	3)
v(47	2	9	32	18	3)
v(47	3	26	166	52	3)
v(47	4	20	161	40	3)
v(48	1	30	39	60	3)
v(48	2	14	68	28	3)
v(48	3	4	140	8	3)
v(48	4	8	79	16	3)
v(49	1	16	49	32	0)
v(50	1	16	90	32	2)
v(50	2	15	30	30	1)
v(50	3	25	71	50	1)
v(51	1	23	129	46	3)
v(51	2	6	55	12	3)
v(51	3	1	132	2	3)
v(51	4	30	88	60	3)
v(52	1	12	89	24	1)
v(52	2	7	62	14	1)
v(53	1	27	109	54	0)
v(54	1	22	136	44	3)
v(54	2	1	22	2	3)
v(54	3	5	161	10	4)
v(54	4	2	103	4	4)
v(54	5	15	128	30	4)
v(55	1	18	43	36	3)
v(55	2	8	78	16	3)
v(55	3	8	32	16	3)
v(55	4	32	140	64	3)
v(56	1	24	168	48	2)
v(56	2	2	21	4	2)
v(56	3	26	184	52	2)
v(57	1	30	108	60	4)
v(57	2	14	98	28	4)
v(57	3	23	126	46	4)
v(57	4	23	103	46	4)
v(57	5	30	171	60	4)
v(58	1	8	15	16	4)
v(58	2	7	104	14	4)
v(58	3	29	101	58	3)
v(58	4	6	9	12	4)
v(58	5	6	166	12	3)
v(59	1	10	76	20	4)
v(59	2	3	145	6	4)
v(59	3	16	51	32	4)
v(59	4	6	40	12	4)
v(59	5	5	69	10	4)
v(60	1	14	105	28	1)
v(60	2	19	64	38	1)
v(61	1	23	138	46	0)
v(62	1	22	148	44	4)
v(62	2	12	23	24	4)
v(62	3	28	185	56	4)
v(62	4	25	177	50	4)
v(62	5	5	124	10	4)
v(63	1	30	120	60	3)
v(63	2	24	140	48	3)
v(63	3	29	149	58	3)
v(63	4	1	98	2	3)
v(64	1	28	136	56	1)
v(64	2	19	69	38	1)
v(65	1	17	22	34	1)
v(65	2	31	35	62	1)
v(66	1	8	139	16	4)
v(66	2	28	177	56	4)
v(66	3	19	144	38	4)
v(66	4	4	67	8	4)
v(66	5	30	104	60	4)
v(67	1	21	105	42	3)
v(67	2	31	69	62	3)
v(67	3	25	73	50	3)
v(67	4	26	27	52	3)
v(68	1	23	154	46	2)
v(68	2	11	167	22	2)
v(68	3	11	85	22	2)
v(69	1	16	28	32	2)
v(69	2	1	2	2	2)
v(69	3	25	105	50	2)
v(70	1	8	139	16	2)
v(70	2	6	90	12	2)
v(70	3	15	92	30	2)
v(71	1	25	61	50	1)
v(71	2	16	158	32	1)
v(72	1	14	160	28	0)
v(73	1	24	52	48	2)
v(73	2	5	18	10	2)
v(73	3	18	101	36	2)
v(74	1	4	22	8	3)
v(74	2	3	77	6	3)
v(74	3	18	98	36	3)
v(74	4	1	65	2	3)
v(75	1	19	179	38	1)
v(75	2	8	140	16	1)
v(76	1	6	146	12	3)
v(76	2	23	145	46	3)
v(76	3	4	74	8	3)
v(76	4	15	89	30	3)
v(77	1	8	55	16	0)
v(78	1	2	6	4	3)
v(78	2	4	93	8	3)
v(78	3	7	14	14	3)
v(78	4	28	118	56	3)
v(79	1	18	85	36	3)
v(79	2	32	104	64	3)
v(79	3	29	70	58	3)
v(79	4	5	133	10	3)
v(80	1	8	48	16	0)
v(81	1	13	153	26	1)
v(81	2	12	90	24	1)
v(82	1	32	82	64	1)
v(82	2	32	172	64	1)
v(83	1	4	136	8	4)
v(83	2	30	172	60	4)
v(83	3	4	46	8	4)
v(83	4	22	127	44	4)
v(83	5	27	75	54	4)
v(84	1	1	38	2	1)
v(84	2	2	108	4	1)
v(85	1	4	88	8	3)
v(85	2	31	61	62	3)
v(85	3	16	51	32	3)
v(85	4	12	122	24	3)
v(86	1	5	63	10	0)
v(87	1	21	97	42	3)
v(87	2	20	179	40	3)
v(87	3	29	91	58	3)
v(87	4	4	118	8	3)
v(88	1	16	175	32	0)
v(89	1	28	55	56	4)
v(89	2	31	39	62	4)
v(89	3	3	160	6	4)
v(89	4	25	136	50	4)
v(89	5	19	147	38	4)
v(90	1	3	132	6	0)
v(91	1	7	47	14	1)
v(91	2	11	62	22	1)
v(92	1	19	179	38	2)
v(92	2	27	171	54	2)
v(92	3	20	100	40	2)
v(93	1	4	38	8	2)
v(93	2	9	158	18	1)
v(93	3	18	34	36	1)
v(94	1	32	178	64	3)
v(94	2	11	16	22	3)
v(94	3	25	108	50	3)
v(94	4	15	171	30	3)
v(95	1	20	73	40	3)
v(95	2	30	62	60	3)
v(95	3	6	27	12	3)
v(95	4	1	81	2	3)
v(96	1	29	60	58	0)
v(97	1	32	184	64	2)
v(97	2	30	82	60	2)
v(97	3	24	75	48	2)
v(98	1	3	65	6	4)
v(98	2	27	158	54	4)
v(98	3	27	110	54	4)
v(98	4	8	137	16	4)
v(98	5	11	136	22	4)
v(99	1	14	102	28	2)
v(99	2	29	35	58	2)
v(99	3	22	88	44	2)
v(100	1	16	156	32	0)
v(101	1	2	52	4	2)
v(101	2	3	18	6	2)
v(101	3	9	41	18	2)
v(102	1	6	113	12	4)
v(102	2	8	82	16	4)
v(102	3	31	173	62	4)
v(102	4	17	109	34	3)
v(102	5	9	96	18	3)
v(103	1	8	113	16	3)
v(103	2	28	116	56	3)
v(103	3	24	104	48	3)
v(103	4	4	56	8	3)
v(104	1	7	122	14	0)
v(105	1	21	156	42	1)
v(105	2	23	90	46	1)
v(106	1	26	103	52	2)
v(106	2	8	149	16	2)
v(106	3	28	121	56	2)
v(107	1	4	7	8	3)
v(107	2	5	88	10	2)
v(107	3	18	123	36	2)
v(107	4	23	129	46	3)
v(108	1	28	30	56	4)
v(108	2	31	132	62	4)
v(108	3	25	173	50	4)
v(108	4	30	137	60	4)
v(108	5	21	153	42	4)
v(109	1	24	166	48	3)
v(109	2	6	125	12	4)
v(109	3	22	117	44	3)
v(109	4	14	134	28	3)
v(109	5	7	148	14	3)
v(110	1	24	116	48	2)
v(110	2	2	40	4	2)
v(110	3	16	146	32	2)
v(111	1	24	131	48	0)
v(112	1	30	83	60	0)
v(113	1	31	46	62	0)
v(114	1	12	138	24	2)
v(114	2	32	156	64	2)
v(114	3	27	37	54	2)
v(115	1	28	104	56	3)
v(115	2	9	110	18	3)
v(115	3	28	101	56	3)
v(115	4	3	103	6	3)
v(116	1	30	139	60	4)
v(116	2	11	69	22	4)
v(116	3	4	101	8	4)
v(116	4	3	88	6	4)
v(116	5	24	76	48	4)
v(117	1	16	57	32	3)
v(117	2	10	63	20	2)
v(117	3	2	136	4	3)
v(117	4	2	11	4	2)
v(118	1	18	173	36	0)
v(119	1	30	99	60	2)
v(119	2	29	188	58	2)
v(119	3	27	91	54	2)
v(120	1	13	106	26	1)
v(120	2	26	159	52	1)
v(121	1	9	79	18	2)
v(121	2	14	100	28	2)
v(121	3	8	77	16	2)
v(122	1	5	145	10	2)
v(122	2	4	163	8	2)
v(122	3	27	164	54	2)
v(123	1	19	123	38	2)
v(123	2	19	179	38	2)
v(123	3	16	172	32	2)
v(124	1	32	186	64	1)
v(124	2	2	42	4	1)
v(125	1	9	46	18	0)
v(126	1	11	19	22	3)
v(126	2	5	27	10	4)
v(126	3	17	85	34	4)
v(126	4	14	96	28	4)
v(126	5	17	169	34	3)
v(127	1	9	99	18	2)
v(127	2	23	40	46	2)
v(127	3	32	166	64	2)
v(128	1	30	78	60	1)
v(128	2	20	64	40	2)
v(128	3	17	153	34	1)
v(129	1	28	78	56	3)
v(129	2	29	182	58	3)
v(129	3	11	134	22	3)
v(129	4	18	21	36	3)
v(130	1	2	100	4	2)
v(130	2	26	60	52	1)
v(130	3	21	90	42	1)
v(131	1	14	83	28	1)
v(131	2	4	26	8	1)
v(132	1	29	43	58	1)
v(132	2	15	128	30	1)
v(133	1	28	127	56	2)
v(133	2	28	174	56	2)
v(133	3	6	141	12	2)
v(134	1	11	59	22	0)
v(134	2	19	81	38	0)
v(135	1	11	23	22	3)
v(135	2	27	112	54	3)
v(135	3	11	111	22	3)
v(135	4	9	101	18	3)
v(136	1	25	89	50	2)
v(136	2	7	156	14	2)
v(136	3	7	156	14	2)
v(137	1	19	52	38	2)
v(137	2	11	137	22	2)
v(137	3	13	160	26	2)
v(138	1	17	81	34	0)
v(139	1	6	24	12	2)
v(139	2	14	113	28	2)
v(139	3	31	86	62	2)
v(140	1	13	110	26	3)
v(140	2	23	46	46	3)
v(140	3	26	81	52	3)
v(140	4	21	82	42	3)
v(141	1	28	147	56	4)
v(141	2	27	51	54	3)
v(141	3	1	62	2	3)
v(141	4	3	75	6	3)
v(141	5	3	38	6	3)
v(142	1	14	43	28	1)
v(142	2	15	26	30	1)
v(143	1	4	46	8	3)
v(143	2	13	71	26	3)
v(143	3	11	146	22	3)
v(143	4	17	60	34	3)
v(144	1	3	133	6	2)
v(144	2	14	114	28	2)
v(144	3	27	185	54	2)
v(145	1	24	35	48	2)
v(145	2	28	155	56	2)
v(145	3	22	77	44	2)
v(146	1	9	103	18	2)
v(146	2	11	145	22	1)
v(146	3	31	187	62	1)
v(147	1	15	135	30	4)
v(147	2	4	58	8	4)
v(147	3	25	139	50	4)
v(147	4	8	104	16	4)
v(147	5	15	141	30	4)
v(148	1	29	80	58	0)
v(149	1	26	107	52	0)
v(149	2	4	102	8	0)
v(150	1	5	67	10	2)
v(150	2	20	83	40	2)
v(150	3	14	52	28	2)
v(151	1	17	90	34	4)
v(151	2	23	126	46	4)
v(151	3	19	136	38	4)
v(151	4	12	49	24	3)
v(151	5	28	163	56	3)
v(152	1	21	110	42	1)
v(152	2	22	154	44	2)
v(152	3	21	162	42	1)
v(153	1	22	119	44	3)
v(153	2	4	135	8	4)
v(153	3	14	93	28	4)
v(153	4	20	127	40	4)
v(153	5	20	27	40	3)
v(154	1	10	27	20	2)
v(154	2	28	34	56	3)
v(154	3	17	87	34	2)
v(154	4	13	129	26	3)
v(155	1	30	104	60	1)
v(155	2	29	99	58	1)
v(156	1	28	49	56	3)
v(156	2	11	27	22	3)
v(156	3	16	53	32	3)
v(156	4	11	170	22	3)
v(157	1	9	144	18	3)
v(157	2	24	55	48	3)
v(157	3	32	158	64	3)
v(157	4	26	47	52	3)
v(158	1	22	50	44	4)
v(158	2	6	140	12	4)
v(158	3	28	95	56	4)
v(158	4	23	45	46	4)
v(158	5	3	112	6	4)
v(159	1	29	169	58	0)
v(160	1	20	113	40	1)
v(160	2	5	140	10	1)
v(161	1	4	155	8	1)
v(161	2	5	124	10	1)
v(162	1	5	57	10	4)
v(162	2	28	87	56	3)
v(162	3	24	140	48	4)
v(162	4	2	145	4	3)
v(162	5	21	49	42	4)
v(163	1	11	102	22	1)
v(163	2	9	115	18	1)
v(164	1	31	100	62	2)
v(164	2	7	62	14	2)
v(164	3	6	133	12	2)
v(165	1	18	85	36	1)
v(165	2	3	75	6	1)
v(166	1	19	52	38	3)
v(166	2	28	56	56	3)
v(166	3	23	84	46	3)
v(166	4	18	109	36	3)
v(167	1	22	171	44	4)
v(167	2	14	127	28	4)
v(167	3	31	139	62	4)
v(167	4	9	42	18	4)
v(167	5	3	42	6	4)
v(168	1	24	119	48	2)
v(168	2	12	64	24	2)
v(168	3	20	151	40	3)
v(168	4	24	146	48	3)
v(169	1	17	155	34	0)
v(170	1	11	92	22	4)
v(170	2	29	38	58	4)
v(170	3	17	148	34	4)
v(170	4	9	126	18	4)
v(170	5	19	27	38	4)
v(171	1	32	166	64	1)
v(171	2	2	118	4	1)
v(172	1	8	12	16	4)
v(172	2	31	113	62	4)
v(172	3	8	136	16	4)
v(172	4	9	120	18	4)
v(172	5	17	22	34	4)
v(173	1	27	160	54	0)
v(174	1	2	78	4	0)
v(175	1	3	62	6	0)
v(176	1	26	99	52	4)
v(176	2	15	150	30	3)
v(176	3	10	159	20	4)
v(176	4	10	121	20	4)
v(176	5	15	171	30	3)
v(177	1	17	118	34	4)
v(177	2	20	66	40	4)
v(177	3	22	125	44	4)
v(177	4	18	115	36	3)
v(177	5	4	153	8	3)
v(178	1	32	153	64	1)
v(178	2	5	144	10	1)
v(179	1	28	174	56	1)
v(179	2	22	99	44	1)
v(180	1	5	8	10	2)
v(180	2	14	74	28	2)
v(180	3	31	34	62	2)
v(181	1	23	174	46	4)
v(181	2	1	72	2	4)
v(181	3	1	44	2	4)
v(181	4	16	80	32	4)
v(181	5	13	114	26	4)
v(182	1	30	123	60	2)
v(182	2	2	103	4	2)
v(182	3	21	71	42	2)
v(183	1	18	56	36	3)
v(183	2	10	49	20	4)
v(183	3	8	41	16	4)
v(183	4	32	121	64	3)
v(183	5	26	53	52	4)
v(184	1	16	84	32	4)
v(184	2	2	51	4	4)
v(184	3	25	36	50	4)
v(184	4	2	38	4	4)
v(184	5	5	73	10	4)
v(185	1	17	130	34	2)
v(185	2	23	146	46	2)
v(185	3	12	172	24	2)
v(186	1	31	55	62	4)
v(186	2	4	121	8	4)
v(186	3	7	51	14	4)
v(186	4	8	121	16	4)
v(186	5	20	175	40	4)
v(187	1	1	16	2	1)
v(187	2	21	116	42	1)
v(188	1	14	133	28	0)
v(189	1	11	150	22	0)
v(190	1	11	59	22	0)
v(191	1	4	45	8	2)
v(191	2	11	43	22	3)
v(191	3	30	129	60	3)
v(191	4	14	69	28	2)
v(192	1	25	80	50	0)
v(193	1	4	121	8	1)
v(193	2	15	168	30	1)
v(194	1	3	20	6	2)
v(194	2	22	107	44	2)
v(194	3	1	47	2	2)
v(195	1	18	37	36	3)
v(195	2	20	89	40	4)
v(195	3	8	124	16	2)
v(195	4	17	138	34	4)
v(195	5	15	75	30	3)
v(196	1	20	40	40	0)
v(197	1	29	93	58	0)
v(198	1	26	178	52	2)
v(198	2	7	12	14	2)
v(198	3	1	33	2	2)
v(199	1	11	67	22	0)
v(200	1	13	160	26	4)
v(200	2	6	128	12	4)
v(200	3	2	38	4	4)
v(200	4	5	141	10	4)
v(200	5	28	187	56	4)
v(201	1	18	93	36	1)
v(201	2	11	12	22	1)
v(202	1	14	20	28	0)
v(203	1	31	98	62	4)
v(203	2	31	125	62	4)
v(203	3	30	95	60	4)
v(203	4	5	108	10	4)
v(203	5	32	42	64	4)
v(204	1	29	152	58	1)
v(204	2	31	36	62	1)
v(204	3	10	153	20	3)
v(204	4	2	147	4	1)
v(205	1	10	22	20	1)
v(205	2	24	167	48	1)
v(206	1	29	111	58	0)
v(207	1	24	46	48	4)
v(207	2	15	39	30	4)
v(207	3	19	45	38	4)
v(207	4	7	58	14	4)
v(207	5	20	129	40	4)
v(208	1	12	23	24	3)
v(208	2	30	166	60	3)
v(208	3	18	86	36	3)
v(208	4	3	66	6	3)
v(209	1	29	56	58	1)
v(209	2	15	36	30	1)
v(209	3	23	51	46	0)
v(210	1	32	138	64	2)
v(210	2	8	92	16	2)
v(210	3	1	68	2	2)
v(211	1	9	120	18	1)
v(211	2	22	119	44	1)
v(212	1	16	62	32	4)
v(212	2	15	118	30	4)
v(212	3	28	106	56	4)
v(212	4	31	56	62	4)
v(212	5	9	144	18	4)
v(213	1	20	176	40	1)
v(213	2	3	163	6	1)
v(214	1	1	101	2	0)
v(215	1	15	46	30	1)
v(215	2	26	93	52	1)
v(216	1	13	131	26	0)
v(217	1	15	169	30	2)
v(217	2	23	137	46	3)
v(217	3	9	92	18	3)
v(217	4	23	148	46	2)
v(218	1	8	24	16	1)
v(218	2	21	173	42	1)
v(219	1	14	77	28	2)
v(219	2	2	116	4	2)
v(219	3	17	132	34	2)
v(220	1	2	130	4	2)
v(220	2	32	188	64	2)
v(220	3	29	163	58	2)
v(221	1	18	97	36	2)
v(221	2	5	127	10	2)
v(221	3	23	91	46	2)
v(222	1	2	127	4	4)
v(222	2	30	34	60	4)
v(222	3	25	45	50	4)
v(222	4	1	25	2	4)
v(222	5	26	63	52	4)
v(223	1	8	58	16	3)
v(223	2	11	81	22	3)
v(223	3	8	17	16	3)
v(223	4	12	154	24	3)
v(224	1	12	35	24	0)
v(225	1	27	95	54	0)
v(226	1	9	158	18	3)
v(226	2	1	129	2	3)
v(226	3	27	116	54	3)
v(226	4	16	85	32	3)
v(226	5	31	102	62	4)
v(227	1	12	34	24	2)
v(227	2	4	104	8	2)
v(227	3	3	100	6	2)
v(228	1	2	121	4	0)
v(229	1	5	50	10	0)
v(230	1	4	61	8	1)
v(230	2	5	12	10	1)
v(231	1	31	96	62	0)
v(232	1	2	95	4	3)
v(232	2	10	11	20	4)
v(232	3	25	55	50	4)
v(232	4	24	163	48	4)
v(232	5	14	85	28	3)
v(233	1	11	165	22	2)
v(233	2	27	58	54	2)
v(233	3	14	55	28	2)
v(234	1	9	109	18	4)
v(234	2	12	168	24	3)
v(234	3	28	79	56	4)
v(234	4	18	97	36	4)
v(234	5	5	92	10	3)
v(235	1	16	155	32	2)
v(235	2	18	132	36	2)
v(235	3	8	77	16	2)
v(236	1	6	65	12	0)
v(237	1	27	91	54	3)
v(237	2	10	116	20	3)
v(237	3	12	100	24	3)
v(237	4	7	128	14	3)
v(238	1	14	81	28	3)
v(238	2	11	152	22	3)
v(238	3	27	44	54	3)
v(238	4	16	108	32	3)
v(239	1	7	58	14	0)
v(240	1	7	15	14	4)
v(240	2	22	43	44	4)
v(240	3	8	131	16	4)
v(240	4	6	53	12	4)
v(240	5	13	126	26	4)
v(241	1	24	28	48	0)
v(242	1	28	98	56	1)
v(242	2	31	63	62	1)
v(243	1	19	171	38	4)
v(243	2	32	128	64	4)
v(243	3	24	34	48	4)
v(243	4	30	166	60	4)
v(243	5	25	81	50	4)
v(244	1	2	124	4	3)
v(244	2	27	161	54	3)
v(244	3	1	119	2	3)
v(244	4	16	58	32	3)
v(245	1	17	75	34	3)
v(245	2	17	93	34	3)
v(245	3	17	33	34	3)
v(245	4	27	108	54	3)
v(246	1	6	21	12	2)
v(246	2	5	132	10	2)
v(246	3	27	171	54	2)
v(247	1	9	18	18	1)
v(247	2	9	51	18	1)
v(248	1	19	37	38	2)
v(248	2	7	8	14	2)
v(248	3	11	132	22	2)
v(249	1	23	109	46	1)
v(249	2	25	110	50	1)
v(249	3	17	19	34	2)
v(250	1	1	24	2	4)
v(250	2	23	108	46	4)
v(250	3	17	37	34	4)
v(250	4	14	160	28	4)
v(250	5	3	62	6	4)
v(251	1	11	134	22	1)
v(251	2	9	117	18	1)
v(252	1	26	93	52	3)
v(252	2	22	114	44	3)
v(252	3	6	112	12	3)
v(252	4	16	170	32	3)
v(253	1	9	151	18	3)
v(253	2	9	93	18	3)
v(253	3	5	22	10	3)
v(253	4	31	58	62	3)
v(254	1	15	83	30	3)
v(254	2	3	151	6	3)
v(254	3	27	79	54	2)
v(254	4	10	163	20	2)
v(255	1	25	88	50	4)
v(255	2	21	29	42	4)
v(255	3	16	42	32	4)
v(255	4	10	132	20	4)
v(255	5	25	132	50	4)
v(256	1	10	30	20	3)
v(256	2	22	168	44	3)
v(256	3	12	119	24	2)
v(256	4	19	51	38	2)
v(257	1	10	86	20	0)
v(258	1	3	4	6	0)
v(259	1	2	102	4	1)
v(259	2	2	19	4	1)
v(260	1	15	38	30	1)
v(260	2	8	153	16	1)
v(261	1	24	26	48	3)
v(261	2	30	151	60	3)
v(261	3	22	146	44	3)
v(261	4	11	63	22	3)
v(262	1	5	78	10	3)
v(262	2	3	72	6	4)
v(262	3	29	133	58	3)
v(262	4	15	114	30	2)
v(262	5	27	173	54	4)
v(263	1	6	18	12	0)
v(264	1	22	171	44	2)
v(264	2	23	82	46	2)
v(264	3	2	72	4	2)
v(265	1	13	71	26	4)
v(265	2	23	134	46	4)
v(265	3	14	112	28	4)
v(265	4	7	11	14	4)
v(265	5	19	49	38	4)
v(266	1	15	33	30	4)
v(266	2	5	79	10	4)
v(266	3	30	68	60	4)
v(266	4	3	156	6	4)
v(266	5	8	96	16	4)
v(267	1	14	44	28	4)
v(267	2	11	21	22	4)
v(267	3	13	161	26	4)
v(267	4	25	171	50	4)
v(267	5	10	147	20	4)
v(268	1	20	67	40	3)
v(268	2	31	147	62	3)
v(268	3	13	145	26	3)
v(268	4	25	100	50	3)
v(269	1	6	55	12	1)
v(269	2	2	84	4	1)
v(270	1	27	28	54	4)
v(270	2	7	52	14	4)
v(270	3	25	136	50	4)
v(270	4	21	131	42	4)
v(270	5	30	75	60	4)
v(271	1	1	144	2	4)
v(271	2	20	152	40	4)
v(271	3	17	121	34	4)
v(271	4	22	161	44	4)
v(271	5	14	117	28	4)
v(272	1	7	60	14	0)
v(273	1	3	138	6	4)
v(273	2	32	81	64	4)
v(273	3	10	121	20	4)
v(273	4	20	161	40	4)
v(273	5	4	160	8	4)
v(274	1	13	113	26	0)
v(275	1	29	181	58	4)
v(275	2	22	171	44	3)
v(275	3	29	181	58	4)
v(275	4	5	157	10	3)
v(275	5	22	155	44	4)
v(276	1	31	145	62	4)
v(276	2	13	133	26	4)
v(276	3	27	128	54	4)
v(276	4	15	150	30	4)
v(276	5	30	36	60	4)
v(277	1	10	17	20	0)
v(278	1	10	57	20	1)
v(278	2	29	100	58	1)
v(278	3	2	158	4	2)
v(279	1	19	56	38	0)
v(280	1	12	63	24	3)
v(280	2	2	52	4	3)
v(280	3	11	136	22	3)
v(280	4	12	121	24	3)
v(281	1	17	90	34	2)
v(281	2	22	168	44	2)
v(281	3	9	160	18	2)
v(282	1	31	34	62	0)
v(282	2	7	32	14	0)
v(283	1	7	111	14	3)
v(283	2	10	113	20	3)
v(283	3	14	26	28	3)
v(283	4	16	55	32	3)
v(284	1	11	26	22	4)
v(284	2	30	116	60	3)
v(284	3	12	25	24	4)
v(284	4	20	54	40	3)
v(284	5	15	173	30	4)
v(285	1	30	84	60	0)
v(286	1	14	20	28	2)
v(286	2	7	147	14	2)
v(286	3	16	52	32	2)
v(287	1	5	105	10	0)
v(288	1	25	184	50	2)
v(288	2	10	81	20	2)
v(288	3	22	119	44	2)
v(289	1	26	81	52	2)
v(289	2	5	129	10	2)
v(289	3	19	125	38	2)
v(290	1	30	81	60	3)
v(290	2	13	139	26	4)
v(290	3	2	87	4	3)
v(290	4	25	89	50	4)
v(290	5	26	101	52	2)
v(291	1	6	46	12	2)
v(291	2	1	156	2	2)
v(291	3	14	49	28	3)
v(291	4	24	157	48	3)
v(292	1	32	66	64	1)
v(292	2	4	73	8	1)
v(293	1	24	66	48	3)
v(293	2	25	135	50	3)
v(293	3	14	25	28	2)
v(293	4	6	134	12	2)
v(294	1	19	27	38	0)
v(295	1	11	44	22	0)
v(296	1	27	168	54	1)
v(296	2	29	137	58	1)
v(297	1	1	62	2	1)
v(297	2	30	89	60	1)
v(298	1	15	33	30	3)
v(298	2	23	121	46	3)
v(298	3	26	85	52	3)
v(298	4	27	176	54	3)
v(299	1	27	177	54	3)
v(299	2	4	150	8	2)
v(299	3	6	157	12	3)
v(299	4	10	119	20	2)
v(300	1	19	34	38	0)
v(301	1	16	112	32	0)
v(302	1	3	57	6	3)
v(302	2	16	170	32	3)
v(302	3	1	150	2	3)
v(302	4	21	108	42	3)
v(303	1	23	56	46	0)
v(304	1	26	33	52	1)
v(304	2	16	149	32	1)
v(305	1	7	162	14	2)
v(305	2	14	75	28	3)
v(305	3	5	126	10	3)
v(305	4	6	41	12	2)
v(306	1	24	80	48	2)
v(306	2	30	54	60	3)
v(306	3	31	120	62	3)
v(306	4	29	140	58	2)
v(307	1	23	154	46	2)
v(307	2	24	72	48	2)
v(307	3	22	91	44	2)
v(308	1	13	75	26	0)
v(309	1	12	13	24	2)
v(309	2	3	118	6	2)
v(309	3	18	46	36	2)
v(310	1	19	28	38	2)
v(310	2	7	44	14	2)
v(310	3	21	177	42	2)
v(311	1	32	84	64	3)
v(311	2	7	44	14	3)
v(311	3	20	31	40	3)
v(311	4	1	46	2	3)
v(312	1	10	86	20	4)
v(312	2	9	22	18	4)
v(312	3	21	169	42	4)
v(312	4	22	60	44	4)
v(312	5	31	35	62	4)
v(313	1	2	20	4	0)
v(314	1	21	169	42	0)
v(315	1	32	151	64	1)
v(315	2	1	31	2	1)
v(316	1	16	81	32	1)
v(316	2	3	49	6	1)
v(317	1	13	147	26	2)
v(317	2	4	119	8	4)
v(317	3	9	111	18	4)
v(317	4	2	50	4	3)
v(317	5	21	166	42	3)
v(318	1	21	62	42	1)
v(318	2	19	98	38	1)
v(319	1	2	144	4	0)
v(320	1	10	25	20	0)
v(321	1	5	152	10	1)
v(321	2	26	120	52	1)
v(322	1	5	152	10	0)
v(323	1	32	92	64	4)
v(323	2	6	109	12	4)
v(323	3	5	158	10	4)
v(323	4	18	118	36	4)
v(323	5	20	148	40	4)
v(324	1	25	145	50	1)
v(324	2	5	33	10	1)
v(325	1	16	52	32	1)
v(325	2	26	133	52	1)
v(326	1	17	73	34	3)
v(326	2	1	126	2	3)
v(326	3	26	142	52	3)
v(326	4	17	24	34	3)
v(327	1	22	161	44	3)
v(327	2	31	53	62	3)
v(327	3	26	50	52	3)
v(327	4	24	29	48	3)
v(328	1	9	167	18	4)
v(328	2	31	68	62	4)
v(328	3	32	38	64	4)
v(328	4	13	87	26	4)
v(328	5	7	26	14	4)
v(329	1	14	35	28	3)
v(329	2	27	63	54	3)
v(329	3	30	125	60	3)
v(329	4	21	109	42	3)
v(330	1	19	126	38	0)
v(331	1	2	5	4	4)
v(331	2	16	149	32	4)
v(331	3	28	105	56	4)
v(331	4	17	134	34	3)
v(331	5	1	83	2	3)
v(332	1	6	40	12	1)
v(332	2	27	99	54	1)
v(333	1	17	139	34	0)
v(334	1	17	26	34	0)
v(335	1	5	161	10	2)
v(335	2	26	103	52	2)
v(335	3	10	31	20	2)
v(336	1	8	111	16	0)
v(337	1	10	88	20	2)
v(337	2	2	16	4	2)
v(337	3	20	136	40	2)
v(338	1	10	169	20	1)
v(338	2	17	90	34	1)
v(339	1	32	175	64	1)
v(339	2	25	29	50	1)
v(340	1	30	178	60	2)
v(340	2	31	79	62	3)
v(340	3	22	182	44	3)
v(340	4	7	146	14	2)
v(341	1	17	132	34	2)
v(341	2	8	165	16	2)
v(341	3	14	66	28	3)
v(341	4	19	59	38	3)
v(342	1	13	143	26	4)
v(342	2	25	80	50	4)
v(342	3	12	146	24	3)
v(342	4	5	21	10	4)
v(342	5	1	17	2	3)
v(343	1	7	12	14	4)
v(343	2	7	42	14	4)
v(343	3	5	99	10	4)
v(343	4	28	64	56	4)
v(343	5	11	51	22	4)
v(344	1	10	107	20	0)
v(345	1	22	178	44	0)
v(346	1	24	171	48	2)
v(346	2	21	125	42	3)
v(346	3	24	115	48	2)
v(346	4	13	52	26	3)
v(347	1	22	170	44	1)
v(347	2	8	113	16	1)
v(348	1	19	79	38	1)
v(348	2	4	14	8	1)
v(349	1	11	131	22	1)
v(349	2	5	98	10	1)
v(350	1	23	183	46	0)
v(351	1	9	83	18	2)
v(351	2	25	81	50	2)
v(351	3	3	66	6	2)
v(352	1	32	40	64	2)
v(352	2	7	75	14	2)
v(352	3	8	142	16	2)
v(353	1	2	44	4	0)
v(354	1	12	165	24	4)
v(354	2	21	91	42	3)
v(354	3	15	163	30	4)
v(354	4	19	112	38	3)
v(354	5	1	52	2	4)
v(355	1	7	39	14	0)
v(356	1	29	42	58	4)
v(356	2	30	101	60	4)
v(356	3	19	35	38	4)
v(356	4	3	117	6	4)
v(356	5	22	31	44	4)
v(357	1	16	113	32	0)
v(358	1	24	84	48	1)
v(358	2	14	20	28	1)
v(359	1	7	90	14	1)
v(359	2	22	140	44	1)
v(360	1	6	66	12	3)
v(360	2	19	118	38	2)
v(360	3	1	10	2	3)
v(360	4	18	140	36	2)
v(361	1	13	157	26	1)
v(361	2	23	80	46	1)
v(362	1	29	34	58	0)
v(363	1	21	107	42	4)
v(363	2	20	74	40	4)
v(363	3	4	8	8	3)
v(363	4	10	11	20	3)
v(363	5	19	63	38	4)
v(364	1	19	79	38	0)
v(365	1	1	40	2	1)
v(365	2	5	27	10	2)
v(365	3	28	158	56	1)
v(366	1	8	121	16	3)
v(366	2	14	54	28	4)
v(366	3	25	151	50	3)
v(366	4	30	133	60	4)
v(366	5	25	183	50	4)
v(367	1	29	124	58	2)
v(367	2	26	138	52	2)
v(367	3	15	130	30	2)
v(368	1	13	39	26	3)
v(368	2	3	121	6	3)
v(368	3	8	107	16	3)
v(368	4	27	87	54	3)
v(369	1	31	127	62	0)
v(370	1	10	140	20	0)
v(371	1	24	26	48	1)
v(371	2	31	107	62	1)
v(372	1	3	15	6	0)
v(373	1	30	165	60	0)
v(374	1	8	37	16	3)
v(374	2	10	104	20	3)
v(374	3	25	51	50	3)
v(374	4	8	104	16	3)
v(375	1	23	150	46	1)
v(375	2	11	142	22	1)
v(376	1	3	33	6	2)
v(376	2	6	14	12	2)
v(376	3	24	83	48	2)
v(377	1	9	30	18	0)
v(378	1	31	144	62	1)
v(378	2	17	139	34	1)
v(379	1	29	86	58	3)
v(379	2	3	132	6	3)
v(379	3	30	41	60	4)
v(379	4	21	178	42	4)
v(379	5	10	135	20	4)
v(380	1	31	135	62	4)
v(380	2	15	60	30	4)
v(380	3	6	55	12	4)
v(380	4	30	147	60	4)
v(380	5	23	62	46	4)
v(381	1	3	158	6	2)
v(381	2	13	109	26	2)
v(381	3	30	177	60	2)
v(382	1	10	141	20	4)
v(382	2	3	152	6	4)
v(382	3	5	20	10	4)
v(382	4	7	25	14	4)
v(382	5	18	162	36	4)
v(383	1	29	38	58	2)
v(383	2	6	96	12	2)
v(383	3	3	25	6	2)
v(384	1	8	167	16	0)
v(385	1	28	50	56	3)
v(385	2	21	40	42	3)
v(385	3	32	153	64	3)
v(385	4	29	162	58	3)
v(386	1	7	122	14	0)
v(387	1	12	19	24	1)
v(387	2	11	113	22	1)
v(388	1	11	65	22	2)
v(388	2	22	45	44	2)
v(388	3	29	147	58	2)
v(389	1	2	160	4	2)
v(389	2	20	157	40	3)
v(389	3	22	49	44	2)
v(389	4	19	83	38	3)
v(390	1	20	146	40	4)
v(390	2	23	183	46	4)
v(390	3	28	55	56	4)
v(390	4	19	31	38	3)
v(390	5	12	18	24	3)
v(391	1	16	51	32	1)
v(391	2	25	54	50	1)
v(392	1	11	41	22	1)
v(392	2	22	119	44	1)
v(393	1	29	134	58	0)
v(394	1	1	67	2	4)
v(394	2	28	72	56	4)
v(394	3	5	14	10	4)
v(394	4	26	55	52	4)
v(394	5	10	96	20	4)
v(395	1	13	45	26	2)
v(395	2	12	40	24	2)
v(395	3	16	96	32	2)
v(396	1	9	88	18	3)
v(396	2	25	182	50	3)
v(396	3	16	86	32	3)
v(396	4	6	125	12	3)
v(397	1	21	25	42	2)
v(397	2	2	38	4	2)
v(397	3	9	144	18	2)
v(398	1	20	122	40	0)
v(399	1	8	153	16	1)
v(399	2	28	120	56	1)
v(400	1	16	87	32	2)
v(400	2	3	54	6	2)
v(400	3	1	58	2	3)
v(400	4	25	142	50	3)
v(401	1	8	70	16	2)
v(401	2	21	164	42	2)
v(401	3	8	25	16	2)
v(402	1	23	87	46	4)
v(402	2	11	84	22	4)
v(402	3	15	26	30	4)
v(402	4	3	140	6	4)
v(402	5	11	137	22	4)
v(403	1	26	42	52	3)
v(403	2	25	40	50	2)
v(403	3	13	108	26	2)
v(403	4	30	145	60	3)
v(404	1	16	130	32	3)
v(404	2	13	38	26	3)
v(404	3	23	56	46	3)
v(404	4	24	103	48	3)
v(405	1	32	187	64	3)
v(405	2	10	109	20	3)
v(405	3	4	24	8	3)
v(405	4	25	107	50	3)
v(406	1	9	10	18	4)
v(406	2	25	138	50	4)
v(406	3	4	92	8	4)
v(406	4	2	49	4	3)
v(406	5	16	116	32	3)
v(407	1	8	140	16	3)
v(407	2	16	67	32	3)
v(407	3	31	46	62	3)
v(407	4	3	96	6	4)
v(407	5	7	57	14	3)
v(408	1	19	138	38	2)
v(408	2	13	60	26	2)
v(408	3	23	66	46	2)
v(409	1	30	62	60	3)
v(409	2	28	85	56	3)
v(409	3	21	176	42	3)
v(409	4	12	40	24	3)
v(410	1	15	150	30	2)
v(410	2	29	66	58	2)
v(410	3	31	87	62	2)
v(411	1	4	137	8	0)
v(412	1	26	50	52	1)
v(412	2	27	59	54	1)
v(413	1	18	172	36	2)
v(413	2	19	102	38	2)
v(413	3	16	90	32	2)
v(414	1	9	20	18	4)
v(414	2	5	155	10	4)
v(414	3	25	96	50	4)
v(414	4	19	49	38	4)
v(414	5	17	162	34	4)
v(415	1	9	58	18	1)
v(415	2	15	20	30	1)
v(416	1	22	106	44	0)
v(417	1	25	111	50	3)
v(417	2	19	70	38	3)
v(417	3	17	171	34	3)
v(417	4	25	121	50	3)
v(418	1	13	22	26	1)
v(418	2	14	125	28	1)
v(419	1	9	65	18	3)
v(419	2	20	106	40	3)
v(419	3	27	181	54	3)
v(419	4	13	127	26	3)
v(420	1	25	27	50	1)
v(420	2	23	176	46	1)
v(421	1	25	128	50	3)
v(421	2	28	155	56	3)
v(421	3	31	113	62	2)
v(421	4	2	155	4	2)
v(422	1	32	114	64	0)
v(423	1	10	90	20	4)
v(423	2	23	109	46	4)
v(423	3	17	116	34	4)
v(423	4	1	102	2	4)
v(423	5	2	108	4	4)
v(424	1	24	126	48	3)
v(424	2	17	88	34	3)
v(424	3	29	93	58	2)
v(424	4	10	73	20	2)
v(425	1	2	82	4	0)
v(426	1	25	170	50	0)
v(427	1	27	139	54	2)
v(427	2	18	154	36	2)
v(427	3	12	77	24	2)
v(428	1	30	83	60	0)
v(429	1	16	45	32	2)
v(429	2	28	185	56	2)
v(429	3	29	61	58	2)
v(430	1	12	127	24	2)
v(430	2	21	98	42	2)
v(430	3	32	149	64	2)
v(431	1	29	36	58	4)
v(431	2	8	32	16	4)
v(431	3	7	68	14	4)
v(431	4	9	112	18	4)
v(431	5	22	37	44	4)
v(432	1	21	174	42	4)
v(432	2	10	13	20	3)
v(432	3	26	147	52	4)
v(432	4	25	184	50	4)
v(432	5	8	123	16	3)
v(433	1	11	79	22	3)
v(433	2	6	133	12	4)
v(433	3	9	56	18	4)
v(433	4	25	151	50	3)
v(433	5	10	132	20	4)
v(434	1	28	139	56	1)
v(434	2	6	34	12	1)
v(435	1	13	69	26	0)
v(436	1	4	108	8	3)
v(436	2	24	154	48	3)
v(436	3	16	132	32	3)
v(436	4	6	153	12	3)
v(437	1	23	116	46	0)
v(438	1	20	169	40	3)
v(438	2	30	155	60	3)
v(438	3	26	54	52	2)
v(438	4	28	170	56	2)
v(439	1	13	141	26	3)
v(439	2	25	142	50	3)
v(439	3	6	104	12	3)
v(439	4	19	147	38	3)
v(440	1	29	134	58	2)
v(440	2	11	154	22	2)
v(440	3	25	168	50	2)
v(441	1	22	158	44	4)
v(441	2	8	149	16	4)
v(441	3	9	67	18	4)
v(441	4	10	169	20	4)
v(441	5	18	66	36	4)
v(442	1	28	123	56	4)
v(442	2	26	177	52	4)
v(442	3	30	85	60	4)
v(442	4	7	70	14	4)
v(442	5	19	78	38	4)
v(443	1	8	110	16	2)
v(443	2	28	169	56	2)
v(443	3	22	48	44	2)
v(444	1	17	168	34	1)
v(444	2	24	86	48	1)
v(445	1	6	102	12	3)
v(445	2	14	108	28	3)
v(445	3	15	87	30	3)
v(445	4	23	167	46	3)
v(446	1	21	54	42	1)
v(446	2	8	146	16	1)
v(447	1	17	75	34	4)
v(447	2	12	122	24	4)
v(447	3	21	75	42	3)
v(447	4	29	83	58	4)
v(447	5	21	68	42	3)
v(448	1	14	170	28	2)
v(448	2	25	177	50	2)
v(448	3	28	30	56	3)
v(448	4	13	130	26	3)
v(449	1	26	172	52	2)
v(449	2	11	50	22	2)
v(449	3	9	76	18	2)
v(450	1	11	90	22	3)
v(450	2	16	139	32	3)
v(450	3	5	96	10	2)
v(450	4	26	76	52	2)
v(451	1	10	153	20	2)
v(451	2	16	69	32	2)
v(451	3	6	135	12	2)
v(452	1	16	36	32	2)
v(452	2	4	6	8	2)
v(452	3	24	74	48	2)
v(453	1	7	144	14	4)
v(453	2	6	28	12	4)
v(453	3	11	96	22	4)
v(453	4	22	100	44	4)
v(453	5	8	104	16	4)
v(454	1	28	90	56	3)
v(454	2	3	137	6	3)
v(454	3	21	105	42	4)
v(454	4	24	139	48	4)
v(454	5	23	131	46	2)
v(455	1	24	163	48	3)
v(455	2	2	108	4	3)
v(455	3	25	102	50	3)
v(455	4	24	46	48	3)
v(456	1	14	42	28	3)
v(456	2	26	130	52	4)
v(456	3	6	107	12	3)
v(456	4	5	155	10	4)
v(456	5	26	78	52	4)
v(457	1	29	129	58	3)
v(457	2	10	57	20	3)
v(457	3	10	58	20	3)
v(457	4	15	167	30	3)
v(458	1	8	136	16	0)
v(459	1	1	42	2	2)
v(459	2	1	95	2	2)
v(459	3	15	50	30	2)
v(460	1	13	101	26	4)
v(460	2	16	37	32	4)
v(460	3	25	153	50	4)
v(460	4	28	141	56	4)
v(460	5	29	126	58	4)
v(461	1	1	116	2	2)
v(461	2	18	65	36	2)
v(461	3	10	28	20	2)
v(462	1	21	60	42	3)
v(462	2	22	139	44	3)
v(462	3	11	142	22	3)
v(462	4	12	132	24	3)
v(463	1	12	170	24	4)
v(463	2	11	15	22	4)
v(463	3	24	146	48	4)
v(463	4	27	161	54	3)
v(463	5	17	56	34	3)
v(464	1	11	150	22	1)
v(464	2	23	182	46	1)
v(465	1	6	151	12	1)
v(465	2	26	62	52	2)
v(465	3	19	116	38	2)
v(465	4	30	180	60	3)
v(466	1	7	26	14	3)
v(466	2	3	28	6	4)
v(466	3	28	87	56	4)
v(466	4	3	6	6	3)
v(466	5	21	127	42	4)
v(467	1	3	133	6	0)
v(468	1	3	66	6	2)
v(468	2	22	50	44	2)
v(468	3	14	160	28	1)
v(468	4	27	111	54	3)
v(469	1	25	102	50	0)
v(470	1	11	133	22	0)
v(471	1	9	140	18	3)
v(471	2	2	58	4	3)
v(471	3	30	157	60	3)
v(471	4	21	117	42	3)
v(472	1	13	153	26	3)
v(472	2	29	172	58	3)
v(472	3	4	15	8	3)
v(472	4	5	27	10	4)
v(472	5	17	37	34	3)
v(473	1	11	145	22	4)
v(473	2	13	17	26	3)
v(473	3	16	135	32	3)
v(473	4	27	92	54	4)
v(473	5	7	127	14	4)
v(474	1	27	93	54	1)
v(474	2	19	107	38	1)
v(475	1	28	97	56	1)
v(475	2	9	39	18	1)
v(476	1	16	124	32	1)
v(476	2	27	108	54	3)
v(476	3	22	31	44	2)
v(476	4	16	74	32	2)
v(477	1	27	129	54	4)
v(477	2	4	120	8	4)
v(477	3	31	51	62	4)
v(477	4	9	155	18	4)
v(477	5	2	40	4	4)
v(478	1	25	182	50	3)
v(478	2	21	71	42	3)
v(478	3	13	21	26	3)
v(478	4	11	45	22	3)
v(479	1	25	64	50	0)
v(480	1	24	143	48	3)
v(480	2	22	167	44	3)
v(480	3	1	22	2	3)
v(480	4	8	23	16	3)
v(481	1	26	45	52	0)
v(482	1	10	71	20	4)
v(482	2	15	77	30	4)
v(482	3	14	121	28	3)
v(482	4	30	185	60	3)
v(482	5	13	113	26	4)
v(483	1	29	85	58	1)
v(483	2	24	165	48	1)
v(484	1	31	183	62	2)
v(484	2	4	128	8	3)
v(484	3	8	23	16	3)
v(484	4	13	105	26	2)
v(485	1	4	129	8	2)
v(485	2	6	97	12	2)
v(485	3	3	11	6	2)
v(486	1	21	154	42	3)
v(486	2	17	169	34	3)
v(486	3	11	72	22	3)
v(486	4	17	150	34	3)
v(487	1	9	107	18	3)
v(487	2	18	49	36	2)
v(487	3	5	140	10	2)
v(487	4	31	108	62	3)
v(488	1	4	7	8	2)
v(488	2	30	57	60	2)
v(488	3	24	122	48	2)
v(489	1	2	110	4	3)
v(489	2	19	45	38	3)
v(489	3	26	139	52	2)
v(489	4	21	63	42	2)
v(490	1	18	49	36	1)
v(490	2	22	79	44	1)
v(490	3	21	67	42	2)
v(491	1	26	152	52	2)
v(491	2	14	163	28	2)
v(491	3	16	21	32	2)
v(492	1	20	132	40	0)
v(493	1	3	99	6	2)
v(493	2	22	95	44	2)
v(493	3	3	121	6	2)
v(494	1	1	94	2	1)
v(494	2	25	169	50	1)
v(495	1	4	14	8	0)
v(496	1	6	40	12	1)
v(496	2	21	117	42	1)
v(497	1	8	89	16	0)
v(498	1	26	40	52	3)
v(498	2	3	54	6	3)
v(498	3	28	140	56	3)
v(498	4	19	134	38	3)
v(499	1	13	116	26	4)
v(499	2	32	162	64	4)
v(499	3	13	148	26	3)
v(499	4	28	185	56	3)
v(499	5	29	33	58	4)
v(500	1	18	62	36	0)
v(501	1	6	68	12	1)
v(501	2	3	6	6	1)
v(501	3	23	156	46	2)
v(502	1	11	68	22	2)
v(502	2	21	23	42	2)
v(502	3	6	82	12	2)
v(503	1	14	120	28	2)
v(503	2	31	166	62	2)
v(503	3	5	114	10	3)
v(503	4	32	83	64	3)
v(504	1	12	91	24	2)
v(504	2	21	95	42	2)
v(504	3	11	122	22	1)
v(504	4	14	15	28	3)
v(505	1	25	65	50	3)
v(505	2	30	76	60	3)
v(505	3	29	132	58	3)
v(505	4	13	147	26	3)
v(506	1	24	124	48	2)
v(506	2	19	38	38	2)
v(506	3	25	130	50	2)
v(507	1	18	127	36	0)
v(507	2	4	33	8	0)
v(508	1	27	51	54	0)
v(509	1	30	147	60	1)
v(509	2	6	128	12	2)
v(509	3	16	42	32	1)
v(510	1	13	112	26	0)
v(511	1	9	55	18	2)
v(511	2	19	146	38	2)
v(511	3	6	39	12	2)
v(512	1	19	168	38	1)
v(512	2	12	84	24	1)
v(513	1	4	20	8	1)
v(513	2	17	44	34	1)
v(514	1	27	135	54	1)
v(514	2	19	70	38	1)
v(515	1	12	106	24	1)
v(515	2	27	132	54	1)
v(516	1	23	183	46	2)
v(516	2	11	137	22	1)
v(516	3	4	130	8	2)
v(516	4	21	71	42	3)
v(517	1	2	9	4	1)
v(517	2	23	114	46	1)
v(518	1	8	86	16	4)
v(518	2	16	134	32	4)
v(518	3	10	15	20	4)
v(518	4	2	51	4	4)
v(518	5	25	174	50	4)
v(519	1	17	91	34	3)
v(519	2	25	46	50	3)
v(519	3	26	90	52	3)
v(519	4	21	151	42	3)
v(520	1	30	156	60	0)
v(521	1	17	170	34	3)
v(521	2	1	34	2	3)
v(521	3	2	141	4	3)
v(521	4	15	142	30	3)
v(522	1	12	142	24	1)
v(522	2	12	88	24	1)
v(522	3	31	117	62	2)
v(523	1	28	110	56	0)
v(524	1	22	133	44	2)
v(524	2	24	79	48	2)
v(524	3	13	172	26	2)
v(525	1	19	37	38	4)
v(525	2	5	160	10	4)
v(525	3	20	142	40	4)
v(525	4	22	178	44	4)
v(525	5	4	58	8	4)
v(526	1	24	156	48	2)
v(526	2	20	94	40	2)
v(526	3	10	56	20	3)
v(526	4	4	144	8	3)
v(527	1	29	86	58	0)
v(528	1	9	17	18	2)
v(528	2	25	28	50	2)
v(528	3	13	90	26	2)
v(529	1	19	113	38	3)
v(529	2	12	14	24	3)
v(529	3	29	106	58	3)
v(529	4	20	61	40	3)
v(530	1	1	102	2	1)
v(530	2	13	34	26	1)
v(531	1	31	150	62	0)
v(532	1	16	149	32	2)
v(532	2	16	167	32	2)
v(532	3	4	32	8	3)
v(532	4	10	33	20	3)
v(533	1	20	90	40	4)
v(533	2	8	38	16	2)
v(533	3	9	86	18	3)
v(533	4	13	165	26	3)
v(533	5	24	136	48	4)
v(534	1	18	78	36	3)
v(534	2	31	145	62	3)
v(534	3	2	26	4	3)
v(534	4	23	78	46	3)
v(535	1	30	88	60	1)
v(535	2	15	63	30	1)
v(536	1	21	27	42	0)
v(537	1	7	63	14	0)
v(538	1	23	57	46	1)
v(538	2	29	102	58	1)
v(539	1	9	71	18	0)
v(540	1	20	162	40	1)
v(540	2	29	38	58	1)
v(541	1	21	156	42	0)
v(542	1	31	94	62	2)
v(542	2	8	12	16	2)
v(542	3	31	36	62	2)
v(543	1	7	132	14	2)
v(543	2	7	77	14	2)
v(543	3	1	19	2	2)
v(544	1	11	111	22	0)
v(545	1	32	133	64	1)
v(545	2	13	52	26	1)
v(546	1	30	42	60	2)
v(546	2	12	165	24	2)
v(546	3	30	142	60	2)
v(547	1	10	113	20	1)
v(547	2	3	32	6	1)
v(548	1	3	86	6	2)
v(548	2	30	123	60	2)
v(548	3	27	96	54	2)
v(549	1	7	64	14	4)
v(549	2	20	114	40	3)
v(549	3	28	84	56	4)
v(549	4	31	165	62	3)
v(549	5	13	18	26	4)
v(550	1	7	101	14	1)
v(550	2	13	154	26	1)
v(551	1	21	61	42	2)
v(551	2	27	152	54	2)
v(551	3	7	35	14	2)
v(552	1	8	10	16	2)
v(552	2	26	181	52	3)
v(552	3	31	42	62	3)
v(552	4	30	126	60	2)
v(553	1	29	69	58	0)
v(553	2	15	163	30	0)
v(554	1	19	33	38	0)
v(555	1	15	135	30	4)
v(555	2	17	155	34	4)
v(555	3	31	152	62	4)
v(555	4	9	71	18	4)
v(555	5	11	87	22	4)
v(556	1	28	136	56	4)
v(556	2	9	87	18	4)
v(556	3	5	92	10	4)
v(556	4	16	20	32	4)
v(556	5	16	80	32	4)
v(557	1	30	131	60	0)
v(558	1	3	83	6	1)
v(558	2	11	15	22	1)
v(559	1	10	170	20	3)
v(559	2	24	64	48	3)
v(559	3	3	38	6	3)
v(559	4	28	183	56	3)
v(560	1	32	112	64	0)
v(561	1	2	10	4	0)
v(562	1	11	135	22	2)
v(562	2	20	53	40	2)
v(562	3	16	109	32	2)
v(563	1	1	99	2	0)
v(563	2	30	72	60	0)
v(564	1	20	41	40	2)
v(564	2	2	53	4	2)
v(564	3	26	148	52	3)
v(564	4	14	71	28	3)
v(565	1	26	87	52	1)
v(565	2	17	132	34	1)
v(566	1	25	66	50	1)
v(566	2	19	179	38	1)
v(567	1	19	38	38	3)
v(567	2	2	131	4	3)
v(567	3	28	155	56	3)
v(567	4	27	137	54	3)
v(568	1	27	62	54	0)
v(569	1	30	49	60	0)
v(570	1	4	140	8	1)
v(570	2	6	19	12	1)
v(571	1	28	140	56	3)
v(571	2	13	28	26	3)
v(571	3	31	136	62	3)
v(571	4	19	100	38	3)
v(572	1	2	66	4	0)
v(573	1	23	82	46	0)
v(574	1	5	9	10	1)
v(574	2	17	151	34	1)
v(575	1	23	35	46	3)
v(575	2	25	76	50	3)
v(575	3	4	108	8	3)
v(575	4	28	55	56	3)
v(576	1	5	111	10	1)
v(576	2	5	56	10	1)
v(577	1	11	24	22	3)
v(577	2	12	119	24	3)
v(577	3	1	153	2	4)
v(577	4	23	150	46	4)
v(577	5	14	116	28	4)
v(578	1	30	141	60	3)
v(578	2	10	119	20	3)
v(578	3	15	22	30	3)
v(578	4	17	127	34	3)
v(579	1	20	180	40	3)
v(579	2	8	89	16	2)
v(579	3	16	58	32	2)
v(579	4	24	139	48	3)
v(580	1	16	49	32	0)
v(581	1	7	85	14	0)
v(582	1	28	166	56	1)
v(582	2	23	182	46	1)
v(583	1	10	86	20	4)
v(583	2	1	154	2	4)
v(583	3	10	156	20	3)
v(583	4	24	91	48	4)
v(583	5	21	137	42	3)
v(584	1	11	117	22	2)
v(584	2	29	97	58	2)
v(584	3	20	49	40	2)
v(585	1	17	52	34	4)
v(585	2	28	114	56	4)
v(585	3	29	89	58	4)
v(585	4	30	145	60	4)
v(585	5	26	38	52	4)
v(586	1	16	142	32	4)
v(586	2	18	168	36	4)
v(586	3	7	14	14	4)
v(586	4	2	47	4	3)
v(586	5	8	99	16	3)
v(587	1	28	149	56	0)
v(588	1	16	115	32	4)
v(588	2	4	33	8	4)
v(588	3	18	41	36	4)
v(588	4	11	162	22	4)
v(588	5	21	178	42	4)
v(589	1	3	48	6	4)
v(589	2	28	61	56	4)
v(589	3	27	37	54	4)
v(589	4	13	126	26	4)
v(589	5	13	74	26	4)
v(590	1	23	90	46	0)
v(590	2	20	111	40	0)
v(591	1	21	181	42	0)
v(592	1	31	67	62	1)
v(592	2	2	37	4	1)
v(593	1	8	65	16	3)
v(593	2	18	118	36	3)
v(593	3	15	52	30	4)
v(593	4	29	71	58	4)
v(593	5	19	54	38	4)
v(594	1	27	159	54	0)
v(595	1	7	62	14	3)
v(595	2	1	138	2	3)
v(595	3	14	150	28	3)
v(595	4	24	129	48	3)
v(596	1	27	106	54	0)
v(597	1	17	26	34	2)
v(597	2	31	64	62	2)
v(597	3	17	69	34	2)
v(598	1	11	44	22	4)
v(598	2	2	38	4	4)
v(598	3	22	120	44	4)
v(598	4	19	68	38	4)
v(598	5	10	140	20	4)
v(599	1	15	119	30	3)
v(599	2	26	40	52	3)
v(599	3	32	170	64	3)
v(599	4	2	85	4	3)
v(600	1	26	47	52	0)
v(601	1	20	102	40	4)
v(601	2	14	77	28	4)
v(601	3	9	28	18	4)
v(601	4	3	100	6	4)
v(601	5	3	27	6	4)
v(602	1	12	23	24	4)
v(602	2	29	54	58	3)
v(602	3	15	168	30	4)
v(602	4	10	39	20	4)
v(602	5	2	10	4	3)
v(603	1	17	118	34	0)
v(604	1	11	71	22	3)
v(604	2	29	144	58	3)
v(604	3	3	20	6	3)
v(604	4	15	158	30	3)
v(604	5	23	92	46	2)
v(605	1	26	90	52	3)
v(605	2	27	62	54	3)
v(605	3	30	175	60	3)
v(605	4	23	122	46	3)
v(606	1	14	125	28	2)
v(606	2	28	84	56	2)
v(606	3	26	102	52	2)
v(607	1	27	163	54	1)
v(607	2	17	170	34	1)
v(608	1	31	174	62	4)
v(608	2	27	82	54	3)
v(608	3	23	88	46	4)
v(608	4	31	171	62	4)
v(608	5	2	124	4	3)
v(609	1	11	23	22	4)
v(609	2	9	90	18	3)
v(609	3	23	173	46	4)
v(609	4	32	143	64	4)
v(609	5	18	155	36	3)
v(610	1	30	59	60	0)
v(611	1	2	12	4	1)
v(611	2	31	139	62	1)
v(612	1	24	123	48	2)
v(612	2	10	91	20	3)
v(612	3	10	132	20	2)
v(612	4	27	102	54	3)
v(613	1	21	103	42	3)
v(613	2	29	137	58	3)
v(613	3	32	148	64	3)
v(613	4	1	31	2	3)
v(614	1	25	49	50	4)
v(614	2	27	52	54	4)
v(614	3	23	116	46	4)
v(614	4	2	16	4	4)
v(614	5	18	161	36	4)
v(615	1	20	132	40	3)
v(615	2	10	117	20	3)
v(615	3	12	43	24	3)
v(615	4	15	77	30	3)
v(616	1	4	60	8	2)
v(616	2	12	38	24	2)
v(616	3	17	154	34	2)
v(617	1	12	96	24	3)
v(617	2	25	78	50	3)
v(617	3	7	167	14	3)
v(617	4	29	75	58	3)
v(618	1	31	147	62	2)
v(618	2	32	103	64	2)
v(618	3	32	162	64	2)
v(619	1	24	176	48	2)
v(619	2	10	163	20	2)
v(619	3	13	100	26	2)
v(620	1	10	34	20	2)
v(620	2	12	135	24	2)
v(620	3	24	64	48	2)
v(621	1	31	57	62	0)
v(622	1	17	124	34	4)
v(622	2	7	144	14	4)
v(622	3	18	36	36	4)
v(622	4	21	37	42	4)
v(622	5	18	147	36	4)
v(623	1	25	99	50	0)
v(624	1	8	58	16	4)
v(624	2	25	37	50	4)
v(624	3	25	104	50	4)
v(624	4	20	90	40	4)
v(624	5	15	27	30	4)
v(625	1	27	140	54	3)
v(625	2	11	100	22	3)
v(625	3	25	94	50	3)
v(625	4	14	166	28	3)
v(626	1	5	16	10	3)
v(626	2	4	99	8	3)
v(626	3	18	124	36	3)
v(626	4	27	159	54	3)
v(627	1	26	99	52	4)
v(627	2	7	161	14	4)
v(627	3	4	13	8	4)
v(627	4	29	52	58	4)
v(627	5	3	163	6	4)
v(628	1	24	98	48	0)
v(629	1	30	165	60	1)
v(629	2	22	163	44	1)
v(630	1	24	53	48	3)
v(630	2	27	110	54	4)
v(630	3	5	109	10	3)
v(630	4	5	155	10	4)
v(630	5	2	103	4	4)
v(631	1	26	32	52	2)
v(631	2	31	135	62	2)
v(631	3	10	163	20	2)
v(632	1	32	81	64	2)
v(632	2	16	102	32	2)
v(632	3	3	106	6	2)
v(633	1	3	18	6	0)
v(634	1	26	94	52	2)
v(634	2	32	117	64	2)
v(634	3	15	112	30	2)
v(635	1	7	115	14	1)
v(635	2	7	62	14	1)
v(636	1	22	49	44	0)
v(636	2	29	40	58	0)
v(637	1	28	131	56	3)
v(637	2	6	65	12	3)
v(637	3	27	54	54	3)
v(637	4	8	152	16	3)
v(638	1	26	69	52	0)
v(639	1	13	168	26	2)
v(639	2	11	20	22	2)
v(639	3	31	160	62	2)
v(640	1	20	106	40	0)
v(641	1	26	165	52	3)
v(641	2	26	45	52	3)
v(641	3	22	38	44	3)
v(641	4	2	146	4	3)
v(642	1	25	158	50	3)
v(642	2	5	85	10	3)
v(642	3	13	72	26	3)
v(642	4	12	107	24	3)
v(643	1	6	28	12	1)
v(643	2	22	155	44	1)
v(644	1	24	173	48	3)
v(644	2	3	157	6	3)
v(644	3	9	31	18	3)
v(644	4	15	154	30	3)
v(645	1	6	83	12	0)
v(646	1	25	92	50	3)
v(646	2	22	130	44	2)
v(646	3	29	188	58	1)
v(646	4	30	132	60	2)
v(647	1	8	67	16	2)
v(647	2	16	145	32	2)
v(647	3	3	132	6	2)
v(648	1	16	63	32	3)
v(648	2	14	18	28	3)
v(648	3	3	20	6	4)
v(648	4	4	21	8	4)
v(648	5	20	65	40	4)
v(649	1	29	134	58	1)
v(649	2	31	126	62	1)
v(650	1	19	143	38	0)
v(651	1	6	10	12	4)
v(651	2	25	126	50	4)
v(651	3	6	132	12	4)
v(651	4	25	31	50	4)
v(651	5	16	115	32	4)
v(652	1	30	49	60	1)
v(652	2	4	143	8	1)
v(653	1	27	68	54	0)
v(654	1	6	98	12	2)
v(654	2	13	78	26	4)
v(654	3	16	40	32	4)
v(654	4	8	37	16	3)
v(654	5	12	152	24	3)
v(655	1	10	40	20	1)
v(655	2	26	46	52	1)
v(655	3	3	78	6	0)
v(656	1	20	75	40	2)
v(656	2	18	158	36	2)
v(656	3	7	138	14	2)
v(657	1	5	61	10	3)
v(657	2	18	29	36	3)
v(657	3	1	131	2	3)
v(657	4	31	115	62	3)
v(658	1	20	140	40	0)
v(659	1	22	56	44	3)
v(659	2	13	26	26	4)
v(659	3	29	39	58	3)
v(659	4	31	80	62	4)
v(659	5	12	65	24	4)
v(660	1	8	58	16	4)
v(660	2	18	97	36	4)
v(660	3	2	41	4	3)
v(660	4	7	79	14	4)
v(660	5	4	53	8	3)
v(661	1	30	171	60	2)
v(661	2	21	118	42	2)
v(661	3	16	86	32	2)
v(662	1	29	151	58	3)
v(662	2	26	157	52	3)
v(662	3	1	130	2	3)
v(662	4	8	166	16	3)
v(663	1	8	64	16	3)
v(663	2	16	29	32	3)
v(663	3	12	145	24	3)
v(663	4	26	102	52	3)
v(664	1	31	102	62	0)
v(664	2	5	141	10	0)
v(665	1	24	64	48	1)
v(665	2	21	33	42	1)
v(666	1	1	27	2	3)
v(666	2	11	45	22	3)
v(666	3	25	35	50	3)
v(666	4	4	84	8	3)
v(667	1	32	80	64	3)
v(667	2	19	145	38	2)
v(667	3	18	139	36	2)
v(667	4	1	157	2	3)
v(668	1	13	96	26	3)
v(668	2	32	100	64	2)
v(668	3	19	57	38	2)
v(668	4	5	140	10	3)
v(669	1	12	111	24	3)
v(669	2	30	41	60	3)
v(669	3	5	9	10	3)
v(669	4	17	173	34	3)
v(670	1	32	95	64	1)
v(670	2	32	86	64	1)
v(671	1	13	125	26	1)
v(671	2	15	137	30	1)
v(672	1	3	35	6	2)
v(672	2	28	59	56	3)
v(672	3	27	42	54	3)
v(672	4	1	78	2	2)
v(673	1	19	74	38	0)
v(674	1	28	142	56	3)
v(674	2	12	169	24	2)
v(674	3	9	54	18	3)
v(674	4	17	172	34	2)
v(675	1	8	32	16	3)
v(675	2	19	173	38	3)
v(675	3	30	157	60	3)
v(675	4	12	114	24	3)
v(676	1	26	113	52	1)
v(676	2	18	82	36	1)
v(677	1	10	85	20	0)
v(677	2	17	123	34	0)
v(678	1	29	33	58	1)
v(678	2	15	20	30	1)
v(679	1	15	34	30	1)
v(679	2	30	43	60	1)
v(680	1	8	82	16	3)
v(680	2	21	33	42	2)
v(680	3	11	148	22	3)
v(680	4	27	46	54	2)
v(681	1	21	46	42	1)
v(681	2	13	79	26	1)
v(682	1	24	110	48	1)
v(682	2	29	189	58	1)
v(683	1	12	81	24	0)
v(684	1	14	43	28	4)
v(684	2	18	163	36	4)
v(684	3	6	139	12	4)
v(684	4	13	136	26	3)
v(684	5	31	87	62	3)
v(685	1	5	48	10	3)
v(685	2	30	134	60	3)
v(685	3	26	71	52	3)
v(685	4	4	164	8	3)
v(686	1	22	140	44	4)
v(686	2	10	74	20	4)
v(686	3	4	153	8	4)
v(686	4	19	25	38	4)
v(686	5	2	126	4	4)
v(687	1	9	23	18	3)
v(687	2	21	121	42	2)
v(687	3	15	111	30	3)
v(687	4	16	89	32	2)
v(688	1	7	81	14	2)
v(688	2	30	135	60	1)
v(688	3	4	91	8	1)
v(689	1	27	62	54	0)
v(690	1	28	69	56	2)
v(690	2	20	141	40	2)
v(690	3	32	37	64	2)
v(691	1	32	72	64	4)
v(691	2	12	135	24	4)
v(691	3	27	71	54	4)
v(691	4	32	138	64	4)
v(691	5	2	67	4	4)
v(692	1	30	126	60	1)
v(692	2	20	107	40	1)
v(693	1	7	70	14	1)
v(693	2	26	172	52	1)
v(694	1	31	156	62	1)
v(694	2	29	129	58	1)
v(695	1	10	127	20	4)
v(695	2	8	161	16	3)
v(695	3	20	97	40	4)
v(695	4	29	90	58	3)
v(695	5	3	133	6	4)
v(696	1	7	43	14	1)
v(696	2	14	153	28	1)
v(697	1	17	162	34	4)
v(697	2	18	167	36	3)
v(697	3	15	136	30	4)
v(697	4	23	123	46	3)
v(697	5	29	70	58	4)
v(698	1	9	55	18	1)
v(698	2	4	66	8	1)
v(699	1	29	123	58	2)
v(699	2	4	50	8	2)
v(699	3	14	81	28	2)
v(700	1	16	105	32	3)
v(700	2	25	108	50	4)
v(700	3	28	39	56	4)
v(700	4	13	121	26	4)
v(700	5	14	106	28	3)
e(1	1	2	80)
e(1	1	3	100)
e(1	2	3	20)
e(1	1	4	120)
e(1	2	4	70)
e(1	3	4	150)
e(2	1	2	70)
e(2	1	3	20)
e(2	2	3	160)
e(2	1	4	40)
e(2	2	4	80)
e(2	3	4	40)
e(2	1	5	120)
e(2	2	5	90)
e(2	4	5	140)
e(3	1	2	10)
e(3	1	3	100)
e(3	2	3	40)
e(3	1	4	160)
e(3	2	4	90)
e(3	3	4	30)
e(5	1	2	120)
e(6	1	2	110)
e(6	1	3	10)
e(6	2	3	70)
e(6	1	4	140)
e(6	2	4	90)
e(6	3	4	40)
e(6	1	5	20)
e(6	2	5	10)
e(6	4	5	50)
e(7	1	3	40)
e(7	2	3	150)
e(7	1	4	140)
e(7	2	4	130)
e(11	1	2	60)
e(11	1	3	110)
e(11	2	3	50)
e(12	1	3	130)
e(12	2	3	140)
e(14	1	2	20)
e(14	1	3	130)
e(14	2	3	70)
e(14	1	4	130)
e(14	2	4	20)
e(14	3	4	160)
e(14	1	5	140)
e(14	2	5	10)
e(14	3	5	150)
e(14	4	5	80)
e(15	1	2	130)
e(15	2	3	90)
e(15	1	4	130)
e(15	2	4	140)
e(15	3	4	130)
e(15	1	5	60)
e(15	2	5	50)
e(15	3	5	90)
e(15	4	5	80)
e(16	1	2	70)
e(16	1	3	10)
e(16	2	3	70)
e(17	1	2	60)
e(17	1	3	90)
e(17	2	3	20)
e(19	1	2	110)
e(19	1	3	130)
e(19	2	3	150)
e(19	1	4	100)
e(19	2	4	30)
e(19	3	4	110)
e(19	1	5	100)
e(19	2	5	40)
e(19	3	5	30)
e(19	4	5	100)
e(20	1	2	10)
e(20	1	3	40)
e(20	2	3	120)
e(20	1	4	90)
e(20	2	4	80)
e(20	3	4	150)
e(21	1	2	110)
e(21	1	3	70)
e(21	2	3	110)
e(21	1	4	70)
e(21	2	4	160)
e(21	3	4	70)
e(22	1	3	150)
e(22	2	3	120)
e(23	1	2	40)
e(23	1	3	120)
e(23	2	3	50)
e(23	1	4	60)
e(23	2	4	120)
e(23	3	4	70)
e(23	1	5	150)
e(23	2	5	80)
e(23	3	5	80)
e(23	4	5	90)
e(24	1	2	20)
e(24	1	3	70)
e(24	2	3	120)
e(25	1	2	30)
e(25	1	3	40)
e(25	2	3	70)
e(26	1	3	60)
e(26	2	3	110)
e(26	1	4	50)
e(26	3	4	70)
e(27	1	2	140)
e(27	1	3	90)
e(27	2	3	110)
e(28	1	2	50)
e(28	1	3	80)
e(28	2	3	60)
e(28	1	4	150)
e(28	1	5	10)
e(28	2	5	20)
e(28	3	5	60)
e(28	4	5	130)
e(29	1	2	110)
e(29	1	3	160)
e(29	2	3	160)
e(29	1	4	90)
e(29	2	4	110)
e(29	3	4	80)
e(29	1	5	110)
e(29	4	5	20)
e(30	1	2	110)
e(30	1	3	120)
e(30	2	3	70)
e(30	1	4	140)
e(30	2	4	40)
e(30	3	4	90)
e(33	1	2	140)
e(34	1	2	160)
e(34	1	3	140)
e(34	2	3	120)
e(35	1	2	150)
e(35	1	3	60)
e(35	2	3	30)
e(36	1	2	50)
e(36	1	3	150)
e(36	2	3	160)
e(37	1	2	50)
e(39	1	2	20)
e(39	1	3	60)
e(39	2	3	150)
e(39	1	4	160)
e(39	2	4	100)
e(39	3	4	160)
e(39	1	5	130)
e(39	2	5	80)
e(39	3	5	150)
e(39	4	5	80)
e(40	1	2	90)
e(40	1	3	40)
e(40	2	3	20)
e(42	1	2	20)
e(44	1	3	150)
e(44	2	3	40)
e(45	1	2	90)
e(46	1	2	100)
e(46	1	3	60)
e(46	2	3	130)
e(47	1	2	130)
e(47	1	3	40)
e(47	2	3	140)
e(47	1	4	120)
e(47	2	4	90)
e(47	3	4	10)
e(48	1	2	20)
e(48	1	3	120)
e(48	2	3	150)
e(48	1	4	40)
e(48	2	4	130)
e(48	3	4	10)
e(50	1	2	100)
e(50	1	3	110)
e(51	1	2	160)
e(51	1	3	110)
e(51	2	3	140)
e(51	1	4	50)
e(51	2	4	40)
e(51	3	4	50)
e(52	1	2	50)
e(54	1	3	160)
e(54	2	3	10)
e(54	1	4	80)
e(54	2	4	80)
e(54	3	4	130)
e(54	1	5	150)
e(54	2	5	60)
e(54	3	5	120)
e(54	4	5	150)
e(55	1	2	90)
e(55	1	3	150)
e(55	2	3	10)
e(55	1	4	140)
e(55	2	4	90)
e(55	3	4	50)
e(56	1	2	110)
e(56	1	3	70)
e(56	2	3	150)
e(57	1	2	90)
e(57	1	3	120)
e(57	2	3	20)
e(57	1	4	90)
e(57	2	4	30)
e(57	3	4	120)
e(57	1	5	120)
e(57	2	5	80)
e(57	3	5	40)
e(57	4	5	160)
e(58	1	2	30)
e(58	1	3	40)
e(58	2	3	40)
e(58	1	4	160)
e(58	2	4	150)
e(58	3	4	140)
e(58	1	5	60)
e(58	2	5	40)
e(58	4	5	80)
e(59	1	2	150)
e(59	1	3	10)
e(59	2	3	50)
e(59	1	4	40)
e(59	2	4	100)
e(59	3	4	140)
e(59	1	5	160)
e(59	2	5	140)
e(59	3	5	130)
e(59	4	5	160)
e(60	1	2	60)
e(62	1	2	70)
e(62	1	3	70)
e(62	2	3	150)
e(62	1	4	30)
e(62	2	4	150)
e(62	3	4	100)
e(62	1	5	130)
e(62	2	5	10)
e(62	3	5	70)
e(62	4	5	40)
e(63	1	2	130)
e(63	1	3	80)
e(63	2	3	50)
e(63	1	4	20)
e(63	2	4	130)
e(63	3	4	40)
e(64	1	2	120)
e(65	1	2	160)
e(66	1	2	20)
e(66	1	3	120)
e(66	2	3	50)
e(66	1	4	130)
e(66	2	4	130)
e(66	3	4	70)
e(66	1	5	140)
e(66	2	5	70)
e(66	3	5	120)
e(66	4	5	60)
e(67	1	2	50)
e(67	1	3	90)
e(67	2	3	90)
e(67	1	4	130)
e(67	2	4	70)
e(67	3	4	30)
e(68	1	2	60)
e(68	1	3	60)
e(68	2	3	90)
e(69	1	2	90)
e(69	1	3	140)
e(69	2	3	110)
e(70	1	2	70)
e(70	1	3	30)
e(70	2	3	50)
e(71	1	2	120)
e(73	1	2	10)
e(73	1	3	80)
e(73	2	3	160)
e(74	1	2	70)
e(74	1	3	20)
e(74	2	3	40)
e(74	1	4	70)
e(74	2	4	60)
e(74	3	4	50)
e(75	1	2	40)
e(76	1	2	150)
e(76	1	3	40)
e(76	2	3	90)
e(76	1	4	50)
e(76	2	4	120)
e(76	3	4	150)
e(78	1	2	40)
e(78	1	3	150)
e(78	2	3	110)
e(78	1	4	70)
e(78	2	4	10)
e(78	3	4	100)
e(79	1	2	130)
e(79	1	3	30)
e(79	2	3	40)
e(79	1	4	110)
e(79	2	4	140)
e(79	3	4	120)
e(81	1	2	80)
e(82	1	2	70)
e(83	1	2	130)
e(83	1	3	140)
e(83	2	3	130)
e(83	1	4	70)
e(83	2	4	160)
e(83	3	4	150)
e(83	1	5	90)
e(83	2	5	80)
e(83	3	5	150)
e(83	4	5	130)
e(84	1	2	80)
e(85	1	2	140)
e(85	1	3	160)
e(85	2	3	20)
e(85	1	4	150)
e(85	2	4	140)
e(85	3	4	160)
e(87	1	2	140)
e(87	1	3	60)
e(87	2	3	90)
e(87	1	4	60)
e(87	2	4	40)
e(87	3	4	90)
e(89	1	2	110)
e(89	1	3	20)
e(89	2	3	70)
e(89	1	4	40)
e(89	2	4	120)
e(89	3	4	130)
e(89	1	5	150)
e(89	2	5	130)
e(89	3	5	40)
e(89	4	5	50)
e(91	1	2	70)
e(92	1	2	10)
e(92	1	3	120)
e(92	2	3	10)
e(93	1	2	90)
e(93	1	3	150)
e(94	1	2	120)
e(94	1	3	30)
e(94	2	3	60)
e(94	1	4	40)
e(94	2	4	150)
e(94	3	4	100)
e(95	1	2	150)
e(95	1	3	40)
e(95	2	3	160)
e(95	1	4	100)
e(95	2	4	50)
e(95	3	4	120)
e(97	1	2	30)
e(97	1	3	110)
e(97	2	3	90)
e(98	1	2	30)
e(98	1	3	60)
e(98	2	3	30)
e(98	1	4	20)
e(98	2	4	140)
e(98	3	4	30)
e(98	1	5	150)
e(98	2	5	140)
e(98	3	5	40)
e(98	4	5	70)
e(99	1	2	40)
e(99	1	3	160)
e(99	2	3	20)
e(101	1	2	120)
e(101	1	3	20)
e(101	2	3	150)
e(102	1	2	100)
e(102	1	3	60)
e(102	2	3	80)
e(102	1	4	100)
e(102	2	4	90)
e(102	3	4	100)
e(102	1	5	150)
e(102	2	5	80)
e(102	3	5	30)
e(103	1	2	60)
e(103	1	3	130)
e(103	2	3	110)
e(103	1	4	10)
e(103	2	4	90)
e(103	3	4	100)
e(105	1	2	130)
e(106	1	2	70)
e(106	1	3	80)
e(106	2	3	20)
e(107	1	2	80)
e(107	1	3	150)
e(107	1	4	30)
e(107	2	4	90)
e(107	3	4	90)
e(108	1	2	70)
e(108	1	3	80)
e(108	2	3	30)
e(108	1	4	30)
e(108	2	4	120)
e(108	3	4	20)
e(108	1	5	110)
e(108	2	5	120)
e(108	3	5	140)
e(108	4	5	30)
e(109	1	2	40)
e(109	2	3	160)
e(109	1	4	70)
e(109	2	4	140)
e(109	3	4	110)
e(109	1	5	120)
e(109	2	5	50)
e(109	3	5	140)
e(110	1	2	80)
e(110	1	3	140)
e(110	2	3	150)
e(114	1	2	20)
e(114	1	3	50)
e(114	2	3	140)
e(115	1	2	90)
e(115	1	3	60)
e(115	2	3	50)
e(115	1	4	60)
e(115	2	4	110)
e(115	3	4	60)
e(116	1	2	110)
e(116	1	3	100)
e(116	2	3	10)
e(116	1	4	130)
e(116	2	4	70)
e(116	3	4	30)
e(116	1	5	150)
e(116	2	5	90)
e(116	3	5	90)
e(116	4	5	30)
e(117	1	2	50)
e(117	1	3	10)
e(117	2	3	110)
e(117	1	4	80)
e(117	3	4	70)
e(119	1	2	110)
e(119	1	3	160)
e(119	2	3	50)
e(120	1	2	130)
e(121	1	2	50)
e(121	1	3	50)
e(121	2	3	100)
e(122	1	2	160)
e(122	1	3	150)
e(122	2	3	150)
e(123	1	2	50)
e(123	1	3	40)
e(123	2	3	40)
e(124	1	2	60)
e(126	1	2	130)
e(126	1	3	110)
e(126	2	3	120)
e(126	1	4	50)
e(126	2	4	50)
e(126	3	4	40)
e(126	2	5	110)
e(126	3	5	90)
e(126	4	5	40)
e(127	1	2	120)
e(127	1	3	90)
e(127	2	3	30)
e(128	1	2	70)
e(128	2	3	60)
e(129	1	2	120)
e(129	1	3	50)
e(129	2	3	160)
e(129	1	4	10)
e(129	2	4	10)
e(129	3	4	10)
e(130	1	2	130)
e(130	1	3	110)
e(131	1	2	120)
e(132	1	2	20)
e(133	1	2	10)
e(133	1	3	10)
e(133	2	3	100)
e(135	1	2	160)
e(135	1	3	30)
e(135	2	3	80)
e(135	1	4	60)
e(135	2	4	90)
e(135	3	4	20)
e(136	1	2	110)
e(136	1	3	150)
e(136	2	3	20)
e(137	1	2	110)
e(137	1	3	80)
e(137	2	3	100)
e(139	1	2	120)
e(139	1	3	60)
e(139	2	3	50)
e(140	1	2	40)
e(140	1	3	30)
e(140	2	3	120)
e(140	1	4	10)
e(140	2	4	10)
e(140	3	4	140)
e(141	1	2	20)
e(141	1	3	160)
e(141	2	3	10)
e(141	1	4	110)
e(141	3	4	30)
e(141	1	5	110)
e(141	2	5	50)
e(141	4	5	20)
e(142	1	2	110)
e(143	1	2	140)
e(143	1	3	130)
e(143	2	3	120)
e(143	1	4	160)
e(143	2	4	160)
e(143	3	4	30)
e(144	1	2	160)
e(144	1	3	110)
e(144	2	3	160)
e(145	1	2	20)
e(145	1	3	160)
e(145	2	3	30)
e(146	1	2	50)
e(146	1	3	150)
e(147	1	2	130)
e(147	1	3	20)
e(147	2	3	50)
e(147	1	4	110)
e(147	2	4	140)
e(147	3	4	20)
e(147	1	5	30)
e(147	2	5	20)
e(147	3	5	50)
e(147	4	5	60)
e(150	1	2	60)
e(150	1	3	110)
e(150	2	3	100)
e(151	1	2	80)
e(151	1	3	50)
e(151	2	3	160)
e(151	1	4	30)
e(151	2	4	150)
e(151	3	4	120)
e(151	1	5	120)
e(151	2	5	40)
e(151	3	5	120)
e(152	1	2	80)
e(152	2	3	60)
e(153	1	2	10)
e(153	1	3	110)
e(153	2	3	130)
e(153	1	4	140)
e(153	2	4	130)
e(153	3	4	60)
e(153	2	5	120)
e(153	3	5	40)
e(153	4	5	10)
e(154	1	2	30)
e(154	2	3	140)
e(154	1	4	160)
e(154	2	4	150)
e(154	3	4	160)
e(155	1	2	30)
e(156	1	2	90)
e(156	1	3	160)
e(156	2	3	40)
e(156	1	4	80)
e(156	2	4	50)
e(156	3	4	40)
e(157	1	2	10)
e(157	1	3	120)
e(157	2	3	140)
e(157	1	4	110)
e(157	2	4	50)
e(157	3	4	150)
e(158	1	2	70)
e(158	1	3	160)
e(158	2	3	30)
e(158	1	4	120)
e(158	2	4	90)
e(158	3	4	30)
e(158	1	5	50)
e(158	2	5	20)
e(158	3	5	20)
e(158	4	5	60)
e(160	1	2	160)
e(161	1	2	140)
e(162	1	2	120)
e(162	1	3	60)
e(162	2	3	120)
e(162	1	4	60)
e(162	3	4	70)
e(162	1	5	100)
e(162	2	5	110)
e(162	3	5	30)
e(162	4	5	150)
e(163	1	2	80)
e(164	1	2	100)
e(164	1	3	130)
e(164	2	3	90)
e(165	1	2	80)
e(166	1	2	160)
e(166	1	3	100)
e(166	2	3	70)
e(166	1	4	110)
e(166	2	4	140)
e(166	3	4	40)
e(167	1	2	130)
e(167	1	3	130)
e(167	2	3	140)
e(167	1	4	120)
e(167	2	4	80)
e(167	3	4	140)
e(167	1	5	110)
e(167	2	5	70)
e(167	3	5	80)
e(167	4	5	130)
e(168	1	3	20)
e(168	2	3	140)
e(168	1	4	160)
e(168	2	4	130)
e(168	3	4	110)
e(170	1	2	90)
e(170	1	3	40)
e(170	2	3	50)
e(170	1	4	90)
e(170	2	4	20)
e(170	3	4	120)
e(170	1	5	50)
e(170	2	5	110)
e(170	3	5	100)
e(170	4	5	60)
e(171	1	2	70)
e(172	1	2	90)
e(172	1	3	160)
e(172	2	3	130)
e(172	1	4	50)
e(172	2	4	70)
e(172	3	4	90)
e(172	1	5	100)
e(172	2	5	120)
e(172	3	5	120)
e(172	4	5	140)
e(176	1	2	150)
e(176	1	3	150)
e(176	2	3	100)
e(176	1	4	80)
e(176	2	4	110)
e(176	3	4	90)
e(176	1	5	110)
e(176	3	5	120)
e(176	4	5	100)
e(177	1	2	100)
e(177	1	3	110)
e(177	2	3	30)
e(177	1	4	20)
e(177	2	4	20)
e(177	3	4	10)
e(177	1	5	60)
e(177	2	5	60)
e(177	3	5	140)
e(178	1	2	10)
e(179	1	2	110)
e(180	1	2	10)
e(180	1	3	120)
e(180	2	3	120)
e(181	1	2	130)
e(181	1	3	80)
e(181	2	3	160)
e(181	1	4	20)
e(181	2	4	40)
e(181	3	4	160)
e(181	1	5	130)
e(181	2	5	150)
e(181	3	5	100)
e(181	4	5	150)
e(182	1	2	30)
e(182	1	3	100)
e(182	2	3	60)
e(183	1	2	90)
e(183	1	3	20)
e(183	2	3	100)
e(183	2	4	90)
e(183	3	4	150)
e(183	1	5	130)
e(183	2	5	40)
e(183	3	5	60)
e(183	4	5	70)
e(184	1	2	30)
e(184	1	3	20)
e(184	2	3	100)
e(184	1	4	70)
e(184	2	4	110)
e(184	3	4	150)
e(184	1	5	10)
e(184	2	5	60)
e(184	3	5	10)
e(184	4	5	20)
e(185	1	2	30)
e(185	1	3	90)
e(185	2	3	150)
e(186	1	2	90)
e(186	1	3	20)
e(186	2	3	40)
e(186	1	4	40)
e(186	2	4	130)
e(186	3	4	100)
e(186	1	5	110)
e(186	2	5	120)
e(186	3	5	40)
e(186	4	5	60)
e(187	1	2	20)
e(191	1	2	120)
e(191	1	3	140)
e(191	2	3	140)
e(191	2	4	20)
e(191	3	4	100)
e(193	1	2	140)
e(194	1	2	160)
e(194	1	3	10)
e(194	2	3	160)
e(195	1	2	10)
e(195	2	3	20)
e(195	1	4	130)
e(195	2	4	140)
e(195	3	4	10)
e(195	1	5	40)
e(195	2	5	120)
e(195	4	5	110)
e(198	1	2	130)
e(198	1	3	10)
e(198	2	3	80)
e(200	1	2	140)
e(200	1	3	30)
e(200	2	3	100)
e(200	1	4	60)
e(200	2	4	80)
e(200	3	4	130)
e(200	1	5	90)
e(200	2	5	130)
e(200	3	5	110)
e(200	4	5	30)
e(201	1	2	90)
e(203	1	2	90)
e(203	1	3	20)
e(203	2	3	40)
e(203	1	4	70)
e(203	2	4	120)
e(203	3	4	120)
e(203	1	5	40)
e(203	2	5	20)
e(203	3	5	10)
e(203	4	5	10)
e(204	1	3	140)
e(204	2	3	120)
e(204	3	4	160)
e(205	1	2	90)
e(207	1	2	160)
e(207	1	3	10)
e(207	2	3	150)
e(207	1	4	110)
e(207	2	4	100)
e(207	3	4	160)
e(207	1	5	40)
e(207	2	5	160)
e(207	3	5	100)
e(207	4	5	110)
e(208	1	2	140)
e(208	1	3	50)
e(208	2	3	20)
e(208	1	4	40)
e(208	2	4	150)
e(208	3	4	100)
e(209	1	2	120)
e(210	1	2	60)
e(210	1	3	100)
e(210	2	3	130)
e(211	1	2	120)
e(212	1	2	10)
e(212	1	3	20)
e(212	2	3	120)
e(212	1	4	140)
e(212	2	4	30)
e(212	3	4	70)
e(212	1	5	20)
e(212	2	5	40)
e(212	3	5	60)
e(212	4	5	130)
e(213	1	2	40)
e(215	1	2	90)
e(217	1	2	70)
e(217	1	3	100)
e(217	2	3	160)
e(217	2	4	130)
e(217	3	4	110)
e(218	1	2	70)
e(219	1	2	80)
e(219	1	3	70)
e(219	2	3	90)
e(220	1	2	140)
e(220	1	3	10)
e(220	2	3	20)
e(221	1	2	50)
e(221	1	3	20)
e(221	2	3	110)
e(222	1	2	130)
e(222	1	3	120)
e(222	2	3	160)
e(222	1	4	90)
e(222	2	4	160)
e(222	3	4	50)
e(222	1	5	110)
e(222	2	5	80)
e(222	3	5	110)
e(222	4	5	80)
e(223	1	2	120)
e(223	1	3	130)
e(223	2	3	90)
e(223	1	4	70)
e(223	2	4	110)
e(223	3	4	70)
e(226	1	2	40)
e(226	1	3	100)
e(226	2	4	150)
e(226	3	4	140)
e(226	1	5	100)
e(226	2	5	30)
e(226	3	5	120)
e(226	4	5	110)
e(227	1	2	110)
e(227	1	3	60)
e(227	2	3	150)
e(230	1	2	70)
e(232	1	2	40)
e(232	1	3	50)
e(232	2	3	120)
e(232	1	4	30)
e(232	2	4	160)
e(232	3	4	80)
e(232	2	5	110)
e(232	3	5	80)
e(232	4	5	10)
e(233	1	2	120)
e(233	1	3	80)
e(233	2	3	50)
e(234	1	2	40)
e(234	1	3	90)
e(234	2	3	130)
e(234	1	4	70)
e(234	2	4	80)
e(234	3	4	100)
e(234	1	5	130)
e(234	3	5	40)
e(234	4	5	10)
e(235	1	2	120)
e(235	1	3	30)
e(235	2	3	140)
e(237	1	2	20)
e(237	1	3	140)
e(237	2	3	50)
e(237	1	4	70)
e(237	2	4	60)
e(237	3	4	80)
e(238	1	2	100)
e(238	1	3	140)
e(238	2	3	80)
e(238	1	4	140)
e(238	2	4	130)
e(238	3	4	80)
e(240	1	2	10)
e(240	1	3	70)
e(240	2	3	20)
e(240	1	4	30)
e(240	2	4	10)
e(240	3	4	20)
e(240	1	5	10)
e(240	2	5	20)
e(240	3	5	20)
e(240	4	5	110)
e(242	1	2	40)
e(243	1	2	130)
e(243	1	3	30)
e(243	2	3	110)
e(243	1	4	110)
e(243	2	4	20)
e(243	3	4	150)
e(243	1	5	50)
e(243	2	5	40)
e(243	3	5	100)
e(243	4	5	80)
e(244	1	2	100)
e(244	1	3	30)
e(244	2	3	20)
e(244	1	4	100)
e(244	2	4	20)
e(244	3	4	10)
e(245	1	2	130)
e(245	1	3	10)
e(245	2	3	140)
e(245	1	4	120)
e(245	2	4	120)
e(245	3	4	90)
e(246	1	2	140)
e(246	1	3	50)
e(246	2	3	140)
e(247	1	2	130)
e(248	1	2	160)
e(248	1	3	80)
e(248	2	3	10)
e(249	1	3	140)
e(249	2	3	40)
e(250	1	2	140)
e(250	1	3	130)
e(250	2	3	160)
e(250	1	4	160)
e(250	2	4	150)
e(250	3	4	70)
e(250	1	5	20)
e(250	2	5	120)
e(250	3	5	10)
e(250	4	5	10)
e(251	1	2	80)
e(252	1	2	120)
e(252	1	3	20)
e(252	2	3	80)
e(252	1	4	90)
e(252	2	4	20)
e(252	3	4	20)
e(253	1	2	30)
e(253	1	3	90)
e(253	2	3	110)
e(253	1	4	30)
e(253	2	4	120)
e(253	3	4	50)
e(254	1	2	150)
e(254	1	3	130)
e(254	2	3	30)
e(254	1	4	120)
e(254	2	4	20)
e(255	1	2	80)
e(255	1	3	70)
e(255	2	3	60)
e(255	1	4	30)
e(255	2	4	60)
e(255	3	4	90)
e(255	1	5	10)
e(255	2	5	120)
e(255	3	5	110)
e(255	4	5	30)
e(256	1	2	50)
e(256	1	3	90)
e(256	2	3	130)
e(256	1	4	60)
e(256	2	4	150)
e(259	1	2	90)
e(260	1	2	40)
e(261	1	2	140)
e(261	1	3	140)
e(261	2	3	60)
e(261	1	4	20)
e(261	2	4	20)
e(261	3	4	50)
e(262	1	2	60)
e(262	1	3	80)
e(262	2	3	130)
e(262	2	4	150)
e(262	1	5	160)
e(262	2	5	140)
e(262	3	5	30)
e(262	4	5	20)
e(264	1	2	50)
e(264	1	3	140)
e(264	2	3	30)
e(265	1	2	120)
e(265	1	3	30)
e(265	2	3	140)
e(265	1	4	150)
e(265	2	4	50)
e(265	3	4	140)
e(265	1	5	160)
e(265	2	5	110)
e(265	3	5	50)
e(265	4	5	40)
e(266	1	2	140)
e(266	1	3	60)
e(266	2	3	160)
e(266	1	4	140)
e(266	2	4	120)
e(266	3	4	160)
e(266	1	5	40)
e(266	2	5	140)
e(266	3	5	110)
e(266	4	5	60)
e(267	1	2	70)
e(267	1	3	20)
e(267	2	3	60)
e(267	1	4	40)
e(267	2	4	120)
e(267	3	4	110)
e(267	1	5	30)
e(267	2	5	20)
e(267	3	5	160)
e(267	4	5	100)
e(268	1	2	120)
e(268	1	3	70)
e(268	2	3	150)
e(268	1	4	40)
e(268	2	4	20)
e(268	3	4	110)
e(269	1	2	140)
e(270	1	2	20)
e(270	1	3	60)
e(270	2	3	140)
e(270	1	4	50)
e(270	2	4	150)
e(270	3	4	150)
e(270	1	5	30)
e(270	2	5	50)
e(270	3	5	40)
e(270	4	5	150)
e(271	1	2	140)
e(271	1	3	160)
e(271	2	3	10)
e(271	1	4	160)
e(271	2	4	30)
e(271	3	4	70)
e(271	1	5	20)
e(271	2	5	80)
e(271	3	5	90)
e(271	4	5	160)
e(273	1	2	90)
e(273	1	3	150)
e(273	2	3	90)
e(273	1	4	140)
e(273	2	4	20)
e(273	3	4	50)
e(273	1	5	120)
e(273	2	5	70)
e(273	3	5	160)
e(273	4	5	140)
e(275	1	2	10)
e(275	1	3	40)
e(275	2	3	150)
e(275	1	4	30)
e(275	3	4	130)
e(275	1	5	120)
e(275	2	5	10)
e(275	3	5	10)
e(275	4	5	110)
e(276	1	2	50)
e(276	1	3	150)
e(276	2	3	20)
e(276	1	4	70)
e(276	2	4	110)
e(276	3	4	60)
e(276	1	5	30)
e(276	2	5	10)
e(276	3	5	110)
e(276	4	5	110)
e(278	1	3	120)
e(278	2	3	140)
e(280	1	2	100)
e(280	1	3	150)
e(280	2	3	90)
e(280	1	4	60)
e(280	2	4	60)
e(280	3	4	80)
e(281	1	2	80)
e(281	1	3	120)
e(281	2	3	90)
e(283	1	2	30)
e(283	1	3	150)
e(283	2	3	120)
e(283	1	4	70)
e(283	2	4	10)
e(283	3	4	70)
e(284	1	2	140)
e(284	1	3	120)
e(284	2	3	70)
e(284	1	4	120)
e(284	3	4	130)
e(284	1	5	100)
e(284	2	5	60)
e(284	3	5	130)
e(284	4	5	30)
e(286	1	2	20)
e(286	1	3	110)
e(286	2	3	50)
e(288	1	2	130)
e(288	1	3	70)
e(288	2	3	120)
e(289	1	2	160)
e(289	1	3	110)
e(289	2	3	90)
e(290	1	2	40)
e(290	1	3	30)
e(290	2	3	110)
e(290	1	4	10)
e(290	2	4	10)
e(290	3	4	160)
e(290	2	5	110)
e(290	4	5	70)
e(291	1	3	10)
e(291	2	3	100)
e(291	1	4	110)
e(291	2	4	20)
e(291	3	4	20)
e(292	1	2	70)
e(293	1	2	10)
e(293	1	3	60)
e(293	2	3	10)
e(293	1	4	30)
e(293	2	4	100)
e(296	1	2	120)
e(297	1	2	20)
e(298	1	2	30)
e(298	1	3	150)
e(298	2	3	50)
e(298	1	4	110)
e(298	2	4	60)
e(298	3	4	110)
e(299	1	2	160)
e(299	1	3	160)
e(299	2	3	30)
e(299	1	4	80)
e(299	3	4	100)
e(302	1	2	80)
e(302	1	3	50)
e(302	2	3	110)
e(302	1	4	20)
e(302	2	4	20)
e(302	3	4	20)
e(304	1	2	80)
e(305	1	2	100)
e(305	1	3	90)
e(305	2	3	50)
e(305	2	4	50)
e(305	3	4	20)
e(306	1	2	10)
e(306	1	3	130)
e(306	2	3	140)
e(306	2	4	30)
e(306	3	4	100)
e(307	1	2	40)
e(307	1	3	60)
e(307	2	3	100)
e(309	1	2	90)
e(309	1	3	150)
e(309	2	3	50)
e(310	1	2	150)
e(310	1	3	50)
e(310	2	3	120)
e(311	1	2	40)
e(311	1	3	40)
e(311	2	3	150)
e(311	1	4	20)
e(311	2	4	160)
e(311	3	4	110)
e(312	1	2	50)
e(312	1	3	140)
e(312	2	3	60)
e(312	1	4	70)
e(312	2	4	40)
e(312	3	4	140)
e(312	1	5	80)
e(312	2	5	50)
e(312	3	5	150)
e(312	4	5	130)
e(315	1	2	20)
e(316	1	2	10)
e(317	1	2	10)
e(317	1	3	70)
e(317	2	3	40)
e(317	2	4	70)
e(317	3	4	140)
e(317	2	5	20)
e(317	3	5	100)
e(317	4	5	30)
e(318	1	2	140)
e(321	1	2	50)
e(323	1	2	140)
e(323	1	3	100)
e(323	2	3	70)
e(323	1	4	60)
e(323	2	4	50)
e(323	3	4	150)
e(323	1	5	100)
e(323	2	5	80)
e(323	3	5	90)
e(323	4	5	150)
e(324	1	2	110)
e(325	1	2	140)
e(326	1	2	120)
e(326	1	3	30)
e(326	2	3	140)
e(326	1	4	10)
e(326	2	4	80)
e(326	3	4	150)
e(327	1	2	110)
e(327	1	3	100)
e(327	2	3	110)
e(327	1	4	60)
e(327	2	4	100)
e(327	3	4	100)
e(328	1	2	90)
e(328	1	3	40)
e(328	2	3	140)
e(328	1	4	150)
e(328	2	4	100)
e(328	3	4	20)
e(328	1	5	50)
e(328	2	5	90)
e(328	3	5	110)
e(328	4	5	10)
e(329	1	2	110)
e(329	1	3	60)
e(329	2	3	20)
e(329	1	4	110)
e(329	2	4	160)
e(329	3	4	50)
e(331	1	2	90)
e(331	1	3	70)
e(331	2	3	110)
e(331	1	4	140)
e(331	2	4	20)
e(331	3	4	130)
e(331	1	5	60)
e(331	2	5	100)
e(331	3	5	60)
e(332	1	2	10)
e(335	1	2	100)
e(335	1	3	20)
e(335	2	3	90)
e(337	1	2	90)
e(337	1	3	100)
e(337	2	3	80)
e(338	1	2	160)
e(339	1	2	70)
e(340	1	2	100)
e(340	1	3	110)
e(340	2	3	40)
e(340	2	4	140)
e(340	3	4	40)
e(341	1	3	150)
e(341	2	3	70)
e(341	1	4	70)
e(341	2	4	20)
e(341	3	4	150)
e(342	1	2	80)
e(342	1	3	110)
e(342	2	3	50)
e(342	1	4	50)
e(342	2	4	150)
e(342	3	4	100)
e(342	1	5	60)
e(342	2	5	10)
e(342	4	5	70)
e(343	1	2	90)
e(343	1	3	30)
e(343	2	3	110)
e(343	1	4	90)
e(343	2	4	130)
e(343	3	4	110)
e(343	1	5	120)
e(343	2	5	140)
e(343	3	5	40)
e(343	4	5	80)
e(346	1	2	100)
e(346	2	3	50)
e(346	1	4	110)
e(346	2	4	160)
e(346	3	4	20)
e(347	1	2	140)
e(348	1	2	60)
e(349	1	2	70)
e(351	1	2	70)
e(351	1	3	50)
e(351	2	3	70)
e(352	1	2	90)
e(352	1	3	10)
e(352	2	3	30)
e(354	1	2	140)
e(354	1	3	110)
e(354	2	3	100)
e(354	1	4	50)
e(354	3	4	10)
e(354	1	5	100)
e(354	2	5	100)
e(354	3	5	160)
e(354	4	5	70)
e(356	1	2	10)
e(356	1	3	110)
e(356	2	3	70)
e(356	1	4	160)
e(356	2	4	80)
e(356	3	4	160)
e(356	1	5	50)
e(356	2	5	40)
e(356	3	5	70)
e(356	4	5	50)
e(358	1	2	130)
e(359	1	2	130)
e(360	1	2	30)
e(360	1	3	140)
e(360	2	3	70)
e(360	1	4	60)
e(360	3	4	40)
e(361	1	2	60)
e(363	1	2	90)
e(363	1	3	120)
e(363	2	3	150)
e(363	1	4	10)
e(363	2	4	150)
e(363	1	5	150)
e(363	2	5	90)
e(363	3	5	130)
e(363	4	5	30)
e(365	1	2	160)
e(365	2	3	70)
e(366	1	2	20)
e(366	2	3	20)
e(366	1	4	130)
e(366	2	4	120)
e(366	3	4	110)
e(366	1	5	70)
e(366	2	5	160)
e(366	3	5	10)
e(366	4	5	50)
e(367	1	2	70)
e(367	1	3	160)
e(367	2	3	150)
e(368	1	2	120)
e(368	1	3	130)
e(368	2	3	110)
e(368	1	4	50)
e(368	2	4	40)
e(368	3	4	30)
e(371	1	2	30)
e(374	1	2	120)
e(374	1	3	80)
e(374	2	3	30)
e(374	1	4	140)
e(374	2	4	110)
e(374	3	4	20)
e(375	1	2	80)
e(376	1	2	110)
e(376	1	3	80)
e(376	2	3	80)
e(378	1	2	40)
e(379	1	3	110)
e(379	2	3	140)
e(379	1	4	120)
e(379	2	4	140)
e(379	3	4	40)
e(379	1	5	140)
e(379	2	5	20)
e(379	3	5	160)
e(379	4	5	10)
e(380	1	2	110)
e(380	1	3	20)
e(380	2	3	70)
e(380	1	4	10)
e(380	2	4	60)
e(380	3	4	90)
e(380	1	5	70)
e(380	2	5	20)
e(380	3	5	140)
e(380	4	5	130)
e(381	1	2	60)
e(381	1	3	50)
e(381	2	3	60)
e(382	1	2	40)
e(382	1	3	90)
e(382	2	3	80)
e(382	1	4	100)
e(382	2	4	60)
e(382	3	4	40)
e(382	1	5	10)
e(382	2	5	90)
e(382	3	5	40)
e(382	4	5	110)
e(383	1	2	120)
e(383	1	3	110)
e(383	2	3	140)
e(385	1	2	110)
e(385	1	3	30)
e(385	2	3	100)
e(385	1	4	100)
e(385	2	4	60)
e(385	3	4	80)
e(387	1	2	80)
e(388	1	2	120)
e(388	1	3	120)
e(388	2	3	40)
e(389	1	2	60)
e(389	2	3	60)
e(389	1	4	30)
e(389	2	4	30)
e(389	3	4	60)
e(390	1	2	80)
e(390	1	3	150)
e(390	2	3	70)
e(390	1	4	110)
e(390	2	4	70)
e(390	3	4	70)
e(390	1	5	70)
e(390	2	5	110)
e(390	3	5	100)
e(391	1	2	120)
e(392	1	2	30)
e(394	1	2	130)
e(394	1	3	160)
e(394	2	3	140)
e(394	1	4	30)
e(394	2	4	20)
e(394	3	4	20)
e(394	1	5	120)
e(394	2	5	20)
e(394	3	5	140)
e(394	4	5	130)
e(395	1	2	70)
e(395	1	3	160)
e(395	2	3	40)
e(396	1	2	160)
e(396	1	3	140)
e(396	2	3	140)
e(396	1	4	90)
e(396	2	4	160)
e(396	3	4	110)
e(397	1	2	160)
e(397	1	3	100)
e(397	2	3	60)
e(399	1	2	70)
e(400	1	3	50)
e(400	2	3	150)
e(400	1	4	30)
e(400	2	4	10)
e(400	3	4	150)
e(401	1	2	100)
e(401	1	3	20)
e(401	2	3	100)
e(402	1	2	20)
e(402	1	3	30)
e(402	2	3	10)
e(402	1	4	160)
e(402	2	4	80)
e(402	3	4	130)
e(402	1	5	110)
e(402	2	5	160)
e(402	3	5	110)
e(402	4	5	60)
e(403	1	2	70)
e(403	1	3	120)
e(403	1	4	140)
e(403	2	4	120)
e(403	3	4	60)
e(404	1	2	80)
e(404	1	3	60)
e(404	2	3	150)
e(404	1	4	110)
e(404	2	4	60)
e(404	3	4	50)
e(405	1	2	80)
e(405	1	3	60)
e(405	2	3	150)
e(405	1	4	10)
e(405	2	4	70)
e(405	3	4	140)
e(406	1	2	80)
e(406	1	3	140)
e(406	2	3	130)
e(406	1	4	60)
e(406	2	4	60)
e(406	3	4	140)
e(406	1	5	80)
e(406	2	5	20)
e(406	3	5	100)
e(407	1	3	130)
e(407	2	3	140)
e(407	1	4	110)
e(407	2	4	70)
e(407	3	4	10)
e(407	1	5	70)
e(407	2	5	70)
e(407	4	5	150)
e(408	1	2	160)
e(408	1	3	40)
e(408	2	3	60)
e(409	1	2	160)
e(409	1	3	30)
e(409	2	3	150)
e(409	1	4	100)
e(409	2	4	60)
e(409	3	4	120)
e(410	1	2	70)
e(410	1	3	80)
e(410	2	3	40)
e(412	1	2	100)
e(413	1	2	100)
e(413	1	3	150)
e(413	2	3	150)
e(414	1	2	70)
e(414	1	3	130)
e(414	2	3	140)
e(414	1	4	100)
e(414	2	4	60)
e(414	3	4	110)
e(414	1	5	150)
e(414	2	5	60)
e(414	3	5	20)
e(414	4	5	130)
e(415	1	2	60)
e(417	1	2	140)
e(417	1	3	120)
e(417	2	3	130)
e(417	1	4	160)
e(417	2	4	100)
e(417	3	4	50)
e(418	1	2	50)
e(419	1	2	110)
e(419	1	3	20)
e(419	2	3	60)
e(419	1	4	140)
e(419	2	4	30)
e(419	3	4	120)
e(420	1	2	90)
e(421	1	2	40)
e(421	1	3	90)
e(421	2	3	100)
e(421	1	4	40)
e(421	2	4	100)
e(423	1	2	90)
e(423	1	3	90)
e(423	2	3	50)
e(423	1	4	20)
e(423	2	4	130)
e(423	3	4	100)
e(423	1	5	130)
e(423	2	5	120)
e(423	3	5	40)
e(423	4	5	160)
e(424	1	2	90)
e(424	1	3	10)
e(424	2	3	80)
e(424	1	4	120)
e(424	2	4	130)
e(427	1	2	160)
e(427	1	3	40)
e(427	2	3	110)
e(429	1	2	80)
e(429	1	3	90)
e(429	2	3	140)
e(430	1	2	10)
e(430	1	3	10)
e(430	2	3	30)
e(431	1	2	130)
e(431	1	3	60)
e(431	2	3	90)
e(431	1	4	50)
e(431	2	4	130)
e(431	3	4	90)
e(431	1	5	140)
e(431	2	5	80)
e(431	3	5	140)
e(431	4	5	40)
e(432	1	2	90)
e(432	1	3	80)
e(432	2	3	120)
e(432	1	4	110)
e(432	2	4	20)
e(432	3	4	60)
e(432	1	5	50)
e(432	3	5	140)
e(432	4	5	110)
e(433	1	2	90)
e(433	1	3	50)
e(433	2	3	40)
e(433	2	4	70)
e(433	3	4	60)
e(433	1	5	120)
e(433	2	5	140)
e(433	3	5	100)
e(433	4	5	20)
e(434	1	2	150)
e(436	1	2	90)
e(436	1	3	140)
e(436	2	3	120)
e(436	1	4	160)
e(436	2	4	70)
e(436	3	4	100)
e(438	1	2	150)
e(438	1	3	60)
e(438	2	3	50)
e(438	1	4	130)
e(438	2	4	140)
e(439	1	2	70)
e(439	1	3	120)
e(439	2	3	20)
e(439	1	4	160)
e(439	2	4	20)
e(439	3	4	40)
e(440	1	2	130)
e(440	1	3	150)
e(440	2	3	80)
e(441	1	2	60)
e(441	1	3	160)
e(441	2	3	70)
e(441	1	4	120)
e(441	2	4	120)
e(441	3	4	40)
e(441	1	5	160)
e(441	2	5	30)
e(441	3	5	70)
e(441	4	5	60)
e(442	1	2	10)
e(442	1	3	60)
e(442	2	3	100)
e(442	1	4	60)
e(442	2	4	140)
e(442	3	4	120)
e(442	1	5	70)
e(442	2	5	70)
e(442	3	5	50)
e(442	4	5	50)
e(443	1	2	120)
e(443	1	3	60)
e(443	2	3	90)
e(444	1	2	60)
e(445	1	2	80)
e(445	1	3	160)
e(445	2	3	100)
e(445	1	4	60)
e(445	2	4	100)
e(445	3	4	90)
e(446	1	2	90)
e(447	1	2	40)
e(447	1	3	110)
e(447	2	3	130)
e(447	1	4	110)
e(447	2	4	140)
e(447	3	4	10)
e(447	1	5	80)
e(447	2	5	100)
e(447	4	5	90)
e(448	1	3	40)
e(448	2	3	120)
e(448	1	4	130)
e(448	2	4	110)
e(448	3	4	100)
e(449	1	2	90)
e(449	1	3	50)
e(449	2	3	60)
e(450	1	2	90)
e(450	1	3	60)
e(450	2	3	130)
e(450	1	4	130)
e(450	2	4	10)
e(451	1	2	100)
e(451	1	3	110)
e(451	2	3	80)
e(452	1	2	40)
e(452	1	3	30)
e(452	2	3	20)
e(453	1	2	90)
e(453	1	3	70)
e(453	2	3	130)
e(453	1	4	140)
e(453	2	4	40)
e(453	3	4	120)
e(453	1	5	120)
e(453	2	5	50)
e(453	3	5	60)
e(453	4	5	20)
e(454	1	2	120)
e(454	1	3	90)
e(454	2	3	130)
e(454	1	4	30)
e(454	2	4	60)
e(454	3	4	40)
e(454	3	5	60)
e(454	4	5	60)
e(455	1	2	70)
e(455	1	3	150)
e(455	2	3	130)
e(455	1	4	100)
e(455	2	4	20)
e(455	3	4	50)
e(456	1	2	80)
e(456	2	3	140)
e(456	1	4	120)
e(456	2	4	10)
e(456	3	4	100)
e(456	1	5	150)
e(456	2	5	130)
e(456	3	5	120)
e(456	4	5	110)
e(457	1	2	80)
e(457	1	3	140)
e(457	2	3	50)
e(457	1	4	160)
e(457	2	4	50)
e(457	3	4	100)
e(459	1	2	50)
e(459	1	3	50)
e(459	2	3	100)
e(460	1	2	140)
e(460	1	3	20)
e(460	2	3	50)
e(460	1	4	10)
e(460	2	4	60)
e(460	3	4	150)
e(460	1	5	40)
e(460	2	5	40)
e(460	3	5	160)
e(460	4	5	10)
e(461	1	2	60)
e(461	1	3	40)
e(461	2	3	130)
e(462	1	2	120)
e(462	1	3	100)
e(462	2	3	30)
e(462	1	4	90)
e(462	2	4	70)
e(462	3	4	60)
e(463	1	2	30)
e(463	1	3	10)
e(463	2	3	20)
e(463	1	4	130)
e(463	2	4	60)
e(463	3	4	40)
e(463	1	5	150)
e(463	2	5	10)
e(463	3	5	60)
e(464	1	2	150)
e(465	2	3	70)
e(465	1	4	100)
e(465	2	4	160)
e(465	3	4	70)
e(466	1	2	80)
e(466	1	3	80)
e(466	2	3	90)
e(466	2	4	70)
e(466	3	4	70)
e(466	1	5	70)
e(466	2	5	90)
e(466	3	5	40)
e(466	4	5	140)
e(468	1	2	130)
e(468	1	4	160)
e(468	2	4	120)
e(468	3	4	40)
e(471	1	2	130)
e(471	1	3	120)
e(471	2	3	10)
e(471	1	4	10)
e(471	2	4	130)
e(471	3	4	120)
e(472	1	2	60)
e(472	2	3	80)
e(472	1	4	140)
e(472	2	4	20)
e(472	3	4	120)
e(472	1	5	40)
e(472	3	5	90)
e(472	4	5	130)
e(473	1	2	120)
e(473	1	3	70)
e(473	1	4	10)
e(473	2	4	130)
e(473	3	4	40)
e(473	1	5	40)
e(473	2	5	110)
e(473	3	5	20)
e(473	4	5	70)
e(474	1	2	80)
e(475	1	2	130)
e(476	1	2	100)
e(476	2	3	10)
e(476	2	4	110)
e(476	3	4	10)
e(477	1	2	130)
e(477	1	3	30)
e(477	2	3	50)
e(477	1	4	30)
e(477	2	4	40)
e(477	3	4	80)
e(477	1	5	40)
e(477	2	5	10)
e(477	3	5	40)
e(477	4	5	150)
e(478	1	2	70)
e(478	1	3	10)
e(478	2	3	160)
e(478	1	4	30)
e(478	2	4	20)
e(478	3	4	40)
e(480	1	2	130)
e(480	1	3	140)
e(480	2	3	80)
e(480	1	4	50)
e(480	2	4	90)
e(480	3	4	160)
e(482	1	2	140)
e(482	1	3	110)
e(482	2	3	150)
e(482	1	4	120)
e(482	2	4	10)
e(482	1	5	150)
e(482	2	5	120)
e(482	3	5	20)
e(482	4	5	90)
e(483	1	2	80)
e(484	1	2	160)
e(484	1	3	120)
e(484	2	3	120)
e(484	2	4	30)
e(484	3	4	160)
e(485	1	2	140)
e(485	1	3	40)
e(485	2	3	110)
e(486	1	2	150)
e(486	1	3	120)
e(486	2	3	100)
e(486	1	4	40)
e(486	2	4	110)
e(486	3	4	30)
e(487	1	2	20)
e(487	1	3	160)
e(487	1	4	70)
e(487	2	4	70)
e(487	3	4	50)
e(488	1	2	30)
e(488	1	3	10)
e(488	2	3	20)
e(489	1	2	90)
e(489	1	3	70)
e(489	2	3	50)
e(489	1	4	90)
e(489	2	4	90)
e(490	1	3	100)
e(490	2	3	150)
e(491	1	2	120)
e(491	1	3	160)
e(491	2	3	90)
e(493	1	2	100)
e(493	1	3	120)
e(493	2	3	50)
e(494	1	2	70)
e(496	1	2	70)
e(498	1	2	140)
e(498	1	3	140)
e(498	2	3	10)
e(498	1	4	20)
e(498	2	4	90)
e(498	3	4	50)
e(499	1	2	150)
e(499	1	3	50)
e(499	2	3	160)
e(499	1	4	60)
e(499	2	4	140)
e(499	1	5	50)
e(499	2	5	160)
e(499	3	5	70)
e(499	4	5	60)
e(501	1	3	130)
e(501	2	3	50)
e(502	1	2	40)
e(502	1	3	160)
e(502	2	3	10)
e(503	1	3	150)
e(503	2	3	90)
e(503	1	4	30)
e(503	2	4	130)
e(503	3	4	80)
e(504	1	2	110)
e(504	1	4	130)
e(504	2	4	100)
e(504	3	4	40)
e(505	1	2	90)
e(505	1	3	50)
e(505	2	3	160)
e(505	1	4	90)
e(505	2	4	130)
e(505	3	4	60)
e(506	1	2	40)
e(506	1	3	110)
e(506	2	3	60)
e(509	1	2	130)
e(509	2	3	80)
e(511	1	2	110)
e(511	1	3	140)
e(511	2	3	50)
e(512	1	2	60)
e(513	1	2	110)
e(514	1	2	30)
e(515	1	2	160)
e(516	1	3	40)
e(516	1	4	160)
e(516	2	4	80)
e(516	3	4	20)
e(517	1	2	40)
e(518	1	2	60)
e(518	1	3	160)
e(518	2	3	90)
e(518	1	4	30)
e(518	2	4	130)
e(518	3	4	110)
e(518	1	5	60)
e(518	2	5	70)
e(518	3	5	30)
e(518	4	5	10)
e(519	1	2	90)
e(519	1	3	30)
e(519	2	3	140)
e(519	1	4	120)
e(519	2	4	110)
e(519	3	4	140)
e(521	1	2	150)
e(521	1	3	150)
e(521	2	3	140)
e(521	1	4	100)
e(521	2	4	90)
e(521	3	4	80)
e(522	1	3	70)
e(522	2	3	120)
e(524	1	2	140)
e(524	1	3	100)
e(524	2	3	80)
e(525	1	2	120)
e(525	1	3	150)
e(525	2	3	60)
e(525	1	4	20)
e(525	2	4	100)
e(525	3	4	130)
e(525	1	5	10)
e(525	2	5	70)
e(525	3	5	140)
e(525	4	5	110)
e(526	1	3	110)
e(526	2	3	80)
e(526	1	4	100)
e(526	2	4	50)
e(526	3	4	120)
e(528	1	2	150)
e(528	1	3	120)
e(528	2	3	60)
e(529	1	2	120)
e(529	1	3	160)
e(529	2	3	50)
e(529	1	4	80)
e(529	2	4	50)
e(529	3	4	20)
e(530	1	2	150)
e(532	1	3	150)
e(532	2	3	30)
e(532	1	4	160)
e(532	2	4	70)
e(532	3	4	130)
e(533	1	2	160)
e(533	1	3	20)
e(533	1	4	90)
e(533	3	4	70)
e(533	1	5	60)
e(533	2	5	50)
e(533	3	5	20)
e(533	4	5	140)
e(534	1	2	60)
e(534	1	3	60)
e(534	2	3	110)
e(534	1	4	110)
e(534	2	4	90)
e(534	3	4	100)
e(535	1	2	100)
e(538	1	2	120)
e(540	1	2	10)
e(542	1	2	140)
e(542	1	3	140)
e(542	2	3	30)
e(543	1	2	90)
e(543	1	3	140)
e(543	2	3	160)
e(545	1	2	20)
e(546	1	2	70)
e(546	1	3	50)
e(546	2	3	60)
e(547	1	2	50)
e(548	1	2	50)
e(548	1	3	140)
e(548	2	3	40)
e(549	1	2	90)
e(549	1	3	80)
e(549	2	3	40)
e(549	1	4	150)
e(549	3	4	110)
e(549	1	5	130)
e(549	2	5	90)
e(549	3	5	140)
e(549	4	5	90)
e(550	1	2	130)
e(551	1	2	40)
e(551	1	3	20)
e(551	2	3	20)
e(552	1	2	20)
e(552	1	3	100)
e(552	2	3	80)
e(552	2	4	80)
e(552	3	4	80)
e(555	1	2	110)
e(555	1	3	160)
e(555	2	3	100)
e(555	1	4	30)
e(555	2	4	70)
e(555	3	4	60)
e(555	1	5	40)
e(555	2	5	150)
e(555	3	5	160)
e(555	4	5	50)
e(556	1	2	150)
e(556	1	3	130)
e(556	2	3	150)
e(556	1	4	60)
e(556	2	4	10)
e(556	3	4	10)
e(556	1	5	120)
e(556	2	5	60)
e(556	3	5	160)
e(556	4	5	90)
e(558	1	2	10)
e(559	1	2	30)
e(559	1	3	90)
e(559	2	3	160)
e(559	1	4	110)
e(559	2	4	60)
e(559	3	4	60)
e(562	1	2	110)
e(562	1	3	60)
e(562	2	3	60)
e(564	1	3	110)
e(564	2	3	10)
e(564	1	4	80)
e(564	2	4	60)
e(564	3	4	90)
e(565	1	2	80)
e(566	1	2	150)
e(567	1	2	40)
e(567	1	3	70)
e(567	2	3	140)
e(567	1	4	110)
e(567	2	4	70)
e(567	3	4	130)
e(570	1	2	20)
e(571	1	2	50)
e(571	1	3	90)
e(571	2	3	80)
e(571	1	4	100)
e(571	2	4	110)
e(571	3	4	40)
e(574	1	2	10)
e(575	1	2	70)
e(575	1	3	80)
e(575	2	3	50)
e(575	1	4	10)
e(575	2	4	100)
e(575	3	4	90)
e(576	1	2	100)
e(577	1	3	60)
e(577	2	3	100)
e(577	1	4	110)
e(577	2	4	130)
e(577	3	4	70)
e(577	1	5	100)
e(577	2	5	30)
e(577	3	5	40)
e(577	4	5	130)
e(578	1	2	40)
e(578	1	3	110)
e(578	2	3	70)
e(578	1	4	50)
e(578	2	4	130)
e(578	3	4	130)
e(579	1	2	80)
e(579	1	3	120)
e(579	1	4	90)
e(579	2	4	20)
e(579	3	4	30)
e(582	1	2	160)
e(583	1	2	160)
e(583	1	3	30)
e(583	2	3	150)
e(583	1	4	90)
e(583	2	4	150)
e(583	3	4	60)
e(583	1	5	20)
e(583	2	5	100)
e(583	4	5	10)
e(584	1	2	30)
e(584	1	3	20)
e(584	2	3	70)
e(585	1	2	120)
e(585	1	3	60)
e(585	2	3	110)
e(585	1	4	20)
e(585	2	4	130)
e(585	3	4	60)
e(585	1	5	20)
e(585	2	5	40)
e(585	3	5	10)
e(585	4	5	10)
e(586	1	2	20)
e(586	1	3	160)
e(586	2	3	120)
e(586	1	4	10)
e(586	2	4	140)
e(586	3	4	30)
e(586	1	5	150)
e(586	2	5	90)
e(586	3	5	130)
e(588	1	2	90)
e(588	1	3	160)
e(588	2	3	20)
e(588	1	4	70)
e(588	2	4	10)
e(588	3	4	10)
e(588	1	5	160)
e(588	2	5	150)
e(588	3	5	100)
e(588	4	5	70)
e(589	1	2	140)
e(589	1	3	60)
e(589	2	3	50)
e(589	1	4	150)
e(589	2	4	140)
e(589	3	4	10)
e(589	1	5	120)
e(589	2	5	20)
e(589	3	5	160)
e(589	4	5	50)
e(592	1	2	90)
e(593	1	3	50)
e(593	2	3	150)
e(593	1	4	150)
e(593	2	4	90)
e(593	3	4	90)
e(593	1	5	130)
e(593	2	5	20)
e(593	3	5	140)
e(593	4	5	80)
e(595	1	2	160)
e(595	1	3	20)
e(595	2	3	70)
e(595	1	4	120)
e(595	2	4	110)
e(595	3	4	10)
e(597	1	2	60)
e(597	1	3	60)
e(597	2	3	160)
e(598	1	2	50)
e(598	1	3	140)
e(598	2	3	80)
e(598	1	4	70)
e(598	2	4	140)
e(598	3	4	100)
e(598	1	5	20)
e(598	2	5	140)
e(598	3	5	70)
e(598	4	5	80)
e(599	1	2	140)
e(599	1	3	150)
e(599	2	3	10)
e(599	1	4	70)
e(599	2	4	160)
e(599	3	4	140)
e(601	1	2	60)
e(601	1	3	130)
e(601	2	3	130)
e(601	1	4	150)
e(601	2	4	60)
e(601	3	4	150)
e(601	1	5	80)
e(601	2	5	120)
e(601	3	5	140)
e(601	4	5	30)
e(602	1	2	50)
e(602	1	3	20)
e(602	2	3	50)
e(602	1	4	10)
e(602	2	4	130)
e(602	3	4	20)
e(602	1	5	20)
e(602	3	5	30)
e(602	4	5	30)
e(604	1	2	50)
e(604	2	3	100)
e(604	1	4	130)
e(604	2	4	110)
e(604	3	4	120)
e(604	1	5	70)
e(604	3	5	60)
e(605	1	2	80)
e(605	1	3	90)
e(605	2	3	120)
e(605	1	4	100)
e(605	2	4	40)
e(605	3	4	10)
e(606	1	2	110)
e(606	1	3	40)
e(606	2	3	30)
e(607	1	2	10)
e(608	1	2	130)
e(608	1	3	130)
e(608	2	3	20)
e(608	1	4	30)
e(608	2	4	160)
e(608	3	4	160)
e(608	1	5	30)
e(608	3	5	80)
e(608	4	5	100)
e(609	1	2	80)
e(609	1	3	120)
e(609	2	3	90)
e(609	1	4	130)
e(609	2	4	30)
e(609	3	4	30)
e(609	1	5	50)
e(609	3	5	20)
e(609	4	5	10)
e(611	1	2	40)
e(612	1	2	60)
e(612	2	3	100)
e(612	1	4	160)
e(612	2	4	100)
e(612	3	4	70)
e(613	1	2	90)
e(613	1	3	70)
e(613	2	3	20)
e(613	1	4	50)
e(613	2	4	20)
e(613	3	4	10)
e(614	1	2	50)
e(614	1	3	100)
e(614	2	3	160)
e(614	1	4	120)
e(614	2	4	130)
e(614	3	4	150)
e(614	1	5	120)
e(614	2	5	120)
e(614	3	5	50)
e(614	4	5	80)
e(615	1	2	150)
e(615	1	3	110)
e(615	2	3	70)
e(615	1	4	70)
e(615	2	4	160)
e(615	3	4	160)
e(616	1	2	160)
e(616	1	3	80)
e(616	2	3	140)
e(617	1	2	110)
e(617	1	3	70)
e(617	2	3	70)
e(617	1	4	50)
e(617	2	4	150)
e(617	3	4	70)
e(618	1	2	30)
e(618	1	3	60)
e(618	2	3	140)
e(619	1	2	70)
e(619	1	3	90)
e(619	2	3	130)
e(620	1	2	120)
e(620	1	3	80)
e(620	2	3	40)
e(622	1	2	120)
e(622	1	3	70)
e(622	2	3	80)
e(622	1	4	50)
e(622	2	4	60)
e(622	3	4	110)
e(622	1	5	80)
e(622	2	5	140)
e(622	3	5	50)
e(622	4	5	40)
e(624	1	2	60)
e(624	1	3	40)
e(624	2	3	110)
e(624	1	4	10)
e(624	2	4	160)
e(624	3	4	60)
e(624	1	5	70)
e(624	2	5	140)
e(624	3	5	10)
e(624	4	5	150)
e(625	1	2	100)
e(625	1	3	30)
e(625	2	3	110)
e(625	1	4	130)
e(625	2	4	40)
e(625	3	4	80)
e(626	1	2	120)
e(626	1	3	20)
e(626	2	3	70)
e(626	1	4	120)
e(626	2	4	60)
e(626	3	4	130)
e(627	1	2	120)
e(627	1	3	20)
e(627	2	3	110)
e(627	1	4	40)
e(627	2	4	150)
e(627	3	4	120)
e(627	1	5	30)
e(627	2	5	40)
e(627	3	5	40)
e(627	4	5	80)
e(629	1	2	50)
e(630	1	2	90)
e(630	2	3	140)
e(630	1	4	160)
e(630	2	4	10)
e(630	3	4	130)
e(630	1	5	80)
e(630	2	5	100)
e(630	3	5	160)
e(630	4	5	160)
e(631	1	2	70)
e(631	1	3	150)
e(631	2	3	10)
e(632	1	2	90)
e(632	1	3	40)
e(632	2	3	60)
e(634	1	2	50)
e(634	1	3	100)
e(634	2	3	130)
e(635	1	2	20)
e(637	1	2	130)
e(637	1	3	150)
e(637	2	3	90)
e(637	1	4	130)
e(637	2	4	70)
e(637	3	4	130)
e(639	1	2	20)
e(639	1	3	160)
e(639	2	3	90)
e(641	1	2	90)
e(641	1	3	10)
e(641	2	3	10)
e(641	1	4	140)
e(641	2	4	140)
e(641	3	4	120)
e(642	1	2	110)
e(642	1	3	50)
e(642	2	3	50)
e(642	1	4	150)
e(642	2	4	10)
e(642	3	4	100)
e(643	1	2	70)
e(644	1	2	110)
e(644	1	3	20)
e(644	2	3	60)
e(644	1	4	40)
e(644	2	4	140)
e(644	3	4	110)
e(646	1	2	130)
e(646	1	3	90)
e(646	1	4	50)
e(646	2	4	80)
e(647	1	2	160)
e(647	1	3	130)
e(647	2	3	110)
e(648	1	3	80)
e(648	2	3	30)
e(648	1	4	50)
e(648	2	4	160)
e(648	3	4	10)
e(648	1	5	50)
e(648	2	5	60)
e(648	3	5	90)
e(648	4	5	160)
e(649	1	2	30)
e(651	1	2	120)
e(651	1	3	160)
e(651	2	3	10)
e(651	1	4	80)
e(651	2	4	160)
e(651	3	4	130)
e(651	1	5	60)
e(651	2	5	130)
e(651	3	5	10)
e(651	4	5	40)
e(652	1	2	60)
e(654	1	2	120)
e(654	1	3	10)
e(654	2	3	10)
e(654	2	4	100)
e(654	3	4	120)
e(654	2	5	80)
e(654	3	5	160)
e(654	4	5	160)
e(655	1	2	60)
e(656	1	2	140)
e(656	1	3	20)
e(656	2	3	140)
e(657	1	2	140)
e(657	1	3	100)
e(657	2	3	80)
e(657	1	4	70)
e(657	2	4	70)
e(657	3	4	50)
e(659	1	2	90)
e(659	2	3	70)
e(659	1	4	10)
e(659	2	4	150)
e(659	3	4	110)
e(659	1	5	140)
e(659	2	5	80)
e(659	3	5	80)
e(659	4	5	30)
e(660	1	2	110)
e(660	1	3	30)
e(660	2	3	50)
e(660	1	4	110)
e(660	2	4	120)
e(660	3	4	110)
e(660	1	5	40)
e(660	2	5	30)
e(660	4	5	40)
e(661	1	2	70)
e(661	1	3	120)
e(661	2	3	130)
e(662	1	2	80)
e(662	1	3	110)
e(662	2	3	90)
e(662	1	4	140)
e(662	2	4	10)
e(662	3	4	150)
e(663	1	2	130)
e(663	1	3	40)
e(663	2	3	30)
e(663	1	4	30)
e(663	2	4	20)
e(663	3	4	100)
e(665	1	2	140)
e(666	1	2	50)
e(666	1	3	140)
e(666	2	3	60)
e(666	1	4	40)
e(666	2	4	90)
e(666	3	4	110)
e(667	1	2	40)
e(667	1	3	110)
e(667	1	4	130)
e(667	2	4	120)
e(667	3	4	40)
e(668	1	2	80)
e(668	1	3	60)
e(668	1	4	80)
e(668	2	4	80)
e(668	3	4	140)
e(669	1	2	40)
e(669	1	3	10)
e(669	2	3	130)
e(669	1	4	70)
e(669	2	4	10)
e(669	3	4	40)
e(670	1	2	30)
e(671	1	2	80)
e(672	1	2	110)
e(672	1	3	150)
e(672	2	3	90)
e(672	2	4	10)
e(672	3	4	80)
e(674	1	2	100)
e(674	1	3	70)
e(674	2	3	150)
e(674	1	4	120)
e(674	3	4	70)
e(675	1	2	40)
e(675	1	3	60)
e(675	2	3	30)
e(675	1	4	10)
e(675	2	4	110)
e(675	3	4	160)
e(676	1	2	90)
e(678	1	2	30)
e(679	1	2	150)
e(680	1	2	10)
e(680	1	3	120)
e(680	2	3	80)
e(680	1	4	70)
e(680	3	4	120)
e(681	1	2	50)
e(682	1	2	70)
e(684	1	2	10)
e(684	1	3	160)
e(684	2	3	100)
e(684	1	4	100)
e(684	2	4	20)
e(684	3	4	140)
e(684	1	5	110)
e(684	2	5	20)
e(684	3	5	160)
e(685	1	2	30)
e(685	1	3	120)
e(685	2	3	160)
e(685	1	4	40)
e(685	2	4	130)
e(685	3	4	20)
e(686	1	2	100)
e(686	1	3	110)
e(686	2	3	90)
e(686	1	4	50)
e(686	2	4	150)
e(686	3	4	20)
e(686	1	5	40)
e(686	2	5	60)
e(686	3	5	140)
e(686	4	5	60)
e(687	1	2	160)
e(687	1	3	120)
e(687	2	3	100)
e(687	1	4	130)
e(687	3	4	30)
e(688	1	2	110)
e(688	1	3	70)
e(690	1	2	160)
e(690	1	3	90)
e(690	2	3	60)
e(691	1	2	120)
e(691	1	3	100)
e(691	2	3	50)
e(691	1	4	130)
e(691	2	4	50)
e(691	3	4	70)
e(691	1	5	80)
e(691	2	5	80)
e(691	3	5	120)
e(691	4	5	130)
e(692	1	2	130)
e(693	1	2	110)
e(694	1	2	150)
e(695	1	2	10)
e(695	1	3	20)
e(695	2	3	10)
e(695	1	4	80)
e(695	3	4	90)
e(695	1	5	50)
e(695	2	5	110)
e(695	3	5	140)
e(695	4	5	10)
e(696	1	2	70)
e(697	1	2	90)
e(697	1	3	40)
e(697	2	3	60)
e(697	1	4	120)
e(697	3	4	130)
e(697	1	5	140)
e(697	2	5	30)
e(697	3	5	90)
e(697	4	5	90)
e(698	1	2	130)
e(699	1	2	50)
e(699	1	3	60)
e(699	2	3	120)
e(700	1	2	80)
e(700	1	3	30)
e(700	2	3	120)
e(700	1	4	110)
e(700	2	4	160)
e(700	3	4	40)
e(700	2	5	100)
e(700	3	5	30)
e(700	4	5	110)
