700

d(1	7	14	2	200000.0)
d(2	4	15	4	200000.0)
d(3	6	17	4	200000.0)
d(4	9	24	3	200000.0)
d(5	12	16	2	200000.0)
d(6	11	23	1	200000.0)
d(7	4	22	3	200000.0)
d(8	8	10	4	200000.0)
d(9	7	12	2	200000.0)
d(10	2	2	4	200000.0)
d(11	7	22	5	200000.0)
d(12	21	24	5	200000.0)
d(13	20	23	5	200000.0)
d(14	15	15	1	200000.0)
d(15	7	17	3	200000.0)
d(16	5	16	1	200000.0)
d(17	16	16	2	200000.0)
d(18	7	7	2	200000.0)
d(19	1	19	4	200000.0)
d(20	2	19	3	200000.0)
d(21	7	18	3	200000.0)
d(22	24	24	4	200000.0)
d(23	17	21	1	200000.0)
d(24	12	13	4	200000.0)
d(25	11	21	5	200000.0)
d(26	4	23	4	200000.0)
d(27	11	15	3	200000.0)
d(28	1	9	4	200000.0)
d(29	7	16	1	200000.0)
d(30	13	15	3	200000.0)
d(31	19	19	3	200000.0)
d(32	19	24	1	200000.0)
d(33	22	23	5	200000.0)
d(34	20	22	2	200000.0)
d(35	20	20	1	200000.0)
d(36	20	22	5	200000.0)
d(37	10	12	5	200000.0)
d(38	20	22	3	200000.0)
d(39	23	23	3	200000.0)
d(40	9	11	3	200000.0)
d(41	24	24	4	200000.0)
d(42	6	21	5	200000.0)
d(43	18	19	1	200000.0)
d(44	15	21	1	200000.0)
d(45	2	24	2	200000.0)
d(46	1	7	3	200000.0)
d(47	16	18	5	200000.0)
d(48	7	14	3	200000.0)
d(49	23	23	4	200000.0)
d(50	17	24	1	200000.0)
d(51	8	24	1	200000.0)
d(52	3	14	5	200000.0)
d(53	1	11	2	200000.0)
d(54	12	24	2	200000.0)
d(55	17	18	5	200000.0)
d(56	13	20	5	200000.0)
d(57	4	6	3	200000.0)
d(58	17	24	4	200000.0)
d(59	12	23	5	200000.0)
d(60	4	20	2	200000.0)
d(61	9	11	5	200000.0)
d(62	14	23	3	200000.0)
d(63	19	24	5	200000.0)
d(64	15	24	5	200000.0)
d(65	18	22	5	200000.0)
d(66	15	15	2	200000.0)
d(67	24	24	1	200000.0)
d(68	18	18	1	200000.0)
d(69	17	23	4	200000.0)
d(70	15	16	3	200000.0)
d(71	2	11	4	200000.0)
d(72	6	16	1	200000.0)
d(73	16	17	1	200000.0)
d(74	7	15	5	200000.0)
d(75	16	17	1	200000.0)
d(76	24	24	1	200000.0)
d(77	22	22	3	200000.0)
d(78	8	12	5	200000.0)
d(79	5	12	2	200000.0)
d(80	17	23	5	200000.0)
d(81	5	18	3	200000.0)
d(82	2	13	1	200000.0)
d(83	4	17	4	200000.0)
d(84	16	16	4	200000.0)
d(85	10	17	2	200000.0)
d(86	7	12	1	200000.0)
d(87	2	21	1	200000.0)
d(88	10	12	4	200000.0)
d(89	18	18	4	200000.0)
d(90	7	17	1	200000.0)
d(91	2	18	2	200000.0)
d(92	13	14	4	200000.0)
d(93	14	18	2	200000.0)
d(94	23	24	4	200000.0)
d(95	15	24	4	200000.0)
d(96	6	16	2	200000.0)
d(97	9	20	1	200000.0)
d(98	14	15	3	200000.0)
d(99	22	22	2	200000.0)
d(100	22	22	4	200000.0)
d(101	13	19	5	200000.0)
d(102	4	11	1	200000.0)
d(103	2	3	1	200000.0)
d(104	6	20	3	200000.0)
d(105	4	20	2	200000.0)
d(106	7	15	1	200000.0)
d(107	12	20	5	200000.0)
d(108	17	17	2	200000.0)
d(109	15	24	1	200000.0)
d(110	19	19	2	200000.0)
d(111	11	15	4	200000.0)
d(112	11	14	2	200000.0)
d(113	21	24	4	200000.0)
d(114	23	23	1	200000.0)
d(115	12	12	2	200000.0)
d(116	15	21	2	200000.0)
d(117	10	17	2	200000.0)
d(118	18	21	2	200000.0)
d(119	7	17	3	200000.0)
d(120	9	14	2	200000.0)
d(121	18	22	1	200000.0)
d(122	6	16	2	200000.0)
d(123	5	5	4	200000.0)
d(124	12	12	5	200000.0)
d(125	3	8	1	200000.0)
d(126	10	14	5	200000.0)
d(127	1	15	3	200000.0)
d(128	9	16	1	200000.0)
d(129	18	24	4	200000.0)
d(130	3	18	2	200000.0)
d(131	11	17	4	200000.0)
d(132	19	21	4	200000.0)
d(133	20	21	4	200000.0)
d(134	2	17	3	200000.0)
d(135	2	18	2	200000.0)
d(136	1	8	3	200000.0)
d(137	23	24	4	200000.0)
d(138	16	24	4	200000.0)
d(139	1	3	3	200000.0)
d(140	4	7	2	200000.0)
d(141	24	24	3	200000.0)
d(142	6	24	2	200000.0)
d(143	21	21	1	200000.0)
d(144	24	24	5	200000.0)
d(145	15	20	4	200000.0)
d(146	15	16	1	200000.0)
d(147	12	16	2	200000.0)
d(148	14	18	4	200000.0)
d(149	6	11	3	200000.0)
d(150	17	24	1	200000.0)
d(151	20	23	3	200000.0)
d(152	14	21	5	200000.0)
d(153	16	24	4	200000.0)
d(154	12	15	5	200000.0)
d(155	9	23	4	200000.0)
d(156	15	21	3	200000.0)
d(157	21	22	2	200000.0)
d(158	4	23	4	200000.0)
d(159	22	22	3	200000.0)
d(160	14	24	1	200000.0)
d(161	9	15	3	200000.0)
d(162	7	10	5	200000.0)
d(163	8	13	3	200000.0)
d(164	12	22	2	200000.0)
d(165	17	21	1	200000.0)
d(166	15	22	1	200000.0)
d(167	2	19	2	200000.0)
d(168	7	17	1	200000.0)
d(169	21	22	4	200000.0)
d(170	16	24	2	200000.0)
d(171	2	22	2	200000.0)
d(172	4	5	2	200000.0)
d(173	12	22	2	200000.0)
d(174	11	17	2	200000.0)
d(175	14	20	4	200000.0)
d(176	6	13	2	200000.0)
d(177	14	19	1	200000.0)
d(178	17	22	4	200000.0)
d(179	12	18	1	200000.0)
d(180	13	15	5	200000.0)
d(181	3	3	4	200000.0)
d(182	2	24	3	200000.0)
d(183	18	21	1	200000.0)
d(184	24	24	5	200000.0)
d(185	19	22	5	200000.0)
d(186	11	15	3	200000.0)
d(187	13	17	5	200000.0)
d(188	22	22	2	200000.0)
d(189	21	24	1	200000.0)
d(190	6	22	1	200000.0)
d(191	1	13	5	200000.0)
d(192	5	15	5	200000.0)
d(193	20	24	1	200000.0)
d(194	8	15	5	200000.0)
d(195	22	22	2	200000.0)
d(196	11	11	5	200000.0)
d(197	3	6	2	200000.0)
d(198	18	24	4	200000.0)
d(199	5	10	4	200000.0)
d(200	23	24	5	200000.0)
d(201	21	21	2	200000.0)
d(202	22	22	5	200000.0)
d(203	8	13	4	200000.0)
d(204	14	16	5	200000.0)
d(205	4	8	5	200000.0)
d(206	5	22	3	200000.0)
d(207	24	24	1	200000.0)
d(208	10	14	4	200000.0)
d(209	5	6	1	200000.0)
d(210	11	21	5	200000.0)
d(211	19	21	5	200000.0)
d(212	11	16	5	200000.0)
d(213	4	15	2	200000.0)
d(214	10	16	5	200000.0)
d(215	13	14	1	200000.0)
d(216	6	10	1	200000.0)
d(217	10	19	2	200000.0)
d(218	10	14	5	200000.0)
d(219	12	20	3	200000.0)
d(220	7	18	4	200000.0)
d(221	4	13	5	200000.0)
d(222	18	20	1	200000.0)
d(223	18	21	2	200000.0)
d(224	3	5	5	200000.0)
d(225	2	18	2	200000.0)
d(226	8	19	3	200000.0)
d(227	24	24	3	200000.0)
d(228	3	23	4	200000.0)
d(229	8	11	2	200000.0)
d(230	17	20	5	200000.0)
d(231	4	11	2	200000.0)
d(232	22	24	5	200000.0)
d(233	6	11	4	200000.0)
d(234	10	23	1	200000.0)
d(235	2	19	5	200000.0)
d(236	5	10	4	200000.0)
d(237	19	23	3	200000.0)
d(238	19	20	1	200000.0)
d(239	13	24	1	200000.0)
d(240	11	22	1	200000.0)
d(241	7	16	1	200000.0)
d(242	3	16	4	200000.0)
d(243	15	24	4	200000.0)
d(244	15	15	2	200000.0)
d(245	21	21	4	200000.0)
d(246	13	20	5	200000.0)
d(247	8	19	3	200000.0)
d(248	13	20	2	200000.0)
d(249	8	11	1	200000.0)
d(250	17	19	5	200000.0)
d(251	7	24	1	200000.0)
d(252	13	16	1	200000.0)
d(253	20	20	2	200000.0)
d(254	7	13	2	200000.0)
d(255	6	19	1	200000.0)
d(256	21	23	3	200000.0)
d(257	21	21	3	200000.0)
d(258	11	17	1	200000.0)
d(259	5	22	2	200000.0)
d(260	10	20	4	200000.0)
d(261	24	24	4	200000.0)
d(262	8	8	1	200000.0)
d(263	10	24	5	200000.0)
d(264	3	19	5	200000.0)
d(265	2	20	1	200000.0)
d(266	22	23	5	200000.0)
d(267	19	21	4	200000.0)
d(268	12	14	3	200000.0)
d(269	4	12	4	200000.0)
d(270	15	22	1	200000.0)
d(271	4	22	3	200000.0)
d(272	12	22	1	200000.0)
d(273	2	17	5	200000.0)
d(274	1	11	5	200000.0)
d(275	23	24	4	200000.0)
d(276	9	24	1	200000.0)
d(277	2	5	5	200000.0)
d(278	8	22	2	200000.0)
d(279	13	19	3	200000.0)
d(280	5	11	4	200000.0)
d(281	22	23	5	200000.0)
d(282	24	24	5	200000.0)
d(283	14	15	2	200000.0)
d(284	12	15	1	200000.0)
d(285	13	15	2	200000.0)
d(286	10	16	1	200000.0)
d(287	4	21	3	200000.0)
d(288	3	12	2	200000.0)
d(289	8	11	2	200000.0)
d(290	14	23	3	200000.0)
d(291	11	22	1	200000.0)
d(292	4	12	1	200000.0)
d(293	15	21	1	200000.0)
d(294	3	22	1	200000.0)
d(295	5	9	2	200000.0)
d(296	7	18	4	200000.0)
d(297	13	16	2	200000.0)
d(298	23	23	5	200000.0)
d(299	12	16	5	200000.0)
d(300	10	17	3	200000.0)
d(301	18	24	1	200000.0)
d(302	6	19	5	200000.0)
d(303	9	13	2	200000.0)
d(304	19	23	3	200000.0)
d(305	19	20	3	200000.0)
d(306	12	14	4	200000.0)
d(307	23	23	2	200000.0)
d(308	8	16	2	200000.0)
d(309	20	22	4	200000.0)
d(310	6	21	2	200000.0)
d(311	14	15	3	200000.0)
d(312	19	24	4	200000.0)
d(313	5	15	4	200000.0)
d(314	23	23	5	200000.0)
d(315	23	24	3	200000.0)
d(316	19	20	2	200000.0)
d(317	15	19	5	200000.0)
d(318	9	14	4	200000.0)
d(319	6	20	3	200000.0)
d(320	12	21	4	200000.0)
d(321	2	23	3	200000.0)
d(322	23	23	5	200000.0)
d(323	4	15	1	200000.0)
d(324	4	11	3	200000.0)
d(325	19	21	2	200000.0)
d(326	7	14	4	200000.0)
d(327	20	20	1	200000.0)
d(328	5	16	2	200000.0)
d(329	2	4	2	200000.0)
d(330	2	10	1	200000.0)
d(331	5	10	1	200000.0)
d(332	3	4	4	200000.0)
d(333	12	13	1	200000.0)
d(334	22	22	3	200000.0)
d(335	20	23	2	200000.0)
d(336	10	17	2	200000.0)
d(337	6	9	5	200000.0)
d(338	19	20	5	200000.0)
d(339	2	22	5	200000.0)
d(340	24	24	5	200000.0)
d(341	19	23	3	200000.0)
d(342	2	11	5	200000.0)
d(343	13	18	3	200000.0)
d(344	16	23	5	200000.0)
d(345	5	14	2	200000.0)
d(346	6	12	4	200000.0)
d(347	12	20	5	200000.0)
d(348	3	18	5	200000.0)
d(349	21	23	3	200000.0)
d(350	7	17	1	200000.0)
d(351	6	21	4	200000.0)
d(352	12	21	5	200000.0)
d(353	11	11	2	200000.0)
d(354	24	24	5	200000.0)
d(355	22	23	5	200000.0)
d(356	10	24	4	200000.0)
d(357	14	23	1	200000.0)
d(358	5	8	4	200000.0)
d(359	13	14	4	200000.0)
d(360	14	19	4	200000.0)
d(361	23	24	4	200000.0)
d(362	11	12	5	200000.0)
d(363	22	23	3	200000.0)
d(364	13	13	3	200000.0)
d(365	21	22	1	200000.0)
d(366	12	22	5	200000.0)
d(367	15	23	1	200000.0)
d(368	14	16	1	200000.0)
d(369	14	19	3	200000.0)
d(370	1	1	4	200000.0)
d(371	24	24	4	200000.0)
d(372	21	23	4	200000.0)
d(373	7	23	1	200000.0)
d(374	6	19	5	200000.0)
d(375	14	16	1	200000.0)
d(376	11	22	4	200000.0)
d(377	9	21	3	200000.0)
d(378	23	24	1	200000.0)
d(379	20	23	5	200000.0)
d(380	12	19	5	200000.0)
d(381	10	10	1	200000.0)
d(382	16	19	2	200000.0)
d(383	24	24	3	200000.0)
d(384	22	23	3	200000.0)
d(385	8	24	5	200000.0)
d(386	23	23	3	200000.0)
d(387	14	23	4	200000.0)
d(388	8	21	2	200000.0)
d(389	24	24	1	200000.0)
d(390	4	17	1	200000.0)
d(391	5	7	3	200000.0)
d(392	14	20	5	200000.0)
d(393	23	24	4	200000.0)
d(394	6	18	1	200000.0)
d(395	23	23	4	200000.0)
d(396	14	23	1	200000.0)
d(397	1	13	3	200000.0)
d(398	4	17	2	200000.0)
d(399	17	22	5	200000.0)
d(400	16	16	1	200000.0)
d(401	2	15	3	200000.0)
d(402	10	20	2	200000.0)
d(403	1	2	4	200000.0)
d(404	4	16	1	200000.0)
d(405	9	24	4	200000.0)
d(406	10	20	2	200000.0)
d(407	14	21	1	200000.0)
d(408	13	19	5	200000.0)
d(409	20	23	5	200000.0)
d(410	16	22	4	200000.0)
d(411	3	14	2	200000.0)
d(412	22	24	2	200000.0)
d(413	18	22	1	200000.0)
d(414	8	17	4	200000.0)
d(415	15	18	3	200000.0)
d(416	24	24	5	200000.0)
d(417	8	22	1	200000.0)
d(418	20	20	3	200000.0)
d(419	14	14	2	200000.0)
d(420	22	22	5	200000.0)
d(421	17	20	4	200000.0)
d(422	5	23	3	200000.0)
d(423	2	21	1	200000.0)
d(424	17	21	1	200000.0)
d(425	14	14	5	200000.0)
d(426	10	10	5	200000.0)
d(427	15	24	5	200000.0)
d(428	4	6	1	200000.0)
d(429	7	7	3	200000.0)
d(430	5	8	4	200000.0)
d(431	8	11	5	200000.0)
d(432	3	13	4	200000.0)
d(433	4	9	5	200000.0)
d(434	20	23	1	200000.0)
d(435	8	19	5	200000.0)
d(436	19	21	3	200000.0)
d(437	6	22	4	200000.0)
d(438	3	21	5	200000.0)
d(439	20	21	5	200000.0)
d(440	19	20	4	200000.0)
d(441	22	22	1	200000.0)
d(442	6	10	4	200000.0)
d(443	14	14	4	200000.0)
d(444	17	22	2	200000.0)
d(445	20	24	3	200000.0)
d(446	4	5	4	200000.0)
d(447	4	10	4	200000.0)
d(448	22	24	3	200000.0)
d(449	21	23	5	200000.0)
d(450	10	21	1	200000.0)
d(451	4	10	1	200000.0)
d(452	20	22	1	200000.0)
d(453	22	22	1	200000.0)
d(454	4	10	5	200000.0)
d(455	16	17	5	200000.0)
d(456	13	14	2	200000.0)
d(457	4	21	4	200000.0)
d(458	19	24	2	200000.0)
d(459	18	21	2	200000.0)
d(460	13	14	4	200000.0)
d(461	8	24	4	200000.0)
d(462	18	20	1	200000.0)
d(463	11	20	5	200000.0)
d(464	10	23	4	200000.0)
d(465	17	18	4	200000.0)
d(466	1	13	3	200000.0)
d(467	16	18	4	200000.0)
d(468	11	20	5	200000.0)
d(469	8	11	2	200000.0)
d(470	12	24	5	200000.0)
d(471	4	6	4	200000.0)
d(472	11	20	5	200000.0)
d(473	21	22	4	200000.0)
d(474	11	16	3	200000.0)
d(475	21	24	1	200000.0)
d(476	10	13	5	200000.0)
d(477	6	9	4	200000.0)
d(478	24	24	4	200000.0)
d(479	20	22	1	200000.0)
d(480	13	19	2	200000.0)
d(481	1	16	2	200000.0)
d(482	8	10	5	200000.0)
d(483	11	19	3	200000.0)
d(484	1	3	3	200000.0)
d(485	15	22	4	200000.0)
d(486	7	8	4	200000.0)
d(487	8	23	2	200000.0)
d(488	17	17	5	200000.0)
d(489	16	23	1	200000.0)
d(490	7	8	3	200000.0)
d(491	17	17	5	200000.0)
d(492	16	16	2	200000.0)
d(493	11	15	1	200000.0)
d(494	22	22	4	200000.0)
d(495	12	14	4	200000.0)
d(496	14	15	1	200000.0)
d(497	10	23	1	200000.0)
d(498	8	20	3	200000.0)
d(499	7	19	5	200000.0)
d(500	6	9	1	200000.0)
d(501	12	19	3	200000.0)
d(502	24	24	1	200000.0)
d(503	2	5	3	200000.0)
d(504	6	24	4	200000.0)
d(505	1	15	4	200000.0)
d(506	5	17	4	200000.0)
d(507	4	23	2	200000.0)
d(508	1	17	3	200000.0)
d(509	6	20	5	200000.0)
d(510	21	22	3	200000.0)
d(511	24	24	1	200000.0)
d(512	9	17	1	200000.0)
d(513	6	19	3	200000.0)
d(514	16	18	2	200000.0)
d(515	21	22	4	200000.0)
d(516	24	24	1	200000.0)
d(517	5	15	2	200000.0)
d(518	2	18	2	200000.0)
d(519	15	20	4	200000.0)
d(520	23	24	1	200000.0)
d(521	20	24	3	200000.0)
d(522	8	9	5	200000.0)
d(523	21	22	1	200000.0)
d(524	21	22	1	200000.0)
d(525	7	21	2	200000.0)
d(526	20	23	3	200000.0)
d(527	17	23	4	200000.0)
d(528	14	17	5	200000.0)
d(529	9	14	5	200000.0)
d(530	8	10	5	200000.0)
d(531	20	23	4	200000.0)
d(532	16	16	4	200000.0)
d(533	3	16	4	200000.0)
d(534	17	19	1	200000.0)
d(535	22	24	5	200000.0)
d(536	21	24	5	200000.0)
d(537	22	24	5	200000.0)
d(538	18	21	1	200000.0)
d(539	17	18	1	200000.0)
d(540	18	19	1	200000.0)
d(541	3	7	2	200000.0)
d(542	16	20	2	200000.0)
d(543	13	14	5	200000.0)
d(544	8	17	4	200000.0)
d(545	6	24	3	200000.0)
d(546	4	16	5	200000.0)
d(547	5	17	4	200000.0)
d(548	12	14	3	200000.0)
d(549	18	19	4	200000.0)
d(550	13	24	5	200000.0)
d(551	16	22	5	200000.0)
d(552	14	18	3	200000.0)
d(553	21	24	3	200000.0)
d(554	12	22	4	200000.0)
d(555	5	11	1	200000.0)
d(556	23	23	2	200000.0)
d(557	13	21	4	200000.0)
d(558	3	12	2	200000.0)
d(559	5	10	3	200000.0)
d(560	21	23	2	200000.0)
d(561	1	13	3	200000.0)
d(562	20	22	3	200000.0)
d(563	15	16	2	200000.0)
d(564	23	24	2	200000.0)
d(565	16	22	1	200000.0)
d(566	9	21	3	200000.0)
d(567	11	18	2	200000.0)
d(568	18	21	3	200000.0)
d(569	5	8	3	200000.0)
d(570	23	23	5	200000.0)
d(571	12	24	2	200000.0)
d(572	23	23	1	200000.0)
d(573	7	22	2	200000.0)
d(574	23	23	1	200000.0)
d(575	23	23	5	200000.0)
d(576	18	20	1	200000.0)
d(577	4	20	4	200000.0)
d(578	8	8	3	200000.0)
d(579	13	15	4	200000.0)
d(580	18	19	1	200000.0)
d(581	19	22	2	200000.0)
d(582	11	17	2	200000.0)
d(583	14	14	4	200000.0)
d(584	13	21	1	200000.0)
d(585	4	4	1	200000.0)
d(586	9	14	1	200000.0)
d(587	10	18	5	200000.0)
d(588	11	18	1	200000.0)
d(589	4	9	3	200000.0)
d(590	5	17	5	200000.0)
d(591	11	20	3	200000.0)
d(592	4	19	5	200000.0)
d(593	21	21	1	200000.0)
d(594	13	14	2	200000.0)
d(595	11	14	3	200000.0)
d(596	16	22	2	200000.0)
d(597	12	23	3	200000.0)
d(598	7	17	3	200000.0)
d(599	16	17	1	200000.0)
d(600	10	21	4	200000.0)
d(601	22	22	2	200000.0)
d(602	20	24	5	200000.0)
d(603	22	23	2	200000.0)
d(604	10	12	5	200000.0)
d(605	24	24	1	200000.0)
d(606	6	18	5	200000.0)
d(607	15	15	5	200000.0)
d(608	17	17	2	200000.0)
d(609	19	24	3	200000.0)
d(610	6	12	2	200000.0)
d(611	4	18	5	200000.0)
d(612	19	21	3	200000.0)
d(613	16	19	3	200000.0)
d(614	3	7	2	200000.0)
d(615	24	24	3	200000.0)
d(616	10	16	4	200000.0)
d(617	23	24	1	200000.0)
d(618	20	21	4	200000.0)
d(619	18	24	1	200000.0)
d(620	3	11	1	200000.0)
d(621	3	19	2	200000.0)
d(622	10	23	4	200000.0)
d(623	20	21	1	200000.0)
d(624	21	23	2	200000.0)
d(625	18	24	2	200000.0)
d(626	9	13	1	200000.0)
d(627	23	24	1	200000.0)
d(628	20	21	1	200000.0)
d(629	16	20	4	200000.0)
d(630	15	23	1	200000.0)
d(631	2	4	5	200000.0)
d(632	10	11	5	200000.0)
d(633	19	20	2	200000.0)
d(634	23	24	4	200000.0)
d(635	19	21	3	200000.0)
d(636	2	9	3	200000.0)
d(637	13	15	5	200000.0)
d(638	17	23	1	200000.0)
d(639	20	23	5	200000.0)
d(640	22	22	1	200000.0)
d(641	7	22	2	200000.0)
d(642	2	20	3	200000.0)
d(643	3	13	3	200000.0)
d(644	12	24	4	200000.0)
d(645	11	24	5	200000.0)
d(646	16	22	3	200000.0)
d(647	23	24	2	200000.0)
d(648	19	24	5	200000.0)
d(649	1	20	2	200000.0)
d(650	14	17	5	200000.0)
d(651	18	22	2	200000.0)
d(652	22	22	4	200000.0)
d(653	11	14	5	200000.0)
d(654	1	3	5	200000.0)
d(655	11	17	5	200000.0)
d(656	1	9	4	200000.0)
d(657	20	23	5	200000.0)
d(658	9	10	5	200000.0)
d(659	18	22	1	200000.0)
d(660	13	21	5	200000.0)
d(661	21	21	3	200000.0)
d(662	11	13	3	200000.0)
d(663	16	21	5	200000.0)
d(664	7	21	4	200000.0)
d(665	11	18	5	200000.0)
d(666	16	21	5	200000.0)
d(667	11	15	4	200000.0)
d(668	13	19	4	200000.0)
d(669	16	24	5	200000.0)
d(670	14	20	1	200000.0)
d(671	10	24	5	200000.0)
d(672	20	24	5	200000.0)
d(673	11	13	2	200000.0)
d(674	23	23	5	200000.0)
d(675	17	24	1	200000.0)
d(676	15	19	1	200000.0)
d(677	19	24	1	200000.0)
d(678	12	20	3	200000.0)
d(679	10	17	3	200000.0)
d(680	16	23	2	200000.0)
d(681	20	22	2	200000.0)
d(682	14	22	4	200000.0)
d(683	20	21	1	200000.0)
d(684	24	24	5	200000.0)
d(685	20	21	1	200000.0)
d(686	11	17	2	200000.0)
d(687	12	22	1	200000.0)
d(688	8	16	3	200000.0)
d(689	1	24	1	200000.0)
d(690	21	21	2	200000.0)
d(691	1	24	3	200000.0)
d(692	12	22	3	200000.0)
d(693	15	15	5	200000.0)
d(694	9	23	4	200000.0)
d(695	12	13	5	200000.0)
d(696	7	19	4	200000.0)
d(697	22	24	5	200000.0)
d(698	3	20	1	200000.0)
d(699	15	15	4	200000.0)
d(700	16	24	3	200000.0)
v(1	1	17	146	34	1)
v(1	2	22	39	44	1)
v(2	1	5	96	10	2)
v(2	2	17	36	34	3)
v(2	3	26	49	52	2)
v(2	4	12	41	24	3)
v(3	1	4	136	8	3)
v(3	2	26	66	52	3)
v(3	3	1	112	2	3)
v(3	4	32	148	64	3)
v(4	1	4	39	8	2)
v(4	2	7	70	14	2)
v(4	3	4	145	8	2)
v(5	1	11	81	22	1)
v(5	2	16	130	32	1)
v(6	1	20	140	40	0)
v(7	1	29	167	58	1)
v(7	2	9	38	18	1)
v(7	3	7	133	14	2)
v(8	1	20	128	40	3)
v(8	2	10	94	20	3)
v(8	3	22	165	44	3)
v(8	4	20	166	40	3)
v(9	1	6	44	12	1)
v(9	2	31	91	62	1)
v(10	1	30	77	60	3)
v(10	2	11	68	22	3)
v(10	3	6	164	12	3)
v(10	4	29	167	58	3)
v(11	1	27	168	54	4)
v(11	2	21	172	42	3)
v(11	3	31	72	62	4)
v(11	4	15	58	30	4)
v(11	5	14	153	28	3)
v(12	1	9	21	18	4)
v(12	2	3	81	6	4)
v(12	3	26	133	52	4)
v(12	4	18	93	36	4)
v(12	5	5	41	10	4)
v(13	1	26	116	52	3)
v(13	2	31	130	62	1)
v(13	3	8	66	16	3)
v(13	4	19	75	38	3)
v(13	5	7	39	14	4)
v(14	1	9	96	18	0)
v(15	1	24	100	48	2)
v(15	2	30	54	60	2)
v(15	3	1	65	2	2)
v(16	1	2	136	4	0)
v(17	1	7	68	14	1)
v(17	2	20	96	40	1)
v(18	1	11	47	22	1)
v(18	2	18	35	36	1)
v(19	1	13	124	26	3)
v(19	2	21	42	42	3)
v(19	3	11	48	22	3)
v(19	4	6	23	12	3)
v(20	1	1	44	2	2)
v(20	2	12	123	24	2)
v(20	3	16	147	32	2)
v(21	1	31	71	62	2)
v(21	2	1	134	2	2)
v(21	3	1	79	2	2)
v(22	1	12	36	24	3)
v(22	2	22	115	44	3)
v(22	3	15	44	30	3)
v(22	4	2	116	4	3)
v(23	1	10	152	20	0)
v(24	1	22	131	44	3)
v(24	2	1	102	2	3)
v(24	3	31	46	62	3)
v(24	4	19	133	38	3)
v(25	1	26	82	52	4)
v(25	2	25	126	50	4)
v(25	3	8	49	16	4)
v(25	4	32	78	64	4)
v(25	5	25	87	50	4)
v(26	1	10	53	20	3)
v(26	2	25	113	50	2)
v(26	3	22	55	44	3)
v(26	4	12	41	24	2)
v(27	1	13	107	26	2)
v(27	2	2	11	4	2)
v(27	3	24	82	48	2)
v(28	1	1	18	2	3)
v(28	2	25	90	50	3)
v(28	3	3	28	6	3)
v(28	4	24	121	48	3)
v(29	1	22	111	44	0)
v(30	1	22	147	44	2)
v(30	2	8	39	16	2)
v(30	3	15	166	30	2)
v(31	1	4	148	8	2)
v(31	2	29	135	58	2)
v(31	3	4	158	8	2)
v(32	1	5	19	10	0)
v(33	1	16	46	32	4)
v(33	2	14	28	28	4)
v(33	3	13	157	26	4)
v(33	4	16	89	32	4)
v(33	5	22	30	44	4)
v(34	1	26	122	52	0)
v(34	2	14	41	28	0)
v(35	1	30	84	60	0)
v(36	1	8	82	16	4)
v(36	2	23	104	46	4)
v(36	3	19	111	38	4)
v(36	4	27	43	54	4)
v(36	5	15	70	30	4)
v(37	1	32	161	64	4)
v(37	2	28	143	56	4)
v(37	3	29	111	58	3)
v(37	4	24	71	48	3)
v(37	5	27	55	54	4)
v(38	1	21	56	42	2)
v(38	2	25	144	50	2)
v(38	3	3	32	6	2)
v(39	1	31	129	62	2)
v(39	2	17	58	34	2)
v(39	3	9	41	18	2)
v(40	1	24	64	48	2)
v(40	2	4	69	8	2)
v(40	3	10	26	20	2)
v(41	1	29	164	58	2)
v(41	2	26	131	52	3)
v(41	3	9	67	18	3)
v(41	4	3	57	6	2)
v(42	1	4	63	8	4)
v(42	2	4	164	8	4)
v(42	3	20	48	40	4)
v(42	4	30	99	60	4)
v(42	5	23	63	46	4)
v(43	1	2	69	4	0)
v(44	1	7	114	14	0)
v(45	1	8	38	16	1)
v(45	2	23	115	46	1)
v(46	1	8	146	16	2)
v(46	2	29	51	58	2)
v(46	3	19	124	38	2)
v(47	1	2	153	4	3)
v(47	2	20	102	40	3)
v(47	3	5	89	10	3)
v(47	4	9	80	18	3)
v(47	5	16	121	32	4)
v(48	1	1	37	2	2)
v(48	2	12	21	24	2)
v(48	3	3	91	6	2)
v(49	1	8	25	16	2)
v(49	2	4	122	8	3)
v(49	3	14	92	28	2)
v(49	4	17	123	34	3)
v(50	1	19	48	38	0)
v(51	1	10	129	20	0)
v(52	1	9	37	18	4)
v(52	2	1	73	2	4)
v(52	3	9	113	18	4)
v(52	4	1	37	2	4)
v(52	5	32	186	64	4)
v(53	1	24	90	48	1)
v(53	2	19	83	38	1)
v(54	1	1	13	2	1)
v(54	2	25	185	50	1)
v(55	1	8	38	16	4)
v(55	2	29	151	58	4)
v(55	3	31	92	62	4)
v(55	4	30	68	60	4)
v(55	5	15	110	30	4)
v(56	1	21	47	42	4)
v(56	2	20	39	40	4)
v(56	3	1	58	2	4)
v(56	4	4	89	8	4)
v(56	5	11	125	22	4)
v(57	1	14	46	28	2)
v(57	2	29	66	58	2)
v(57	3	18	135	36	2)
v(58	1	5	83	10	3)
v(58	2	22	155	44	3)
v(58	3	20	107	40	3)
v(58	4	4	139	8	3)
v(59	1	18	153	36	4)
v(59	2	15	137	30	4)
v(59	3	9	102	18	4)
v(59	4	25	31	50	4)
v(59	5	15	41	30	4)
v(60	1	13	98	26	1)
v(60	2	4	94	8	1)
v(61	1	8	167	16	4)
v(61	2	26	57	52	4)
v(61	3	24	51	48	3)
v(61	4	3	98	6	3)
v(61	5	25	55	50	4)
v(62	1	8	62	16	2)
v(62	2	22	100	44	2)
v(62	3	2	139	4	2)
v(63	1	16	44	32	4)
v(63	2	16	17	32	3)
v(63	3	16	33	32	4)
v(63	4	17	70	34	4)
v(63	5	1	84	2	3)
v(64	1	30	75	60	4)
v(64	2	6	94	12	4)
v(64	3	24	168	48	4)
v(64	4	17	74	34	4)
v(64	5	29	30	58	4)
v(65	1	19	113	38	3)
v(65	2	8	158	16	4)
v(65	3	18	120	36	4)
v(65	4	2	33	4	3)
v(65	5	24	153	48	4)
v(66	1	16	66	32	1)
v(66	2	8	140	16	1)
v(67	1	11	171	22	0)
v(68	1	22	147	44	0)
v(69	1	23	170	46	2)
v(69	2	10	152	20	2)
v(69	3	7	163	14	3)
v(69	4	32	168	64	3)
v(70	1	15	94	30	2)
v(70	2	11	102	22	2)
v(70	3	11	72	22	2)
v(71	1	3	80	6	2)
v(71	2	13	100	26	2)
v(71	3	12	99	24	3)
v(71	4	20	126	40	3)
v(72	1	18	59	36	0)
v(73	1	22	124	44	0)
v(74	1	10	41	20	4)
v(74	2	19	111	38	3)
v(74	3	6	96	12	4)
v(74	4	22	107	44	3)
v(74	5	23	91	46	4)
v(75	1	11	36	22	0)
v(76	1	14	131	28	0)
v(77	1	4	137	8	2)
v(77	2	15	35	30	2)
v(77	3	17	164	34	2)
v(78	1	11	49	22	4)
v(78	2	10	143	20	3)
v(78	3	3	106	6	3)
v(78	4	7	52	14	4)
v(78	5	9	64	18	4)
v(79	1	18	100	36	1)
v(79	2	2	122	4	1)
v(80	1	14	114	28	4)
v(80	2	12	110	24	4)
v(80	3	6	119	12	4)
v(80	4	5	110	10	4)
v(80	5	25	64	50	4)
v(81	1	1	149	2	2)
v(81	2	18	58	36	2)
v(81	3	14	145	28	2)
v(82	1	29	164	58	0)
v(83	1	24	111	48	2)
v(83	2	18	64	36	2)
v(83	3	3	101	6	3)
v(83	4	18	140	36	3)
v(84	1	18	47	36	3)
v(84	2	18	160	36	3)
v(84	3	10	54	20	3)
v(84	4	31	135	62	3)
v(85	1	25	180	50	1)
v(85	2	19	103	38	1)
v(86	1	5	124	10	0)
v(87	1	25	178	50	0)
v(88	1	13	32	26	3)
v(88	2	29	127	58	3)
v(88	3	5	151	10	3)
v(88	4	4	88	8	3)
v(89	1	18	80	36	3)
v(89	2	22	154	44	3)
v(89	3	8	23	16	3)
v(89	4	20	44	40	3)
v(90	1	11	42	22	0)
v(91	1	15	173	30	1)
v(91	2	10	15	20	1)
v(92	1	19	161	38	3)
v(92	2	25	156	50	3)
v(92	3	1	33	2	3)
v(92	4	13	30	26	3)
v(93	1	3	44	6	1)
v(93	2	12	126	24	1)
v(94	1	13	26	26	3)
v(94	2	12	150	24	3)
v(94	3	27	86	54	3)
v(94	4	6	137	12	3)
v(95	1	8	63	16	3)
v(95	2	14	24	28	3)
v(95	3	10	63	20	3)
v(95	4	22	106	44	3)
v(96	1	19	79	38	1)
v(96	2	26	94	52	1)
v(97	1	13	134	26	0)
v(98	1	13	106	26	2)
v(98	2	25	149	50	2)
v(98	3	17	88	34	2)
v(99	1	6	48	12	1)
v(99	2	19	53	38	1)
v(100	1	12	77	24	3)
v(100	2	14	82	28	3)
v(100	3	24	79	48	3)
v(100	4	5	148	10	3)
v(101	1	21	105	42	3)
v(101	2	27	139	54	2)
v(101	3	13	128	26	4)
v(101	4	13	132	26	3)
v(101	5	7	87	14	4)
v(102	1	26	108	52	0)
v(103	1	17	20	34	0)
v(104	1	18	142	36	2)
v(104	2	26	80	52	2)
v(104	3	8	133	16	2)
v(105	1	31	154	62	1)
v(105	2	1	133	2	1)
v(106	1	12	29	24	0)
v(107	1	18	130	36	3)
v(107	2	3	23	6	4)
v(107	3	15	156	30	3)
v(107	4	22	110	44	4)
v(107	5	2	15	4	4)
v(108	1	32	69	64	1)
v(108	2	30	186	60	1)
v(109	1	25	35	50	0)
v(110	1	25	146	50	1)
v(110	2	15	119	30	1)
v(111	1	23	161	46	2)
v(111	2	17	83	34	3)
v(111	3	21	152	42	3)
v(111	4	25	99	50	2)
v(112	1	32	175	64	1)
v(112	2	23	111	46	1)
v(113	1	24	171	48	3)
v(113	2	19	107	38	3)
v(113	3	20	142	40	3)
v(113	4	21	75	42	3)
v(114	1	23	110	46	0)
v(115	1	28	151	56	1)
v(115	2	10	139	20	1)
v(116	1	18	44	36	1)
v(116	2	17	170	34	1)
v(117	1	31	46	62	1)
v(117	2	17	177	34	1)
v(118	1	31	46	62	1)
v(118	2	31	158	62	1)
v(119	1	12	93	24	2)
v(119	2	24	181	48	2)
v(119	3	7	114	14	2)
v(120	1	15	81	30	1)
v(120	2	32	173	64	1)
v(121	1	28	64	56	0)
v(122	1	32	76	64	0)
v(122	2	14	97	28	0)
v(123	1	10	97	20	3)
v(123	2	8	20	16	1)
v(123	3	9	119	18	2)
v(123	4	1	20	2	2)
v(124	1	28	78	56	4)
v(124	2	1	75	2	4)
v(124	3	10	69	20	4)
v(124	4	23	48	46	4)
v(124	5	31	114	62	4)
v(125	1	28	88	56	0)
v(126	1	28	176	56	4)
v(126	2	8	33	16	4)
v(126	3	18	87	36	4)
v(126	4	20	72	40	4)
v(126	5	19	40	38	4)
v(127	1	18	132	36	2)
v(127	2	20	44	40	2)
v(127	3	7	72	14	2)
v(128	1	29	125	58	0)
v(129	1	26	74	52	3)
v(129	2	10	40	20	3)
v(129	3	30	90	60	3)
v(129	4	8	57	16	3)
v(130	1	22	83	44	0)
v(130	2	19	69	38	0)
v(131	1	25	182	50	3)
v(131	2	21	103	42	3)
v(131	3	20	70	40	3)
v(131	4	32	168	64	3)
v(132	1	12	161	24	3)
v(132	2	4	137	8	3)
v(132	3	13	39	26	3)
v(132	4	24	169	48	3)
v(133	1	10	90	20	3)
v(133	2	29	186	58	2)
v(133	3	13	113	26	2)
v(133	4	14	76	28	3)
v(134	1	20	121	40	2)
v(134	2	23	137	46	1)
v(134	3	23	27	46	1)
v(135	1	12	80	24	1)
v(135	2	16	158	32	1)
v(136	1	17	147	34	2)
v(136	2	1	63	2	2)
v(136	3	16	65	32	2)
v(137	1	15	103	30	2)
v(137	2	14	113	28	3)
v(137	3	5	18	10	3)
v(137	4	11	94	22	2)
v(138	1	5	26	10	3)
v(138	2	17	130	34	3)
v(138	3	31	94	62	3)
v(138	4	19	114	38	3)
v(139	1	8	27	16	2)
v(139	2	13	46	26	2)
v(139	3	9	58	18	2)
v(140	1	16	19	32	1)
v(140	2	13	93	26	1)
v(141	1	29	115	58	2)
v(141	2	5	100	10	1)
v(141	3	25	28	50	1)
v(142	1	11	154	22	1)
v(142	2	11	102	22	1)
v(143	1	10	137	20	0)
v(144	1	25	168	50	4)
v(144	2	24	111	48	4)
v(144	3	23	56	46	4)
v(144	4	31	184	62	4)
v(144	5	30	159	60	4)
v(145	1	6	71	12	3)
v(145	2	2	146	4	3)
v(145	3	12	28	24	3)
v(145	4	24	78	48	3)
v(146	1	18	42	36	0)
v(147	1	5	144	10	1)
v(147	2	3	91	6	1)
v(148	1	19	169	38	3)
v(148	2	31	148	62	3)
v(148	3	4	12	8	3)
v(148	4	15	95	30	3)
v(149	1	5	96	10	2)
v(149	2	1	50	2	2)
v(149	3	18	92	36	2)
v(150	1	10	29	20	0)
v(151	1	10	165	20	2)
v(151	2	2	126	4	2)
v(151	3	19	146	38	2)
v(152	1	6	159	12	4)
v(152	2	15	23	30	4)
v(152	3	22	114	44	4)
v(152	4	1	79	2	4)
v(152	5	14	157	28	4)
v(153	1	30	36	60	3)
v(153	2	9	149	18	3)
v(153	3	29	101	58	3)
v(153	4	23	65	46	3)
v(154	1	8	49	16	4)
v(154	2	19	71	38	4)
v(154	3	12	161	24	4)
v(154	4	4	75	8	4)
v(154	5	10	99	20	4)
v(155	1	32	38	64	2)
v(155	2	6	92	12	2)
v(155	3	13	139	26	2)
v(155	4	10	147	20	2)
v(156	1	5	50	10	2)
v(156	2	4	34	8	2)
v(156	3	32	113	64	2)
v(157	1	11	117	22	1)
v(157	2	11	75	22	1)
v(158	1	14	35	28	3)
v(158	2	23	143	46	3)
v(158	3	28	168	56	3)
v(158	4	19	160	38	3)
v(159	1	22	47	44	2)
v(159	2	30	116	60	2)
v(159	3	11	106	22	2)
v(160	1	17	174	34	0)
v(161	1	28	126	56	2)
v(161	2	4	102	8	2)
v(161	3	18	137	36	2)
v(162	1	5	117	10	4)
v(162	2	11	153	22	4)
v(162	3	20	21	40	4)
v(162	4	11	78	22	4)
v(162	5	28	109	56	4)
v(163	1	5	92	10	2)
v(163	2	5	139	10	2)
v(163	3	23	32	46	2)
v(164	1	7	18	14	1)
v(164	2	17	153	34	1)
v(165	1	23	139	46	0)
v(166	1	31	102	62	0)
v(167	1	3	72	6	1)
v(167	2	28	33	56	1)
v(168	1	15	64	30	0)
v(169	1	17	97	34	2)
v(169	2	18	78	36	3)
v(169	3	13	18	26	3)
v(169	4	11	28	22	2)
v(170	1	4	52	8	1)
v(170	2	26	142	52	1)
v(171	1	6	81	12	1)
v(171	2	7	85	14	1)
v(172	1	22	171	44	1)
v(172	2	27	143	54	1)
v(173	1	15	98	30	1)
v(173	2	20	108	40	1)
v(174	1	25	151	50	1)
v(174	2	7	32	14	1)
v(175	1	32	192	64	3)
v(175	2	9	52	18	3)
v(175	3	10	117	20	3)
v(175	4	13	173	26	3)
v(176	1	30	112	60	1)
v(176	2	30	157	60	1)
v(177	1	1	5	2	0)
v(178	1	5	29	10	2)
v(178	2	4	46	8	1)
v(178	3	31	103	62	3)
v(178	4	26	153	52	2)
v(179	1	10	49	20	0)
v(180	1	23	74	46	4)
v(180	2	19	110	38	4)
v(180	3	6	57	12	4)
v(180	4	11	43	22	4)
v(180	5	8	99	16	4)
v(181	1	19	172	38	3)
v(181	2	22	70	44	3)
v(181	3	22	177	44	3)
v(181	4	28	186	56	3)
v(182	1	14	118	28	2)
v(182	2	14	110	28	2)
v(182	3	8	78	16	2)
v(183	1	21	120	42	0)
v(184	1	19	83	38	4)
v(184	2	18	148	36	4)
v(184	3	20	74	40	4)
v(184	4	9	53	18	4)
v(184	5	14	124	28	4)
v(185	1	27	154	54	4)
v(185	2	5	120	10	4)
v(185	3	10	120	20	4)
v(185	4	19	129	38	4)
v(185	5	28	128	56	4)
v(186	1	29	47	58	2)
v(186	2	18	76	36	2)
v(186	3	19	105	38	2)
v(187	1	1	65	2	4)
v(187	2	20	64	40	4)
v(187	3	17	124	34	4)
v(187	4	15	47	30	4)
v(187	5	11	33	22	4)
v(188	1	10	130	20	1)
v(188	2	2	20	4	1)
v(189	1	15	166	30	0)
v(190	1	8	165	16	0)
v(191	1	19	116	38	4)
v(191	2	6	154	12	4)
v(191	3	9	102	18	4)
v(191	4	27	73	54	4)
v(191	5	20	62	40	4)
v(192	1	7	150	14	4)
v(192	2	26	171	52	4)
v(192	3	27	100	54	3)
v(192	4	23	111	46	4)
v(192	5	12	77	24	3)
v(193	1	18	136	36	0)
v(194	1	20	131	40	4)
v(194	2	24	30	48	3)
v(194	3	22	109	44	3)
v(194	4	8	131	16	4)
v(194	5	11	171	22	4)
v(195	1	28	98	56	1)
v(195	2	32	152	64	1)
v(196	1	17	99	34	4)
v(196	2	12	150	24	4)
v(196	3	24	132	48	4)
v(196	4	14	55	28	4)
v(196	5	16	85	32	4)
v(197	1	26	176	52	1)
v(197	2	31	125	62	1)
v(198	1	5	132	10	2)
v(198	2	29	163	58	2)
v(198	3	24	153	48	3)
v(198	4	23	117	46	3)
v(199	1	5	13	10	3)
v(199	2	11	109	22	3)
v(199	3	16	63	32	3)
v(199	4	6	66	12	3)
v(200	1	22	175	44	4)
v(200	2	9	109	18	4)
v(200	3	29	91	58	4)
v(200	4	32	140	64	4)
v(200	5	7	116	14	4)
v(201	1	8	9	16	1)
v(201	2	3	8	6	1)
v(202	1	6	11	12	3)
v(202	2	14	166	28	4)
v(202	3	1	7	2	3)
v(202	4	24	36	48	4)
v(202	5	30	91	60	4)
v(203	1	20	148	40	3)
v(203	2	14	51	28	2)
v(203	3	30	77	60	2)
v(203	4	9	34	18	1)
v(204	1	6	78	12	4)
v(204	2	6	44	12	4)
v(204	3	20	39	40	4)
v(204	4	20	156	40	4)
v(204	5	22	146	44	4)
v(205	1	22	132	44	4)
v(205	2	8	45	16	4)
v(205	3	29	68	58	4)
v(205	4	18	19	36	4)
v(205	5	14	121	28	4)
v(206	1	5	105	10	2)
v(206	2	2	128	4	2)
v(206	3	27	104	54	2)
v(207	1	4	57	8	0)
v(208	1	17	69	34	3)
v(208	2	32	61	64	2)
v(208	3	31	54	62	3)
v(208	4	12	94	24	2)
v(209	1	28	103	56	0)
v(210	1	1	33	2	3)
v(210	2	24	148	48	4)
v(210	3	18	132	36	4)
v(210	4	23	181	46	3)
v(210	5	9	48	18	4)
v(211	1	19	150	38	3)
v(211	2	24	184	48	4)
v(211	3	7	139	14	4)
v(211	4	2	29	4	3)
v(211	5	9	132	18	4)
v(212	1	31	73	62	3)
v(212	2	18	26	36	3)
v(212	3	17	156	34	2)
v(212	4	28	166	56	4)
v(212	5	15	21	30	4)
v(213	1	15	63	30	1)
v(213	2	6	146	12	1)
v(214	1	29	35	58	4)
v(214	2	12	87	24	4)
v(214	3	16	121	32	4)
v(214	4	31	124	62	4)
v(214	5	18	44	36	4)
v(215	1	29	104	58	0)
v(216	1	31	94	62	0)
v(217	1	6	81	12	1)
v(217	2	1	85	2	1)
v(218	1	26	96	52	4)
v(218	2	14	51	28	3)
v(218	3	10	127	20	4)
v(218	4	1	147	2	2)
v(218	5	28	57	56	3)
v(219	1	18	70	36	2)
v(219	2	12	155	24	2)
v(219	3	7	156	14	2)
v(220	1	6	25	12	3)
v(220	2	21	151	42	3)
v(220	3	19	138	38	3)
v(220	4	3	101	6	3)
v(221	1	23	166	46	4)
v(221	2	4	113	8	4)
v(221	3	12	58	24	3)
v(221	4	31	56	62	3)
v(221	5	20	75	40	4)
v(222	1	19	108	38	0)
v(223	1	19	163	38	1)
v(223	2	5	54	10	1)
v(224	1	4	144	8	3)
v(224	2	15	133	30	4)
v(224	3	4	97	8	4)
v(224	4	1	31	2	3)
v(224	5	26	110	52	4)
v(225	1	26	82	52	1)
v(225	2	4	155	8	1)
v(226	1	14	117	28	2)
v(226	2	1	78	2	2)
v(226	3	20	63	40	2)
v(227	1	32	80	64	2)
v(227	2	20	30	40	2)
v(227	3	26	116	52	2)
v(228	1	20	67	40	3)
v(228	2	29	177	58	3)
v(228	3	23	158	46	3)
v(228	4	12	89	24	3)
v(229	1	4	67	8	1)
v(229	2	30	189	60	1)
v(230	1	4	71	8	3)
v(230	2	21	62	42	4)
v(230	3	15	101	30	3)
v(230	4	6	87	12	3)
v(230	5	7	61	14	3)
v(231	1	6	39	12	1)
v(231	2	4	68	8	1)
v(232	1	19	48	38	4)
v(232	2	17	130	34	4)
v(232	3	3	94	6	4)
v(232	4	25	155	50	4)
v(232	5	31	110	62	4)
v(233	1	14	171	28	3)
v(233	2	13	58	26	3)
v(233	3	8	75	16	3)
v(233	4	21	45	42	3)
v(234	1	16	152	32	0)
v(235	1	22	140	44	3)
v(235	2	16	71	32	4)
v(235	3	8	154	16	4)
v(235	4	28	182	56	3)
v(235	5	15	173	30	4)
v(236	1	26	79	52	3)
v(236	2	22	114	44	2)
v(236	3	15	171	30	3)
v(236	4	22	90	44	2)
v(237	1	15	72	30	2)
v(237	2	12	93	24	2)
v(237	3	31	111	62	2)
v(238	1	4	148	8	0)
v(239	1	14	37	28	0)
v(240	1	28	153	56	0)
v(241	1	9	153	18	0)
v(242	1	14	138	28	3)
v(242	2	5	106	10	3)
v(242	3	30	124	60	3)
v(242	4	17	105	34	3)
v(243	1	12	52	24	2)
v(243	2	9	130	18	3)
v(243	3	23	138	46	2)
v(243	4	17	151	34	3)
v(244	1	1	149	2	1)
v(244	2	14	68	28	1)
v(245	1	23	52	46	3)
v(245	2	11	64	22	2)
v(245	3	30	35	60	3)
v(245	4	12	148	24	2)
v(246	1	6	164	12	3)
v(246	2	21	43	42	4)
v(246	3	20	26	40	4)
v(246	4	12	139	24	3)
v(246	5	2	98	4	4)
v(247	1	31	167	62	2)
v(247	2	19	122	38	2)
v(247	3	7	49	14	2)
v(248	1	14	51	28	1)
v(248	2	3	50	6	1)
v(249	1	11	155	22	0)
v(250	1	11	61	22	4)
v(250	2	11	169	22	4)
v(250	3	8	123	16	4)
v(250	4	9	49	18	4)
v(250	5	14	112	28	4)
v(251	1	16	43	32	0)
v(252	1	2	23	4	0)
v(253	1	32	45	64	0)
v(253	2	7	75	14	0)
v(254	1	19	55	38	1)
v(254	2	30	172	60	1)
v(255	1	24	125	48	0)
v(256	1	28	30	56	2)
v(256	2	14	56	28	2)
v(256	3	19	69	38	2)
v(257	1	25	79	50	1)
v(257	2	22	179	44	2)
v(257	3	30	184	60	1)
v(258	1	19	128	38	0)
v(259	1	22	98	44	1)
v(259	2	5	153	10	1)
v(260	1	18	88	36	2)
v(260	2	30	125	60	2)
v(260	3	31	117	62	3)
v(260	4	30	189	60	3)
v(261	1	29	122	58	3)
v(261	2	29	84	58	3)
v(261	3	32	123	64	3)
v(261	4	19	88	38	3)
v(262	1	22	129	44	0)
v(263	1	19	50	38	4)
v(263	2	12	72	24	4)
v(263	3	30	89	60	4)
v(263	4	27	63	54	4)
v(263	5	9	21	18	4)
v(264	1	30	157	60	4)
v(264	2	20	101	40	4)
v(264	3	17	38	34	4)
v(264	4	22	147	44	4)
v(264	5	16	168	32	4)
v(265	1	16	50	32	0)
v(266	1	1	104	2	4)
v(266	2	32	80	64	4)
v(266	3	19	147	38	4)
v(266	4	12	164	24	4)
v(266	5	21	64	42	4)
v(267	1	14	111	28	2)
v(267	2	8	83	16	3)
v(267	3	14	16	28	2)
v(267	4	13	151	26	3)
v(268	1	30	39	60	2)
v(268	2	24	103	48	2)
v(268	3	7	114	14	2)
v(269	1	10	159	20	3)
v(269	2	27	62	54	3)
v(269	3	6	74	12	3)
v(269	4	23	166	46	3)
v(270	1	25	38	50	0)
v(271	1	25	154	50	1)
v(271	2	19	138	38	1)
v(271	3	8	64	16	2)
v(272	1	7	39	14	0)
v(273	1	8	69	16	4)
v(273	2	32	74	64	4)
v(273	3	26	74	52	4)
v(273	4	3	48	6	4)
v(273	5	1	136	2	4)
v(274	1	18	148	36	4)
v(274	2	24	174	48	3)
v(274	3	32	145	64	3)
v(274	4	12	157	24	3)
v(274	5	23	123	46	3)
v(275	1	2	124	4	3)
v(275	2	9	127	18	3)
v(275	3	11	66	22	3)
v(275	4	27	74	54	3)
v(276	1	31	93	62	0)
v(277	1	32	100	64	4)
v(277	2	10	112	20	4)
v(277	3	18	102	36	4)
v(277	4	4	77	8	4)
v(277	5	8	67	16	4)
v(278	1	2	105	4	1)
v(278	2	27	123	54	1)
v(279	1	31	181	62	2)
v(279	2	8	157	16	2)
v(279	3	21	103	42	2)
v(280	1	1	89	2	3)
v(280	2	29	180	58	3)
v(280	3	23	90	46	3)
v(280	4	30	175	60	3)
v(281	1	18	162	36	4)
v(281	2	29	182	58	3)
v(281	3	14	86	28	2)
v(281	4	10	128	20	4)
v(281	5	5	20	10	3)
v(282	1	25	107	50	4)
v(282	2	26	163	52	3)
v(282	3	3	111	6	4)
v(282	4	13	128	26	3)
v(282	5	30	158	60	4)
v(283	1	30	44	60	1)
v(283	2	31	107	62	1)
v(284	1	8	141	16	0)
v(285	1	6	62	12	1)
v(285	2	7	129	14	1)
v(286	1	22	174	44	0)
v(287	1	10	127	20	2)
v(287	2	2	14	4	2)
v(287	3	1	29	2	2)
v(288	1	6	130	12	1)
v(288	2	17	127	34	1)
v(289	1	18	156	36	1)
v(289	2	7	161	14	1)
v(290	1	32	173	64	2)
v(290	2	19	21	38	2)
v(290	3	26	105	52	2)
v(291	1	21	108	42	0)
v(292	1	9	113	18	0)
v(293	1	14	144	28	0)
v(294	1	26	90	52	0)
v(295	1	11	125	22	1)
v(295	2	7	167	14	1)
v(296	1	12	117	24	3)
v(296	2	8	168	16	3)
v(296	3	29	107	58	3)
v(296	4	21	171	42	3)
v(297	1	23	89	46	1)
v(297	2	1	88	2	1)
v(298	1	19	66	38	3)
v(298	2	10	115	20	3)
v(298	3	5	98	10	4)
v(298	4	24	104	48	3)
v(298	5	10	61	20	3)
v(299	1	1	54	2	4)
v(299	2	15	108	30	4)
v(299	3	17	60	34	4)
v(299	4	11	122	22	4)
v(299	5	28	143	56	4)
v(300	1	24	165	48	1)
v(300	2	23	43	46	1)
v(300	3	29	115	58	2)
v(301	1	7	79	14	0)
v(302	1	1	109	2	4)
v(302	2	32	36	64	3)
v(302	3	30	190	60	4)
v(302	4	28	176	56	3)
v(302	5	29	37	58	4)
v(303	1	10	87	20	1)
v(303	2	4	163	8	1)
v(304	1	30	91	60	2)
v(304	2	26	116	52	2)
v(304	3	7	45	14	2)
v(305	1	5	34	10	2)
v(305	2	8	30	16	2)
v(305	3	14	127	28	2)
v(306	1	18	31	36	2)
v(306	2	14	90	28	3)
v(306	3	23	99	46	2)
v(306	4	17	70	34	3)
v(307	1	16	73	32	1)
v(307	2	3	62	6	1)
v(308	1	13	143	26	1)
v(308	2	10	36	20	1)
v(309	1	8	80	16	3)
v(309	2	26	77	52	3)
v(309	3	16	148	32	3)
v(309	4	4	73	8	3)
v(310	1	8	60	16	1)
v(310	2	13	169	26	1)
v(311	1	29	106	58	2)
v(311	2	14	119	28	2)
v(311	3	31	161	62	2)
v(312	1	15	142	30	3)
v(312	2	12	68	24	3)
v(312	3	3	54	6	3)
v(312	4	1	145	2	3)
v(313	1	23	132	46	3)
v(313	2	16	102	32	3)
v(313	3	8	56	16	3)
v(313	4	28	160	56	3)
v(314	1	11	153	22	4)
v(314	2	11	58	22	3)
v(314	3	3	35	6	3)
v(314	4	31	65	62	4)
v(314	5	6	25	12	4)
v(315	1	18	88	36	2)
v(315	2	25	32	50	2)
v(315	3	9	82	18	2)
v(316	1	26	77	52	1)
v(316	2	30	90	60	1)
v(317	1	27	42	54	4)
v(317	2	20	99	40	4)
v(317	3	9	74	18	4)
v(317	4	9	49	18	4)
v(317	5	19	113	38	4)
v(318	1	28	139	56	3)
v(318	2	10	60	20	3)
v(318	3	18	142	36	3)
v(318	4	3	65	6	3)
v(319	1	22	111	44	2)
v(319	2	23	120	46	2)
v(319	3	14	52	28	2)
v(320	1	20	27	40	3)
v(320	2	30	31	60	3)
v(320	3	8	91	16	3)
v(320	4	31	88	62	3)
v(321	1	17	117	34	2)
v(321	2	4	79	8	2)
v(321	3	5	51	10	2)
v(322	1	9	153	18	4)
v(322	2	10	127	20	4)
v(322	3	18	48	36	3)
v(322	4	18	51	36	3)
v(322	5	24	180	48	4)
v(323	1	10	50	20	0)
v(324	1	18	46	36	2)
v(324	2	10	166	20	2)
v(324	3	1	124	2	2)
v(325	1	17	60	34	0)
v(325	2	32	51	64	0)
v(326	1	32	184	64	3)
v(326	2	20	145	40	3)
v(326	3	3	51	6	3)
v(326	4	16	152	32	3)
v(327	1	21	29	42	0)
v(328	1	6	30	12	1)
v(328	2	12	99	24	1)
v(329	1	3	10	6	1)
v(329	2	22	65	44	1)
v(330	1	4	147	8	0)
v(331	1	6	29	12	0)
v(332	1	29	152	58	3)
v(332	2	23	137	46	3)
v(332	3	6	87	12	3)
v(332	4	6	72	12	3)
v(333	1	8	69	16	0)
v(334	1	8	62	16	2)
v(334	2	5	17	10	2)
v(334	3	6	79	12	2)
v(335	1	8	146	16	1)
v(335	2	30	164	60	1)
v(336	1	8	12	16	1)
v(336	2	21	167	42	1)
v(337	1	14	156	28	4)
v(337	2	7	56	14	4)
v(337	3	15	26	30	4)
v(337	4	13	68	26	4)
v(337	5	27	128	54	4)
v(338	1	24	53	48	4)
v(338	2	29	101	58	4)
v(338	3	26	110	52	4)
v(338	4	12	85	24	4)
v(338	5	28	29	56	4)
v(339	1	24	97	48	4)
v(339	2	9	32	18	4)
v(339	3	20	137	40	4)
v(339	4	21	52	42	4)
v(339	5	6	133	12	4)
v(340	1	19	23	38	4)
v(340	2	14	47	28	4)
v(340	3	9	122	18	4)
v(340	4	6	35	12	4)
v(340	5	16	104	32	4)
v(341	1	5	108	10	2)
v(341	2	1	152	2	2)
v(341	3	7	51	14	2)
v(342	1	6	49	12	4)
v(342	2	13	52	26	4)
v(342	3	30	127	60	4)
v(342	4	12	126	24	4)
v(342	5	32	85	64	4)
v(343	1	11	70	22	2)
v(343	2	8	142	16	2)
v(343	3	12	168	24	2)
v(344	1	2	109	4	4)
v(344	2	30	102	60	3)
v(344	3	19	177	38	3)
v(344	4	31	185	62	4)
v(344	5	30	161	60	4)
v(345	1	10	115	20	1)
v(345	2	6	163	12	1)
v(346	1	22	161	44	3)
v(346	2	5	83	10	3)
v(346	3	9	69	18	3)
v(346	4	26	142	52	3)
v(347	1	4	128	8	4)
v(347	2	5	129	10	4)
v(347	3	9	146	18	4)
v(347	4	9	69	18	4)
v(347	5	27	146	54	4)
v(348	1	11	162	22	4)
v(348	2	19	25	38	4)
v(348	3	5	132	10	4)
v(348	4	28	153	56	4)
v(348	5	5	129	10	4)
v(349	1	3	18	6	2)
v(349	2	15	137	30	1)
v(349	3	9	134	18	1)
v(350	1	23	105	46	0)
v(351	1	18	101	36	3)
v(351	2	7	86	14	3)
v(351	3	16	50	32	3)
v(351	4	23	26	46	3)
v(352	1	5	124	10	3)
v(352	2	19	76	38	4)
v(352	3	26	137	52	3)
v(352	4	32	99	64	4)
v(352	5	22	45	44	4)
v(353	1	11	82	22	1)
v(353	2	8	46	16	1)
v(354	1	18	25	36	3)
v(354	2	3	29	6	4)
v(354	3	32	79	64	4)
v(354	4	2	136	4	3)
v(354	5	5	130	10	4)
v(355	1	12	98	24	4)
v(355	2	9	48	18	4)
v(355	3	29	168	58	4)
v(355	4	16	61	32	4)
v(355	5	15	70	30	4)
v(356	1	6	71	12	3)
v(356	2	6	27	12	3)
v(356	3	19	81	38	3)
v(356	4	24	76	48	3)
v(357	1	9	68	18	0)
v(358	1	25	142	50	3)
v(358	2	18	26	36	3)
v(358	3	30	47	60	3)
v(358	4	11	13	22	3)
v(359	1	2	109	4	3)
v(359	2	8	31	16	3)
v(359	3	15	39	30	3)
v(359	4	3	91	6	3)
v(360	1	24	53	48	3)
v(360	2	11	77	22	3)
v(360	3	22	178	44	3)
v(360	4	28	130	56	3)
v(361	1	30	123	60	2)
v(361	2	24	111	48	3)
v(361	3	8	55	16	3)
v(361	4	19	92	38	2)
v(362	1	12	151	24	3)
v(362	2	20	71	40	3)
v(362	3	13	44	26	3)
v(362	4	26	85	52	4)
v(362	5	15	116	30	3)
v(363	1	11	149	22	2)
v(363	2	16	150	32	2)
v(363	3	32	150	64	2)
v(364	1	3	138	6	1)
v(364	2	21	41	42	2)
v(364	3	8	14	16	1)
v(365	1	5	158	10	0)
v(366	1	9	38	18	4)
v(366	2	23	121	46	4)
v(366	3	13	86	26	3)
v(366	4	28	103	56	4)
v(366	5	4	65	8	3)
v(367	1	31	42	62	0)
v(368	1	6	22	12	0)
v(369	1	22	111	44	2)
v(369	2	3	52	6	2)
v(369	3	6	120	12	2)
v(370	1	3	108	6	3)
v(370	2	5	12	10	3)
v(370	3	23	69	46	3)
v(370	4	32	96	64	3)
v(371	1	29	137	58	3)
v(371	2	3	23	6	2)
v(371	3	21	108	42	2)
v(371	4	26	41	52	3)
v(372	1	24	178	48	3)
v(372	2	19	133	38	3)
v(372	3	28	117	56	3)
v(372	4	3	23	6	3)
v(373	1	23	130	46	0)
v(374	1	9	155	18	4)
v(374	2	28	51	56	4)
v(374	3	23	178	46	4)
v(374	4	30	152	60	4)
v(374	5	17	132	34	4)
v(375	1	21	125	42	0)
v(376	1	7	101	14	3)
v(376	2	11	93	22	3)
v(376	3	1	34	2	3)
v(376	4	6	39	12	3)
v(377	1	31	104	62	2)
v(377	2	2	40	4	2)
v(377	3	27	102	54	2)
v(378	1	32	83	64	0)
v(379	1	25	185	50	4)
v(379	2	13	165	26	4)
v(379	3	1	19	2	4)
v(379	4	21	96	42	4)
v(379	5	31	191	62	4)
v(380	1	8	72	16	3)
v(380	2	21	143	42	4)
v(380	3	5	114	10	4)
v(380	4	14	53	28	4)
v(380	5	14	117	28	3)
v(381	1	3	123	6	0)
v(382	1	10	134	20	1)
v(382	2	25	135	50	1)
v(383	1	27	141	54	2)
v(383	2	7	151	14	1)
v(383	3	14	150	28	1)
v(384	1	1	59	2	2)
v(384	2	8	25	16	2)
v(384	3	4	61	8	2)
v(385	1	19	100	38	3)
v(385	2	18	134	36	4)
v(385	3	4	48	8	3)
v(385	4	30	159	60	4)
v(385	5	18	39	36	4)
v(386	1	2	57	4	2)
v(386	2	3	109	6	2)
v(386	3	10	121	20	2)
v(387	1	9	54	18	3)
v(387	2	14	24	28	3)
v(387	3	4	101	8	3)
v(387	4	31	38	62	3)
v(388	1	24	49	48	1)
v(388	2	23	65	46	1)
v(389	1	12	155	24	0)
v(390	1	30	52	60	0)
v(391	1	20	67	40	2)
v(391	2	22	106	44	1)
v(391	3	10	49	20	1)
v(392	1	12	116	24	4)
v(392	2	20	147	40	4)
v(392	3	31	103	62	4)
v(392	4	26	95	52	4)
v(392	5	11	112	22	4)
v(393	1	6	113	12	3)
v(393	2	13	98	26	2)
v(393	3	18	141	36	2)
v(393	4	5	133	10	3)
v(394	1	15	148	30	0)
v(395	1	24	71	48	3)
v(395	2	32	172	64	3)
v(395	3	22	161	44	3)
v(395	4	15	98	30	3)
v(396	1	25	142	50	0)
v(397	1	14	93	28	2)
v(397	2	8	123	16	2)
v(397	3	9	76	18	2)
v(398	1	12	92	24	1)
v(398	2	31	188	62	1)
v(399	1	9	148	18	3)
v(399	2	25	37	50	4)
v(399	3	29	90	58	4)
v(399	4	30	136	60	3)
v(399	5	2	65	4	4)
v(400	1	18	109	36	0)
v(401	1	32	122	64	2)
v(401	2	8	11	16	2)
v(401	3	15	171	30	2)
v(402	1	17	55	34	1)
v(402	2	4	16	8	1)
v(403	1	1	11	2	3)
v(403	2	26	68	52	3)
v(403	3	3	43	6	3)
v(403	4	23	79	46	3)
v(404	1	25	50	50	0)
v(405	1	6	54	12	3)
v(405	2	28	91	56	3)
v(405	3	21	42	42	3)
v(405	4	10	139	20	3)
v(406	1	16	83	32	1)
v(406	2	17	102	34	1)
v(407	1	29	87	58	0)
v(408	1	29	76	58	4)
v(408	2	19	40	38	4)
v(408	3	3	22	6	4)
v(408	4	30	39	60	4)
v(408	5	16	27	32	4)
v(409	1	30	179	60	4)
v(409	2	7	12	14	4)
v(409	3	9	65	18	4)
v(409	4	1	154	2	4)
v(409	5	4	152	8	4)
v(410	1	18	164	36	3)
v(410	2	5	76	10	3)
v(410	3	11	170	22	3)
v(410	4	3	23	6	3)
v(411	1	12	56	24	1)
v(411	2	31	117	62	1)
v(412	1	22	70	44	1)
v(412	2	12	159	24	1)
v(413	1	27	54	54	0)
v(414	1	3	157	6	3)
v(414	2	31	153	62	3)
v(414	3	18	81	36	3)
v(414	4	25	30	50	3)
v(415	1	12	101	24	2)
v(415	2	6	70	12	2)
v(415	3	18	38	36	2)
v(416	1	4	57	8	4)
v(416	2	10	130	20	4)
v(416	3	14	73	28	3)
v(416	4	5	63	10	3)
v(416	5	18	83	36	4)
v(417	1	6	44	12	0)
v(418	1	18	149	36	2)
v(418	2	24	31	48	2)
v(418	3	4	52	8	2)
v(419	1	14	134	28	1)
v(419	2	32	145	64	1)
v(420	1	32	74	64	4)
v(420	2	2	79	4	3)
v(420	3	9	123	18	4)
v(420	4	19	90	38	3)
v(420	5	14	159	28	4)
v(421	1	21	170	42	2)
v(421	2	18	162	36	3)
v(421	3	31	129	62	3)
v(421	4	20	160	40	2)
v(422	1	4	75	8	2)
v(422	2	27	110	54	2)
v(422	3	3	82	6	2)
v(423	1	3	9	6	0)
v(424	1	15	26	30	0)
v(425	1	10	112	20	4)
v(425	2	1	45	2	4)
v(425	3	22	87	44	4)
v(425	4	29	122	58	4)
v(425	5	24	157	48	4)
v(426	1	6	23	12	4)
v(426	2	6	66	12	4)
v(426	3	9	157	18	4)
v(426	4	5	150	10	4)
v(426	5	11	91	22	4)
v(427	1	9	145	18	3)
v(427	2	25	149	50	2)
v(427	3	6	63	12	3)
v(427	4	28	186	56	4)
v(427	5	19	129	38	2)
v(428	1	28	89	56	0)
v(429	1	22	83	44	2)
v(429	2	22	148	44	2)
v(429	3	30	60	60	2)
v(430	1	3	35	6	3)
v(430	2	27	98	54	3)
v(430	3	9	149	18	3)
v(430	4	3	133	6	3)
v(431	1	15	56	30	4)
v(431	2	11	90	22	4)
v(431	3	10	106	20	4)
v(431	4	11	85	22	4)
v(431	5	15	56	30	4)
v(432	1	22	71	44	3)
v(432	2	23	67	46	3)
v(432	3	27	80	54	3)
v(432	4	4	61	8	3)
v(433	1	12	125	24	2)
v(433	2	3	126	6	2)
v(433	3	4	69	8	3)
v(433	4	26	59	52	4)
v(433	5	17	98	34	3)
v(434	1	29	52	58	0)
v(435	1	28	95	56	4)
v(435	2	30	153	60	4)
v(435	3	10	65	20	4)
v(435	4	26	128	52	4)
v(435	5	6	16	12	4)
v(436	1	9	16	18	2)
v(436	2	16	62	32	2)
v(436	3	10	136	20	2)
v(437	1	32	177	64	3)
v(437	2	14	53	28	2)
v(437	3	16	47	32	3)
v(437	4	12	83	24	2)
v(438	1	22	127	44	4)
v(438	2	7	142	14	4)
v(438	3	9	125	18	4)
v(438	4	30	85	60	4)
v(438	5	30	69	60	4)
v(439	1	22	178	44	4)
v(439	2	6	165	12	4)
v(439	3	13	104	26	4)
v(439	4	3	100	6	4)
v(439	5	6	72	12	4)
v(440	1	17	94	34	3)
v(440	2	26	123	52	3)
v(440	3	3	116	6	3)
v(440	4	15	78	30	3)
v(441	1	17	149	34	0)
v(442	1	2	158	4	3)
v(442	2	11	151	22	3)
v(442	3	3	83	6	3)
v(442	4	10	144	20	3)
v(443	1	27	172	54	3)
v(443	2	16	32	32	3)
v(443	3	24	26	48	3)
v(443	4	32	49	64	3)
v(444	1	17	172	34	0)
v(444	2	3	143	6	0)
v(445	1	2	31	4	2)
v(445	2	12	83	24	2)
v(445	3	22	131	44	2)
v(446	1	8	111	16	3)
v(446	2	4	24	8	2)
v(446	3	27	132	54	2)
v(446	4	30	133	60	3)
v(447	1	12	133	24	3)
v(447	2	22	74	44	3)
v(447	3	4	65	8	3)
v(447	4	2	153	4	3)
v(448	1	32	57	64	2)
v(448	2	4	38	8	2)
v(448	3	29	153	58	2)
v(449	1	24	126	48	4)
v(449	2	32	153	64	4)
v(449	3	28	90	56	4)
v(449	4	29	47	58	4)
v(449	5	7	112	14	4)
v(450	1	28	73	56	0)
v(451	1	8	142	16	0)
v(452	1	23	29	46	0)
v(453	1	24	98	48	0)
v(454	1	8	22	16	4)
v(454	2	5	11	10	4)
v(454	3	14	149	28	3)
v(454	4	28	79	56	4)
v(454	5	14	28	28	3)
v(455	1	20	23	40	4)
v(455	2	28	72	56	4)
v(455	3	15	174	30	4)
v(455	4	11	44	22	4)
v(455	5	27	31	54	4)
v(456	1	26	150	52	1)
v(456	2	2	60	4	1)
v(457	1	8	106	16	3)
v(457	2	2	155	4	3)
v(457	3	10	60	20	3)
v(457	4	15	93	30	3)
v(458	1	28	144	56	1)
v(458	2	3	33	6	1)
v(459	1	30	42	60	1)
v(459	2	23	69	46	1)
v(460	1	32	69	64	3)
v(460	2	13	160	26	3)
v(460	3	25	108	50	3)
v(460	4	20	76	40	3)
v(461	1	11	171	22	3)
v(461	2	27	32	54	3)
v(461	3	24	74	48	3)
v(461	4	29	156	58	3)
v(462	1	20	32	40	0)
v(463	1	32	159	64	4)
v(463	2	11	133	22	4)
v(463	3	20	108	40	4)
v(463	4	28	167	56	4)
v(463	5	8	40	16	4)
v(464	1	23	175	46	3)
v(464	2	16	35	32	3)
v(464	3	14	128	28	3)
v(464	4	5	46	10	3)
v(465	1	8	153	16	2)
v(465	2	28	144	56	2)
v(465	3	7	67	14	3)
v(465	4	27	107	54	3)
v(466	1	22	161	44	2)
v(466	2	3	115	6	2)
v(466	3	28	165	56	2)
v(467	1	1	83	2	3)
v(467	2	5	162	10	3)
v(467	3	21	100	42	3)
v(467	4	25	37	50	3)
v(468	1	8	108	16	4)
v(468	2	17	129	34	4)
v(468	3	5	129	10	4)
v(468	4	12	81	24	4)
v(468	5	8	156	16	4)
v(469	1	21	127	42	1)
v(469	2	25	117	50	1)
v(470	1	31	133	62	4)
v(470	2	11	36	22	4)
v(470	3	4	49	8	4)
v(470	4	6	165	12	4)
v(470	5	7	75	14	4)
v(471	1	24	181	48	3)
v(471	2	3	40	6	3)
v(471	3	30	136	60	3)
v(471	4	3	128	6	3)
v(472	1	26	169	52	3)
v(472	2	29	84	58	4)
v(472	3	30	92	60	3)
v(472	4	29	140	58	2)
v(472	5	29	50	58	4)
v(473	1	1	107	2	3)
v(473	2	27	171	54	3)
v(473	3	10	70	20	3)
v(473	4	20	155	40	3)
v(474	1	32	86	64	2)
v(474	2	24	28	48	2)
v(474	3	11	101	22	2)
v(475	1	27	85	54	0)
v(476	1	3	109	6	3)
v(476	2	12	36	24	3)
v(476	3	22	23	44	4)
v(476	4	27	69	54	4)
v(476	5	25	49	50	4)
v(477	1	20	158	40	3)
v(477	2	6	142	12	3)
v(477	3	22	132	44	3)
v(477	4	29	55	58	3)
v(478	1	8	26	16	3)
v(478	2	24	82	48	3)
v(478	3	32	112	64	3)
v(478	4	17	151	34	3)
v(479	1	31	62	62	0)
v(480	1	14	164	28	1)
v(480	2	3	147	6	1)
v(481	1	6	49	12	1)
v(481	2	20	133	40	1)
v(482	1	6	130	12	3)
v(482	2	5	126	10	4)
v(482	3	11	68	22	3)
v(482	4	26	178	52	4)
v(482	5	12	37	24	4)
v(483	1	1	159	2	2)
v(483	2	11	61	22	2)
v(483	3	26	74	52	2)
v(484	1	20	80	40	2)
v(484	2	9	10	18	2)
v(484	3	22	52	44	2)
v(485	1	19	153	38	3)
v(485	2	12	90	24	2)
v(485	3	11	107	22	2)
v(485	4	14	100	28	3)
v(486	1	23	35	46	3)
v(486	2	23	106	46	3)
v(486	3	6	100	12	3)
v(486	4	14	21	28	3)
v(487	1	21	26	42	1)
v(487	2	9	108	18	1)
v(488	1	18	175	36	3)
v(488	2	21	64	42	3)
v(488	3	22	137	44	3)
v(488	4	8	124	16	1)
v(488	5	32	81	64	4)
v(489	1	10	81	20	0)
v(490	1	25	139	50	2)
v(490	2	22	165	44	2)
v(490	3	3	108	6	2)
v(491	1	24	157	48	4)
v(491	2	21	99	42	4)
v(491	3	26	80	52	4)
v(491	4	3	38	6	4)
v(491	5	1	30	2	4)
v(492	1	20	26	40	1)
v(492	2	16	25	32	1)
v(493	1	31	135	62	0)
v(494	1	3	157	6	3)
v(494	2	29	56	58	3)
v(494	3	25	68	50	3)
v(494	4	17	42	34	3)
v(495	1	15	163	30	3)
v(495	2	10	157	20	3)
v(495	3	21	74	42	3)
v(495	4	8	109	16	3)
v(496	1	16	108	32	0)
v(497	1	7	57	14	0)
v(498	1	11	24	22	2)
v(498	2	20	152	40	2)
v(498	3	28	126	56	2)
v(499	1	15	159	30	4)
v(499	2	14	167	28	4)
v(499	3	9	99	18	4)
v(499	4	11	78	22	4)
v(499	5	4	77	8	4)
v(500	1	5	72	10	0)
v(501	1	29	150	58	2)
v(501	2	5	165	10	2)
v(501	3	3	86	6	2)
v(502	1	5	67	10	0)
v(503	1	2	25	4	2)
v(503	2	13	100	26	2)
v(503	3	23	57	46	2)
v(504	1	2	4	4	3)
v(504	2	30	83	60	3)
v(504	3	24	25	48	3)
v(504	4	6	60	12	3)
v(505	1	17	90	34	3)
v(505	2	13	109	26	3)
v(505	3	9	48	18	3)
v(505	4	15	50	30	3)
v(506	1	21	100	42	3)
v(506	2	27	56	54	3)
v(506	3	16	140	32	3)
v(506	4	28	182	56	3)
v(507	1	11	84	22	1)
v(507	2	2	86	4	1)
v(508	1	22	119	44	2)
v(508	2	3	127	6	2)
v(508	3	3	84	6	2)
v(509	1	15	63	30	4)
v(509	2	4	96	8	4)
v(509	3	11	122	22	4)
v(509	4	5	12	10	4)
v(509	5	6	72	12	4)
v(510	1	24	58	48	2)
v(510	2	5	115	10	2)
v(510	3	13	68	26	2)
v(511	1	17	56	34	0)
v(512	1	28	118	56	0)
v(513	1	9	21	18	2)
v(513	2	7	43	14	2)
v(513	3	3	138	6	2)
v(514	1	29	44	58	1)
v(514	2	10	169	20	1)
v(515	1	5	114	10	3)
v(515	2	11	87	22	3)
v(515	3	1	126	2	3)
v(515	4	31	124	62	3)
v(516	1	29	183	58	0)
v(517	1	24	72	48	1)
v(517	2	16	156	32	1)
v(518	1	27	138	54	1)
v(518	2	16	110	32	1)
v(519	1	2	50	4	3)
v(519	2	4	144	8	3)
v(519	3	32	181	64	3)
v(519	4	20	52	40	3)
v(520	1	16	148	32	0)
v(521	1	9	59	18	2)
v(521	2	24	132	48	2)
v(521	3	3	77	6	2)
v(522	1	6	147	12	2)
v(522	2	15	54	30	4)
v(522	3	18	92	36	3)
v(522	4	21	147	42	4)
v(522	5	26	133	52	3)
v(523	1	6	93	12	0)
v(524	1	30	73	60	0)
v(525	1	24	173	48	1)
v(525	2	2	12	4	1)
v(526	1	5	31	10	2)
v(526	2	3	79	6	2)
v(526	3	13	49	26	2)
v(527	1	12	29	24	3)
v(527	2	17	140	34	3)
v(527	3	2	29	4	3)
v(527	4	11	131	22	3)
v(528	1	19	93	38	4)
v(528	2	21	76	42	4)
v(528	3	30	186	60	4)
v(528	4	28	127	56	4)
v(528	5	5	69	10	4)
v(529	1	22	130	44	4)
v(529	2	24	31	48	4)
v(529	3	4	101	8	4)
v(529	4	5	34	10	4)
v(529	5	14	135	28	4)
v(530	1	27	182	54	4)
v(530	2	27	30	54	4)
v(530	3	8	95	16	4)
v(530	4	19	39	38	4)
v(530	5	29	70	58	4)
v(531	1	23	33	46	2)
v(531	2	9	152	18	3)
v(531	3	18	77	36	3)
v(531	4	25	91	50	2)
v(532	1	8	120	16	3)
v(532	2	1	56	2	3)
v(532	3	10	134	20	3)
v(532	4	19	63	38	3)
v(533	1	22	166	44	2)
v(533	2	16	79	32	3)
v(533	3	19	74	38	3)
v(533	4	30	71	60	2)
v(534	1	29	119	58	0)
v(535	1	3	65	6	3)
v(535	2	12	123	24	4)
v(535	3	13	139	26	4)
v(535	4	11	61	22	4)
v(535	5	28	94	56	3)
v(536	1	30	87	60	4)
v(536	2	32	91	64	4)
v(536	3	12	62	24	4)
v(536	4	8	101	16	4)
v(536	5	30	64	60	4)
v(537	1	20	147	40	4)
v(537	2	17	117	34	4)
v(537	3	26	106	52	4)
v(537	4	29	73	58	4)
v(537	5	10	134	20	4)
v(538	1	32	83	64	0)
v(539	1	31	137	62	0)
v(540	1	30	69	60	0)
v(541	1	6	150	12	1)
v(541	2	4	83	8	1)
v(542	1	25	48	50	1)
v(542	2	29	170	58	1)
v(543	1	18	170	36	4)
v(543	2	2	79	4	4)
v(543	3	23	145	46	4)
v(543	4	15	70	30	4)
v(543	5	12	156	24	4)
v(544	1	29	149	58	3)
v(544	2	15	151	30	3)
v(544	3	10	96	20	3)
v(544	4	32	36	64	3)
v(545	1	25	31	50	2)
v(545	2	29	126	58	2)
v(545	3	23	62	46	2)
v(546	1	27	36	54	3)
v(546	2	2	157	4	3)
v(546	3	22	176	44	4)
v(546	4	8	123	16	4)
v(546	5	27	101	54	4)
v(547	1	31	123	62	3)
v(547	2	4	96	8	3)
v(547	3	15	89	30	3)
v(547	4	24	170	48	3)
v(548	1	14	18	28	2)
v(548	2	32	78	64	2)
v(548	3	3	132	6	2)
v(549	1	27	162	54	3)
v(549	2	23	65	46	3)
v(549	3	23	120	46	3)
v(549	4	4	67	8	3)
v(550	1	31	138	62	4)
v(550	2	25	27	50	4)
v(550	3	29	173	58	4)
v(550	4	8	112	16	4)
v(550	5	22	94	44	4)
v(551	1	17	85	34	4)
v(551	2	21	136	42	4)
v(551	3	16	144	32	4)
v(551	4	22	32	44	4)
v(551	5	4	71	8	4)
v(552	1	13	145	26	2)
v(552	2	7	97	14	2)
v(552	3	1	101	2	2)
v(553	1	9	108	18	2)
v(553	2	18	117	36	2)
v(553	3	10	18	20	2)
v(554	1	16	146	32	3)
v(554	2	15	166	30	3)
v(554	3	22	92	44	3)
v(554	4	29	181	58	3)
v(555	1	5	106	10	0)
v(556	1	25	86	50	0)
v(556	2	11	83	22	0)
v(557	1	2	73	4	3)
v(557	2	9	139	18	3)
v(557	3	2	91	4	3)
v(557	4	27	131	54	3)
v(558	1	17	95	34	1)
v(558	2	32	93	64	1)
v(559	1	16	17	32	2)
v(559	2	20	79	40	2)
v(559	3	12	121	24	2)
v(560	1	8	56	16	1)
v(560	2	5	43	10	1)
v(561	1	12	114	24	2)
v(561	2	10	120	20	2)
v(561	3	11	143	22	2)
v(562	1	3	48	6	2)
v(562	2	24	25	48	2)
v(562	3	31	79	62	2)
v(563	1	26	63	52	1)
v(563	2	1	55	2	1)
v(564	1	26	149	52	1)
v(564	2	25	177	50	1)
v(565	1	4	63	8	0)
v(566	1	10	36	20	2)
v(566	2	24	151	48	2)
v(566	3	24	50	48	2)
v(567	1	24	165	48	1)
v(567	2	21	97	42	1)
v(568	1	15	115	30	2)
v(568	2	12	167	24	2)
v(568	3	22	148	44	2)
v(569	1	5	35	10	2)
v(569	2	8	35	16	2)
v(569	3	13	86	26	2)
v(570	1	10	37	20	3)
v(570	2	3	130	6	2)
v(570	3	21	23	42	4)
v(570	4	3	138	6	4)
v(570	5	9	108	18	3)
v(571	1	10	111	20	1)
v(571	2	21	42	42	1)
v(572	1	15	150	30	0)
v(573	1	2	53	4	1)
v(573	2	29	132	58	1)
v(574	1	19	156	38	0)
v(575	1	6	154	12	3)
v(575	2	18	126	36	4)
v(575	3	29	94	58	4)
v(575	4	15	67	30	4)
v(575	5	13	82	26	3)
v(576	1	32	81	64	0)
v(577	1	8	113	16	3)
v(577	2	30	90	60	3)
v(577	3	3	34	6	3)
v(577	4	28	58	56	3)
v(578	1	14	147	28	2)
v(578	2	23	110	46	2)
v(578	3	6	123	12	2)
v(579	1	20	45	40	3)
v(579	2	16	115	32	3)
v(579	3	1	54	2	3)
v(579	4	6	103	12	3)
v(580	1	13	78	26	0)
v(581	1	5	126	10	1)
v(581	2	32	45	64	1)
v(582	1	9	127	18	1)
v(582	2	29	37	58	1)
v(583	1	31	151	62	3)
v(583	2	23	52	46	3)
v(583	3	9	93	18	3)
v(583	4	22	75	44	3)
v(584	1	1	80	2	0)
v(585	1	14	38	28	0)
v(586	1	32	132	64	0)
v(587	1	17	99	34	4)
v(587	2	21	103	42	4)
v(587	3	19	127	38	4)
v(587	4	4	115	8	4)
v(587	5	23	105	46	4)
v(588	1	22	163	44	0)
v(589	1	6	109	12	2)
v(589	2	1	150	2	2)
v(589	3	14	169	28	2)
v(590	1	20	172	40	4)
v(590	2	17	98	34	4)
v(590	3	21	181	42	4)
v(590	4	16	67	32	4)
v(590	5	21	169	42	4)
v(591	1	16	20	32	2)
v(591	2	27	150	54	2)
v(591	3	24	59	48	2)
v(592	1	25	116	50	4)
v(592	2	14	61	28	4)
v(592	3	2	133	4	4)
v(592	4	30	63	60	4)
v(592	5	6	100	12	4)
v(593	1	20	63	40	0)
v(594	1	4	39	8	1)
v(594	2	13	129	26	1)
v(595	1	24	138	48	2)
v(595	2	4	11	8	2)
v(595	3	18	35	36	2)
v(596	1	29	90	58	1)
v(596	2	14	101	28	1)
v(597	1	19	132	38	2)
v(597	2	18	169	36	2)
v(597	3	30	115	60	2)
v(598	1	16	88	32	1)
v(598	2	16	82	32	2)
v(598	3	20	46	40	1)
v(599	1	25	178	50	0)
v(600	1	10	52	20	3)
v(600	2	29	64	58	3)
v(600	3	18	139	36	3)
v(600	4	2	80	4	3)
v(601	1	27	117	54	1)
v(601	2	32	37	64	1)
v(602	1	12	19	24	4)
v(602	2	14	99	28	4)
v(602	3	23	117	46	4)
v(602	4	7	41	14	4)
v(602	5	18	174	36	4)
v(603	1	24	61	48	1)
v(603	2	27	141	54	1)
v(604	1	16	161	32	4)
v(604	2	15	79	30	4)
v(604	3	21	158	42	4)
v(604	4	3	56	6	4)
v(604	5	5	86	10	4)
v(605	1	9	28	18	0)
v(606	1	31	57	62	4)
v(606	2	17	78	34	4)
v(606	3	12	167	24	4)
v(606	4	22	78	44	4)
v(606	5	4	144	8	4)
v(607	1	22	33	44	4)
v(607	2	16	120	32	4)
v(607	3	17	111	34	3)
v(607	4	4	144	8	3)
v(607	5	27	184	54	4)
v(608	1	24	121	48	1)
v(608	2	2	32	4	1)
v(609	1	12	156	24	2)
v(609	2	23	99	46	2)
v(609	3	20	50	40	2)
v(610	1	23	102	46	1)
v(610	2	9	118	18	1)
v(611	1	4	52	8	4)
v(611	2	9	47	18	4)
v(611	3	25	74	50	4)
v(611	4	28	129	56	4)
v(611	5	24	121	48	4)
v(612	1	11	38	22	2)
v(612	2	31	36	62	2)
v(612	3	8	48	16	2)
v(613	1	6	146	12	2)
v(613	2	4	95	8	2)
v(613	3	16	133	32	2)
v(614	1	24	125	48	1)
v(614	2	3	79	6	1)
v(615	1	17	67	34	2)
v(615	2	6	102	12	2)
v(615	3	22	148	44	2)
v(616	1	5	34	10	2)
v(616	2	29	135	58	3)
v(616	3	3	48	6	3)
v(616	4	20	118	40	2)
v(617	1	16	98	32	0)
v(618	1	5	63	10	3)
v(618	2	6	166	12	3)
v(618	3	7	98	14	3)
v(618	4	16	53	32	3)
v(619	1	10	70	20	0)
v(620	1	15	39	30	0)
v(621	1	23	39	46	0)
v(621	2	1	101	2	0)
v(622	1	24	94	48	3)
v(622	2	15	22	30	3)
v(622	3	11	115	22	3)
v(622	4	14	46	28	3)
v(623	1	10	119	20	0)
v(624	1	18	170	36	1)
v(624	2	3	62	6	1)
v(625	1	14	18	28	1)
v(625	2	25	60	50	1)
v(626	1	16	169	32	0)
v(627	1	32	122	64	0)
v(628	1	4	20	8	0)
v(629	1	14	141	28	3)
v(629	2	32	109	64	2)
v(629	3	21	92	42	2)
v(629	4	8	27	16	3)
v(630	1	20	175	40	0)
v(631	1	31	160	62	3)
v(631	2	20	47	40	3)
v(631	3	2	111	4	3)
v(631	4	26	96	52	4)
v(631	5	3	107	6	3)
v(632	1	18	105	36	4)
v(632	2	8	54	16	4)
v(632	3	15	16	30	4)
v(632	4	30	118	60	4)
v(632	5	22	78	44	4)
v(633	1	7	36	14	0)
v(633	2	19	54	38	0)
v(634	1	19	163	38	2)
v(634	2	16	51	32	2)
v(634	3	16	118	32	3)
v(634	4	14	110	28	3)
v(635	1	32	116	64	2)
v(635	2	2	138	4	2)
v(635	3	4	108	8	2)
v(636	1	20	59	40	2)
v(636	2	22	89	44	2)
v(636	3	31	36	62	2)
v(637	1	23	77	46	4)
v(637	2	17	121	34	2)
v(637	3	10	16	20	4)
v(637	4	3	140	6	3)
v(637	5	20	102	40	3)
v(638	1	25	30	50	0)
v(639	1	16	149	32	4)
v(639	2	28	166	56	4)
v(639	3	27	164	54	4)
v(639	4	14	136	28	3)
v(639	5	21	76	42	3)
v(640	1	3	91	6	0)
v(641	1	12	139	24	1)
v(641	2	3	151	6	1)
v(642	1	11	143	22	2)
v(642	2	22	55	44	2)
v(642	3	5	121	10	2)
v(643	1	6	78	12	2)
v(643	2	27	67	54	1)
v(643	3	23	114	46	1)
v(644	1	4	58	8	3)
v(644	2	1	142	2	3)
v(644	3	4	68	8	3)
v(644	4	14	43	28	3)
v(645	1	13	32	26	4)
v(645	2	19	129	38	4)
v(645	3	32	124	64	4)
v(645	4	13	132	26	4)
v(645	5	18	41	36	4)
v(646	1	9	42	18	2)
v(646	2	24	52	48	2)
v(646	3	6	28	12	2)
v(647	1	4	23	8	1)
v(647	2	28	165	56	1)
v(648	1	6	102	12	4)
v(648	2	26	102	52	3)
v(648	3	3	136	6	4)
v(648	4	25	97	50	4)
v(648	5	12	154	24	3)
v(649	1	5	69	10	1)
v(649	2	9	24	18	1)
v(650	1	2	50	4	4)
v(650	2	26	162	52	4)
v(650	3	23	86	46	4)
v(650	4	2	8	4	4)
v(650	5	7	55	14	4)
v(651	1	10	49	20	1)
v(651	2	25	111	50	1)
v(652	1	25	38	50	1)
v(652	2	16	150	32	2)
v(652	3	27	59	54	3)
v(652	4	16	79	32	2)
v(653	1	2	13	4	3)
v(653	2	17	158	34	4)
v(653	3	31	100	62	4)
v(653	4	14	26	28	4)
v(653	5	10	84	20	3)
v(654	1	8	133	16	3)
v(654	2	25	82	50	3)
v(654	3	11	80	22	1)
v(654	4	19	145	38	4)
v(654	5	3	29	6	3)
v(655	1	16	42	32	4)
v(655	2	31	66	62	4)
v(655	3	12	26	24	4)
v(655	4	14	132	28	4)
v(655	5	10	147	20	4)
v(656	1	25	155	50	3)
v(656	2	17	83	34	3)
v(656	3	26	139	52	2)
v(656	4	15	143	30	2)
v(657	1	29	103	58	4)
v(657	2	7	79	14	4)
v(657	3	31	139	62	4)
v(657	4	18	47	36	4)
v(657	5	19	125	38	4)
v(658	1	4	121	8	4)
v(658	2	6	148	12	4)
v(658	3	27	75	54	4)
v(658	4	5	121	10	4)
v(658	5	4	136	8	4)
v(659	1	19	48	38	0)
v(660	1	23	71	46	4)
v(660	2	24	132	48	4)
v(660	3	2	140	4	4)
v(660	4	25	72	50	4)
v(660	5	29	92	58	4)
v(661	1	5	121	10	2)
v(661	2	29	32	58	2)
v(661	3	21	163	42	2)
v(662	1	26	164	52	2)
v(662	2	26	82	52	2)
v(662	3	7	72	14	2)
v(663	1	19	63	38	4)
v(663	2	26	185	52	3)
v(663	3	19	163	38	4)
v(663	4	8	83	16	3)
v(663	5	3	151	6	4)
v(664	1	7	128	14	2)
v(664	2	32	76	64	3)
v(664	3	7	75	14	2)
v(664	4	23	175	46	1)
v(665	1	1	10	2	4)
v(665	2	12	163	24	4)
v(665	3	4	105	8	4)
v(665	4	24	84	48	4)
v(665	5	17	113	34	4)
v(666	1	22	72	44	4)
v(666	2	9	62	18	4)
v(666	3	9	112	18	4)
v(666	4	26	88	52	4)
v(666	5	32	82	64	4)
v(667	1	23	54	46	3)
v(667	2	2	55	4	3)
v(667	3	15	152	30	3)
v(667	4	2	10	4	3)
v(668	1	19	62	38	3)
v(668	2	24	131	48	3)
v(668	3	1	135	2	3)
v(668	4	21	158	42	3)
v(669	1	25	128	50	4)
v(669	2	7	77	14	4)
v(669	3	10	162	20	4)
v(669	4	19	158	38	4)
v(669	5	23	112	46	4)
v(670	1	10	141	20	0)
v(671	1	14	158	28	4)
v(671	2	11	110	22	4)
v(671	3	9	140	18	4)
v(671	4	15	117	30	4)
v(671	5	31	56	62	4)
v(672	1	27	50	54	4)
v(672	2	22	106	44	4)
v(672	3	18	157	36	4)
v(672	4	18	69	36	4)
v(672	5	21	125	42	4)
v(673	1	11	155	22	1)
v(673	2	32	171	64	1)
v(674	1	24	121	48	4)
v(674	2	9	47	18	3)
v(674	3	15	27	30	3)
v(674	4	7	30	14	4)
v(674	5	10	101	20	4)
v(675	1	7	113	14	0)
v(676	1	27	145	54	0)
v(677	1	10	125	20	0)
v(678	1	29	176	58	2)
v(678	2	22	131	44	2)
v(678	3	17	128	34	2)
v(679	1	30	62	60	2)
v(679	2	20	131	40	2)
v(679	3	9	58	18	2)
v(680	1	28	127	56	1)
v(680	2	15	60	30	1)
v(681	1	27	103	54	1)
v(681	2	7	69	14	1)
v(682	1	12	125	24	3)
v(682	2	19	87	38	3)
v(682	3	5	148	10	3)
v(682	4	23	76	46	3)
v(683	1	22	175	44	0)
v(684	1	23	79	46	2)
v(684	2	4	153	8	3)
v(684	3	10	149	20	1)
v(684	4	28	105	56	2)
v(684	5	7	45	14	4)
v(685	1	5	67	10	0)
v(686	1	22	71	44	1)
v(686	2	11	63	22	1)
v(687	1	9	16	18	0)
v(688	1	6	13	12	2)
v(688	2	25	80	50	2)
v(688	3	23	41	46	2)
v(689	1	8	168	16	0)
v(690	1	7	92	14	1)
v(690	2	27	107	54	1)
v(691	1	32	162	64	2)
v(691	2	8	145	16	2)
v(691	3	15	127	30	2)
v(692	1	9	61	18	1)
v(692	2	6	35	12	1)
v(692	3	8	27	16	2)
v(693	1	30	54	60	4)
v(693	2	29	120	58	4)
v(693	3	15	35	30	4)
v(693	4	12	13	24	4)
v(693	5	9	89	18	4)
v(694	1	6	72	12	3)
v(694	2	27	166	54	3)
v(694	3	3	94	6	2)
v(694	4	18	69	36	2)
v(695	1	1	48	2	3)
v(695	2	6	79	12	4)
v(695	3	2	58	4	3)
v(695	4	30	65	60	4)
v(695	5	30	88	60	4)
v(696	1	21	77	42	2)
v(696	2	30	100	60	3)
v(696	3	3	51	6	2)
v(696	4	15	83	30	3)
v(697	1	1	32	2	3)
v(697	2	24	50	48	4)
v(697	3	8	125	16	4)
v(697	4	24	183	48	4)
v(697	5	17	141	34	3)
v(698	1	23	145	46	0)
v(699	1	25	135	50	3)
v(699	2	5	106	10	3)
v(699	3	25	80	50	3)
v(699	4	10	139	20	3)
v(700	1	17	159	34	2)
v(700	2	2	22	4	1)
v(700	3	1	153	2	1)
e(1	1	2	110)
e(2	1	2	20)
e(2	2	3	50)
e(2	1	4	70)
e(2	2	4	160)
e(2	3	4	60)
e(3	1	2	80)
e(3	1	3	160)
e(3	2	3	150)
e(3	1	4	150)
e(3	2	4	100)
e(3	3	4	50)
e(4	1	2	130)
e(4	1	3	10)
e(4	2	3	30)
e(5	1	2	30)
e(7	1	3	50)
e(7	2	3	10)
e(8	1	2	70)
e(8	1	3	160)
e(8	2	3	120)
e(8	1	4	40)
e(8	2	4	120)
e(8	3	4	80)
e(9	1	2	130)
e(10	1	2	30)
e(10	1	3	60)
e(10	2	3	130)
e(10	1	4	140)
e(10	2	4	110)
e(10	3	4	110)
e(11	1	2	90)
e(11	1	3	130)
e(11	2	3	110)
e(11	1	4	100)
e(11	2	4	100)
e(11	3	4	150)
e(11	1	5	10)
e(11	3	5	100)
e(11	4	5	110)
e(12	1	2	80)
e(12	1	3	110)
e(12	2	3	50)
e(12	1	4	80)
e(12	2	4	140)
e(12	3	4	20)
e(12	1	5	30)
e(12	2	5	50)
e(12	3	5	100)
e(12	4	5	120)
e(13	1	3	130)
e(13	1	4	80)
e(13	3	4	70)
e(13	1	5	120)
e(13	2	5	10)
e(13	3	5	50)
e(13	4	5	140)
e(15	1	2	70)
e(15	1	3	150)
e(15	2	3	70)
e(17	1	2	60)
e(18	1	2	150)
e(19	1	2	20)
e(19	1	3	70)
e(19	2	3	70)
e(19	1	4	110)
e(19	2	4	60)
e(19	3	4	90)
e(20	1	2	60)
e(20	1	3	10)
e(20	2	3	140)
e(21	1	2	40)
e(21	1	3	80)
e(21	2	3	50)
e(22	1	2	40)
e(22	1	3	40)
e(22	2	3	50)
e(22	1	4	20)
e(22	2	4	160)
e(22	3	4	140)
e(24	1	2	90)
e(24	1	3	160)
e(24	2	3	120)
e(24	1	4	140)
e(24	2	4	90)
e(24	3	4	70)
e(25	1	2	100)
e(25	1	3	160)
e(25	2	3	110)
e(25	1	4	150)
e(25	2	4	10)
e(25	3	4	40)
e(25	1	5	10)
e(25	2	5	160)
e(25	3	5	70)
e(25	4	5	50)
e(26	1	2	100)
e(26	1	3	50)
e(26	2	3	40)
e(26	1	4	100)
e(26	3	4	10)
e(27	1	2	140)
e(27	1	3	40)
e(27	2	3	160)
e(28	1	2	130)
e(28	1	3	150)
e(28	2	3	70)
e(28	1	4	110)
e(28	2	4	20)
e(28	3	4	10)
e(30	1	2	60)
e(30	1	3	90)
e(30	2	3	140)
e(31	1	2	40)
e(31	1	3	110)
e(31	2	3	60)
e(33	1	2	140)
e(33	1	3	50)
e(33	2	3	50)
e(33	1	4	70)
e(33	2	4	80)
e(33	3	4	70)
e(33	1	5	40)
e(33	2	5	140)
e(33	3	5	100)
e(33	4	5	130)
e(36	1	2	100)
e(36	1	3	90)
e(36	2	3	40)
e(36	1	4	10)
e(36	2	4	60)
e(36	3	4	150)
e(36	1	5	100)
e(36	2	5	20)
e(36	3	5	70)
e(36	4	5	110)
e(37	1	2	140)
e(37	1	3	120)
e(37	2	3	140)
e(37	1	4	60)
e(37	2	4	50)
e(37	1	5	120)
e(37	2	5	10)
e(37	3	5	40)
e(37	4	5	30)
e(38	1	2	110)
e(38	1	3	140)
e(38	2	3	130)
e(39	1	2	20)
e(39	1	3	100)
e(39	2	3	90)
e(40	1	2	20)
e(40	1	3	130)
e(40	2	3	40)
e(41	1	2	140)
e(41	1	3	100)
e(41	2	3	110)
e(41	2	4	40)
e(41	3	4	160)
e(42	1	2	30)
e(42	1	3	50)
e(42	2	3	90)
e(42	1	4	10)
e(42	2	4	10)
e(42	3	4	120)
e(42	1	5	90)
e(42	2	5	130)
e(42	3	5	100)
e(42	4	5	30)
e(45	1	2	30)
e(46	1	2	160)
e(46	1	3	150)
e(46	2	3	80)
e(47	1	3	50)
e(47	2	3	120)
e(47	1	4	140)
e(47	2	4	10)
e(47	1	5	140)
e(47	2	5	40)
e(47	3	5	160)
e(47	4	5	70)
e(48	1	2	150)
e(48	1	3	100)
e(48	2	3	70)
e(49	1	2	140)
e(49	2	3	120)
e(49	1	4	90)
e(49	2	4	160)
e(49	3	4	30)
e(52	1	2	150)
e(52	1	3	100)
e(52	2	3	70)
e(52	1	4	110)
e(52	2	4	100)
e(52	3	4	120)
e(52	1	5	120)
e(52	2	5	120)
e(52	3	5	160)
e(52	4	5	90)
e(53	1	2	10)
e(54	1	2	70)
e(55	1	2	30)
e(55	1	3	140)
e(55	2	3	10)
e(55	1	4	60)
e(55	2	4	120)
e(55	3	4	50)
e(55	1	5	130)
e(55	2	5	120)
e(55	3	5	90)
e(55	4	5	90)
e(56	1	2	60)
e(56	1	3	20)
e(56	2	3	50)
e(56	1	4	10)
e(56	2	4	90)
e(56	3	4	100)
e(56	1	5	110)
e(56	2	5	140)
e(56	3	5	60)
e(56	4	5	120)
e(57	1	2	130)
e(57	1	3	60)
e(57	2	3	20)
e(58	1	2	150)
e(58	1	3	20)
e(58	2	3	20)
e(58	1	4	70)
e(58	2	4	70)
e(58	3	4	110)
e(59	1	2	30)
e(59	1	3	90)
e(59	2	3	110)
e(59	1	4	70)
e(59	2	4	50)
e(59	3	4	20)
e(59	1	5	130)
e(59	2	5	80)
e(59	3	5	130)
e(59	4	5	50)
e(60	1	2	120)
e(61	1	2	160)
e(61	1	3	70)
e(61	2	3	30)
e(61	1	4	130)
e(61	2	4	20)
e(61	1	5	20)
e(61	2	5	80)
e(61	3	5	40)
e(61	4	5	140)
e(62	1	2	10)
e(62	1	3	130)
e(62	2	3	100)
e(63	1	2	130)
e(63	1	3	10)
e(63	2	3	30)
e(63	1	4	70)
e(63	2	4	60)
e(63	3	4	140)
e(63	1	5	50)
e(63	3	5	60)
e(63	4	5	110)
e(64	1	2	40)
e(64	1	3	110)
e(64	2	3	80)
e(64	1	4	120)
e(64	2	4	110)
e(64	3	4	50)
e(64	1	5	140)
e(64	2	5	100)
e(64	3	5	30)
e(64	4	5	50)
e(65	1	2	160)
e(65	1	3	80)
e(65	2	3	100)
e(65	2	4	80)
e(65	3	4	160)
e(65	1	5	120)
e(65	2	5	30)
e(65	3	5	70)
e(65	4	5	20)
e(66	1	2	120)
e(69	1	3	40)
e(69	2	3	140)
e(69	1	4	40)
e(69	2	4	20)
e(69	3	4	130)
e(70	1	2	60)
e(70	1	3	120)
e(70	2	3	50)
e(71	1	3	100)
e(71	2	3	100)
e(71	1	4	80)
e(71	2	4	120)
e(71	3	4	140)
e(74	1	2	130)
e(74	1	3	100)
e(74	2	3	70)
e(74	1	4	120)
e(74	3	4	150)
e(74	1	5	110)
e(74	2	5	130)
e(74	3	5	20)
e(74	4	5	140)
e(77	1	2	120)
e(77	1	3	160)
e(77	2	3	60)
e(78	1	2	60)
e(78	1	3	120)
e(78	1	4	150)
e(78	2	4	40)
e(78	3	4	80)
e(78	1	5	80)
e(78	2	5	70)
e(78	3	5	100)
e(78	4	5	10)
e(79	1	2	10)
e(80	1	2	30)
e(80	1	3	90)
e(80	2	3	10)
e(80	1	4	140)
e(80	2	4	120)
e(80	3	4	20)
e(80	1	5	140)
e(80	2	5	20)
e(80	3	5	30)
e(80	4	5	20)
e(81	1	2	110)
e(81	1	3	110)
e(81	2	3	100)
e(83	1	3	110)
e(83	2	3	120)
e(83	1	4	30)
e(83	2	4	40)
e(83	3	4	150)
e(84	1	2	60)
e(84	1	3	150)
e(84	2	3	50)
e(84	1	4	80)
e(84	2	4	100)
e(84	3	4	130)
e(85	1	2	130)
e(88	1	2	100)
e(88	1	3	40)
e(88	2	3	120)
e(88	1	4	130)
e(88	2	4	50)
e(88	3	4	110)
e(89	1	2	30)
e(89	1	3	80)
e(89	2	3	60)
e(89	1	4	40)
e(89	2	4	160)
e(89	3	4	160)
e(91	1	2	140)
e(92	1	2	10)
e(92	1	3	90)
e(92	2	3	100)
e(92	1	4	50)
e(92	2	4	40)
e(92	3	4	140)
e(93	1	2	40)
e(94	1	2	160)
e(94	1	3	60)
e(94	2	3	100)
e(94	1	4	60)
e(94	2	4	50)
e(94	3	4	80)
e(95	1	2	110)
e(95	1	3	90)
e(95	2	3	80)
e(95	1	4	110)
e(95	2	4	30)
e(95	3	4	40)
e(96	1	2	90)
e(98	1	2	150)
e(98	1	3	60)
e(98	2	3	110)
e(99	1	2	90)
e(100	1	2	30)
e(100	1	3	50)
e(100	2	3	90)
e(100	1	4	100)
e(100	2	4	60)
e(100	3	4	100)
e(101	1	3	20)
e(101	2	3	130)
e(101	1	4	140)
e(101	3	4	40)
e(101	1	5	120)
e(101	2	5	140)
e(101	3	5	120)
e(101	4	5	130)
e(104	1	2	150)
e(104	1	3	70)
e(104	2	3	50)
e(105	1	2	100)
e(107	1	2	30)
e(107	2	3	60)
e(107	1	4	120)
e(107	2	4	110)
e(107	3	4	140)
e(107	1	5	130)
e(107	2	5	50)
e(107	3	5	10)
e(107	4	5	80)
e(108	1	2	10)
e(110	1	2	90)
e(111	1	2	50)
e(111	1	3	100)
e(111	2	3	150)
e(111	2	4	70)
e(111	3	4	110)
e(112	1	2	130)
e(113	1	2	110)
e(113	1	3	10)
e(113	2	3	130)
e(113	1	4	160)
e(113	2	4	90)
e(113	3	4	100)
e(115	1	2	50)
e(116	1	2	150)
e(117	1	2	140)
e(118	1	2	90)
e(119	1	2	160)
e(119	1	3	20)
e(119	2	3	90)
e(120	1	2	110)
e(123	1	2	10)
e(123	1	3	110)
e(123	1	4	80)
e(123	3	4	130)
e(124	1	2	70)
e(124	1	3	50)
e(124	2	3	100)
e(124	1	4	40)
e(124	2	4	130)
e(124	3	4	150)
e(124	1	5	140)
e(124	2	5	90)
e(124	3	5	10)
e(124	4	5	110)
e(126	1	2	80)
e(126	1	3	120)
e(126	2	3	20)
e(126	1	4	40)
e(126	2	4	90)
e(126	3	4	100)
e(126	1	5	90)
e(126	2	5	110)
e(126	3	5	20)
e(126	4	5	60)
e(127	1	2	30)
e(127	1	3	110)
e(127	2	3	20)
e(129	1	2	100)
e(129	1	3	110)
e(129	2	3	90)
e(129	1	4	40)
e(129	2	4	100)
e(129	3	4	50)
e(131	1	2	10)
e(131	1	3	50)
e(131	2	3	140)
e(131	1	4	90)
e(131	2	4	10)
e(131	3	4	120)
e(132	1	2	20)
e(132	1	3	130)
e(132	2	3	140)
e(132	1	4	30)
e(132	2	4	10)
e(132	3	4	140)
e(133	1	2	80)
e(133	1	3	60)
e(133	1	4	120)
e(133	2	4	130)
e(133	3	4	110)
e(134	1	2	60)
e(134	1	3	140)
e(135	1	2	50)
e(136	1	2	150)
e(136	1	3	20)
e(136	2	3	70)
e(137	1	2	20)
e(137	1	3	160)
e(137	2	3	140)
e(137	2	4	160)
e(137	3	4	120)
e(138	1	2	90)
e(138	1	3	40)
e(138	2	3	120)
e(138	1	4	130)
e(138	2	4	110)
e(138	3	4	100)
e(139	1	2	110)
e(139	1	3	120)
e(139	2	3	60)
e(140	1	2	160)
e(141	1	2	110)
e(141	1	3	130)
e(142	1	2	140)
e(144	1	2	160)
e(144	1	3	80)
e(144	2	3	140)
e(144	1	4	120)
e(144	2	4	150)
e(144	3	4	70)
e(144	1	5	130)
e(144	2	5	120)
e(144	3	5	60)
e(144	4	5	20)
e(145	1	2	110)
e(145	1	3	30)
e(145	2	3	90)
e(145	1	4	80)
e(145	2	4	70)
e(145	3	4	130)
e(147	1	2	90)
e(148	1	2	90)
e(148	1	3	160)
e(148	2	3	40)
e(148	1	4	120)
e(148	2	4	30)
e(148	3	4	30)
e(149	1	2	120)
e(149	1	3	140)
e(149	2	3	20)
e(151	1	2	130)
e(151	1	3	150)
e(151	2	3	30)
e(152	1	2	70)
e(152	1	3	80)
e(152	2	3	150)
e(152	1	4	100)
e(152	2	4	70)
e(152	3	4	90)
e(152	1	5	140)
e(152	2	5	100)
e(152	3	5	150)
e(152	4	5	100)
e(153	1	2	20)
e(153	1	3	30)
e(153	2	3	160)
e(153	1	4	80)
e(153	2	4	10)
e(153	3	4	10)
e(154	1	2	60)
e(154	1	3	70)
e(154	2	3	120)
e(154	1	4	30)
e(154	2	4	80)
e(154	3	4	130)
e(154	1	5	10)
e(154	2	5	140)
e(154	3	5	100)
e(154	4	5	90)
e(155	1	3	50)
e(155	2	3	10)
e(155	1	4	160)
e(155	2	4	90)
e(156	1	2	30)
e(156	1	3	130)
e(156	2	3	140)
e(157	1	2	50)
e(158	1	2	110)
e(158	1	3	140)
e(158	2	3	60)
e(158	1	4	30)
e(158	2	4	60)
e(158	3	4	120)
e(159	1	2	30)
e(159	1	3	70)
e(159	2	3	10)
e(161	1	2	70)
e(161	1	3	40)
e(161	2	3	10)
e(162	1	2	50)
e(162	1	3	20)
e(162	2	3	90)
e(162	1	4	80)
e(162	2	4	60)
e(162	3	4	50)
e(162	1	5	20)
e(162	2	5	160)
e(162	3	5	60)
e(162	4	5	150)
e(163	1	2	100)
e(163	1	3	80)
e(163	2	3	110)
e(164	1	2	20)
e(167	1	2	100)
e(169	1	2	20)
e(169	1	3	140)
e(169	2	3	30)
e(169	2	4	50)
e(169	3	4	80)
e(170	1	2	150)
e(171	1	2	10)
e(172	1	2	30)
e(173	1	2	10)
e(174	1	2	70)
e(175	1	2	50)
e(175	1	3	10)
e(175	2	3	60)
e(175	1	4	40)
e(175	2	4	110)
e(175	3	4	40)
e(176	1	2	130)
e(178	1	3	60)
e(178	2	3	110)
e(178	1	4	150)
e(178	3	4	120)
e(180	1	2	140)
e(180	1	3	60)
e(180	2	3	120)
e(180	1	4	90)
e(180	2	4	40)
e(180	3	4	110)
e(180	1	5	30)
e(180	2	5	10)
e(180	3	5	40)
e(180	4	5	90)
e(181	1	2	130)
e(181	1	3	20)
e(181	2	3	150)
e(181	1	4	140)
e(181	2	4	80)
e(181	3	4	100)
e(182	1	2	20)
e(182	1	3	50)
e(182	2	3	140)
e(184	1	2	70)
e(184	1	3	100)
e(184	2	3	110)
e(184	1	4	140)
e(184	2	4	20)
e(184	3	4	70)
e(184	1	5	60)
e(184	2	5	100)
e(184	3	5	20)
e(184	4	5	150)
e(185	1	2	140)
e(185	1	3	160)
e(185	2	3	40)
e(185	1	4	120)
e(185	2	4	30)
e(185	3	4	140)
e(185	1	5	160)
e(185	2	5	100)
e(185	3	5	140)
e(185	4	5	130)
e(186	1	2	140)
e(186	1	3	130)
e(186	2	3	20)
e(187	1	2	60)
e(187	1	3	90)
e(187	2	3	140)
e(187	1	4	160)
e(187	2	4	120)
e(187	3	4	40)
e(187	1	5	110)
e(187	2	5	60)
e(187	3	5	100)
e(187	4	5	130)
e(188	1	2	20)
e(191	1	2	30)
e(191	1	3	140)
e(191	2	3	130)
e(191	1	4	40)
e(191	2	4	60)
e(191	3	4	130)
e(191	1	5	100)
e(191	2	5	160)
e(191	3	5	10)
e(191	4	5	140)
e(192	1	2	160)
e(192	1	3	110)
e(192	2	3	40)
e(192	1	4	50)
e(192	2	4	130)
e(192	3	4	140)
e(192	1	5	100)
e(192	2	5	30)
e(192	4	5	40)
e(194	1	2	60)
e(194	1	3	50)
e(194	1	4	70)
e(194	2	4	70)
e(194	3	4	80)
e(194	1	5	160)
e(194	2	5	60)
e(194	3	5	140)
e(194	4	5	90)
e(195	1	2	40)
e(196	1	2	140)
e(196	1	3	20)
e(196	2	3	150)
e(196	1	4	110)
e(196	2	4	140)
e(196	3	4	140)
e(196	1	5	90)
e(196	2	5	130)
e(196	3	5	160)
e(196	4	5	70)
e(197	1	2	150)
e(198	1	3	130)
e(198	2	3	130)
e(198	1	4	20)
e(198	2	4	10)
e(198	3	4	30)
e(199	1	2	20)
e(199	1	3	160)
e(199	2	3	20)
e(199	1	4	10)
e(199	2	4	160)
e(199	3	4	60)
e(200	1	2	30)
e(200	1	3	30)
e(200	2	3	40)
e(200	1	4	50)
e(200	2	4	60)
e(200	3	4	80)
e(200	1	5	30)
e(200	2	5	60)
e(200	3	5	40)
e(200	4	5	160)
e(201	1	2	80)
e(202	1	2	20)
e(202	2	3	50)
e(202	1	4	30)
e(202	2	4	10)
e(202	3	4	40)
e(202	1	5	90)
e(202	2	5	120)
e(202	3	5	120)
e(202	4	5	140)
e(203	1	2	110)
e(203	1	3	140)
e(203	2	3	90)
e(203	1	4	120)
e(204	1	2	30)
e(204	1	3	160)
e(204	2	3	100)
e(204	1	4	70)
e(204	2	4	20)
e(204	3	4	60)
e(204	1	5	80)
e(204	2	5	100)
e(204	3	5	30)
e(204	4	5	50)
e(205	1	2	80)
e(205	1	3	70)
e(205	2	3	160)
e(205	1	4	80)
e(205	2	4	40)
e(205	3	4	160)
e(205	1	5	100)
e(205	2	5	140)
e(205	3	5	100)
e(205	4	5	130)
e(206	1	2	90)
e(206	1	3	70)
e(206	2	3	90)
e(208	1	2	100)
e(208	1	3	100)
e(208	2	3	50)
e(208	1	4	120)
e(208	3	4	30)
e(210	1	2	150)
e(210	1	3	110)
e(210	2	3	120)
e(210	2	4	80)
e(210	3	4	80)
e(210	1	5	110)
e(210	2	5	90)
e(210	3	5	60)
e(210	4	5	30)
e(211	1	2	50)
e(211	1	3	10)
e(211	2	3	80)
e(211	2	4	90)
e(211	3	4	40)
e(211	1	5	150)
e(211	2	5	70)
e(211	3	5	140)
e(211	4	5	10)
e(212	1	2	50)
e(212	1	4	120)
e(212	2	4	70)
e(212	3	4	160)
e(212	1	5	120)
e(212	2	5	160)
e(212	3	5	70)
e(212	4	5	40)
e(213	1	2	20)
e(214	1	2	70)
e(214	1	3	80)
e(214	2	3	40)
e(214	1	4	150)
e(214	2	4	140)
e(214	3	4	60)
e(214	1	5	30)
e(214	2	5	160)
e(214	3	5	20)
e(214	4	5	30)
e(217	1	2	50)
e(218	1	2	140)
e(218	1	3	100)
e(218	2	3	100)
e(218	1	4	80)
e(218	3	4	150)
e(218	1	5	160)
e(218	2	5	110)
e(218	3	5	100)
e(219	1	2	30)
e(219	1	3	100)
e(219	2	3	150)
e(220	1	2	80)
e(220	1	3	50)
e(220	2	3	140)
e(220	1	4	80)
e(220	2	4	50)
e(220	3	4	80)
e(221	1	2	50)
e(221	1	3	40)
e(221	2	3	120)
e(221	1	4	150)
e(221	2	4	130)
e(221	1	5	40)
e(221	2	5	70)
e(221	3	5	60)
e(221	4	5	60)
e(223	1	2	70)
e(224	1	2	120)
e(224	1	3	50)
e(224	2	3	110)
e(224	2	4	100)
e(224	3	4	50)
e(224	1	5	160)
e(224	2	5	30)
e(224	3	5	80)
e(224	4	5	20)
e(225	1	2	130)
e(226	1	2	160)
e(226	1	3	90)
e(226	2	3	140)
e(227	1	2	20)
e(227	1	3	80)
e(227	2	3	100)
e(228	1	2	20)
e(228	1	3	70)
e(228	2	3	110)
e(228	1	4	20)
e(228	2	4	30)
e(228	3	4	140)
e(229	1	2	20)
e(230	1	2	160)
e(230	1	3	20)
e(230	2	3	140)
e(230	2	4	60)
e(230	3	4	130)
e(230	1	5	140)
e(230	2	5	50)
e(230	4	5	40)
e(231	1	2	100)
e(232	1	2	30)
e(232	1	3	140)
e(232	2	3	160)
e(232	1	4	60)
e(232	2	4	50)
e(232	3	4	160)
e(232	1	5	80)
e(232	2	5	130)
e(232	3	5	160)
e(232	4	5	70)
e(233	1	2	10)
e(233	1	3	10)
e(233	2	3	110)
e(233	1	4	80)
e(233	2	4	80)
e(233	3	4	110)
e(235	1	2	130)
e(235	1	3	160)
e(235	2	3	90)
e(235	2	4	10)
e(235	3	4	80)
e(235	1	5	120)
e(235	2	5	110)
e(235	3	5	10)
e(235	4	5	60)
e(236	1	2	50)
e(236	1	3	140)
e(236	2	3	90)
e(236	1	4	160)
e(236	3	4	30)
e(237	1	2	80)
e(237	1	3	80)
e(237	2	3	80)
e(242	1	2	30)
e(242	1	3	140)
e(242	2	3	140)
e(242	1	4	40)
e(242	2	4	110)
e(242	3	4	120)
e(243	1	2	50)
e(243	2	3	120)
e(243	1	4	130)
e(243	2	4	50)
e(243	3	4	120)
e(244	1	2	110)
e(245	1	2	100)
e(245	1	3	100)
e(245	2	3	10)
e(245	1	4	160)
e(245	3	4	20)
e(246	1	2	80)
e(246	1	3	10)
e(246	2	3	50)
e(246	2	4	50)
e(246	3	4	90)
e(246	1	5	120)
e(246	2	5	90)
e(246	3	5	50)
e(246	4	5	30)
e(247	1	2	70)
e(247	1	3	30)
e(247	2	3	10)
e(248	1	2	60)
e(250	1	2	120)
e(250	1	3	70)
e(250	2	3	110)
e(250	1	4	150)
e(250	2	4	20)
e(250	3	4	140)
e(250	1	5	90)
e(250	2	5	60)
e(250	3	5	150)
e(250	4	5	120)
e(254	1	2	80)
e(256	1	2	120)
e(256	1	3	120)
e(256	2	3	130)
e(257	1	2	80)
e(257	2	3	100)
e(259	1	2	140)
e(260	1	3	10)
e(260	2	3	110)
e(260	1	4	70)
e(260	2	4	50)
e(260	3	4	150)
e(261	1	2	80)
e(261	1	3	40)
e(261	2	3	150)
e(261	1	4	160)
e(261	2	4	100)
e(261	3	4	80)
e(263	1	2	150)
e(263	1	3	160)
e(263	2	3	30)
e(263	1	4	80)
e(263	2	4	60)
e(263	3	4	150)
e(263	1	5	90)
e(263	2	5	110)
e(263	3	5	50)
e(263	4	5	90)
e(264	1	2	80)
e(264	1	3	10)
e(264	2	3	100)
e(264	1	4	50)
e(264	2	4	140)
e(264	3	4	50)
e(264	1	5	110)
e(264	2	5	130)
e(264	3	5	50)
e(264	4	5	70)
e(266	1	2	140)
e(266	1	3	30)
e(266	2	3	70)
e(266	1	4	50)
e(266	2	4	50)
e(266	3	4	60)
e(266	1	5	80)
e(266	2	5	120)
e(266	3	5	160)
e(266	4	5	140)
e(267	1	2	60)
e(267	2	3	100)
e(267	1	4	150)
e(267	2	4	50)
e(267	3	4	50)
e(268	1	2	20)
e(268	1	3	150)
e(268	2	3	20)
e(269	1	2	100)
e(269	1	3	140)
e(269	2	3	120)
e(269	1	4	10)
e(269	2	4	40)
e(269	3	4	130)
e(271	1	3	110)
e(271	2	3	80)
e(273	1	2	140)
e(273	1	3	110)
e(273	2	3	10)
e(273	1	4	150)
e(273	2	4	140)
e(273	3	4	20)
e(273	1	5	160)
e(273	2	5	150)
e(273	3	5	80)
e(273	4	5	90)
e(274	1	2	80)
e(274	1	3	30)
e(274	1	4	20)
e(274	2	4	80)
e(274	3	4	140)
e(274	1	5	70)
e(274	2	5	20)
e(274	3	5	140)
e(275	1	2	80)
e(275	1	3	60)
e(275	2	3	10)
e(275	1	4	60)
e(275	2	4	90)
e(275	3	4	10)
e(277	1	2	130)
e(277	1	3	120)
e(277	2	3	120)
e(277	1	4	60)
e(277	2	4	70)
e(277	3	4	50)
e(277	1	5	90)
e(277	2	5	80)
e(277	3	5	20)
e(277	4	5	80)
e(278	1	2	110)
e(279	1	2	140)
e(279	1	3	30)
e(279	2	3	120)
e(280	1	2	40)
e(280	1	3	100)
e(280	2	3	60)
e(280	1	4	100)
e(280	2	4	80)
e(280	3	4	30)
e(281	1	2	10)
e(281	1	3	10)
e(281	1	4	70)
e(281	2	4	40)
e(281	3	4	120)
e(281	1	5	150)
e(281	2	5	110)
e(281	4	5	10)
e(282	1	2	110)
e(282	1	3	110)
e(282	2	3	50)
e(282	1	4	60)
e(282	3	4	80)
e(282	1	5	90)
e(282	2	5	160)
e(282	3	5	110)
e(282	4	5	110)
e(283	1	2	100)
e(285	1	2	120)
e(287	1	2	160)
e(287	1	3	50)
e(287	2	3	110)
e(288	1	2	40)
e(289	1	2	120)
e(290	1	2	140)
e(290	1	3	50)
e(290	2	3	80)
e(295	1	2	110)
e(296	1	2	160)
e(296	1	3	10)
e(296	2	3	40)
e(296	1	4	40)
e(296	2	4	20)
e(296	3	4	60)
e(297	1	2	70)
e(298	1	2	70)
e(298	1	3	130)
e(298	2	3	140)
e(298	1	4	30)
e(298	3	4	140)
e(298	2	5	120)
e(298	3	5	110)
e(298	4	5	160)
e(299	1	2	80)
e(299	1	3	120)
e(299	2	3	90)
e(299	1	4	100)
e(299	2	4	110)
e(299	3	4	120)
e(299	1	5	160)
e(299	2	5	40)
e(299	3	5	40)
e(299	4	5	80)
e(300	1	3	100)
e(300	2	3	160)
e(302	1	2	60)
e(302	1	3	100)
e(302	2	3	60)
e(302	1	4	30)
e(302	3	4	60)
e(302	1	5	10)
e(302	2	5	90)
e(302	3	5	20)
e(302	4	5	160)
e(303	1	2	70)
e(304	1	2	70)
e(304	1	3	30)
e(304	2	3	150)
e(305	1	2	140)
e(305	1	3	10)
e(305	2	3	120)
e(306	1	2	100)
e(306	2	3	110)
e(306	1	4	140)
e(306	2	4	10)
e(306	3	4	140)
e(307	1	2	40)
e(308	1	2	140)
e(309	1	2	100)
e(309	1	3	100)
e(309	2	3	40)
e(309	1	4	100)
e(309	2	4	130)
e(309	3	4	10)
e(310	1	2	50)
e(311	1	2	10)
e(311	1	3	100)
e(311	2	3	120)
e(312	1	2	90)
e(312	1	3	160)
e(312	2	3	40)
e(312	1	4	70)
e(312	2	4	30)
e(312	3	4	50)
e(313	1	2	130)
e(313	1	3	110)
e(313	2	3	100)
e(313	1	4	140)
e(313	2	4	90)
e(313	3	4	80)
e(314	1	2	10)
e(314	1	3	110)
e(314	1	4	110)
e(314	2	4	110)
e(314	3	4	150)
e(314	1	5	130)
e(314	2	5	80)
e(314	3	5	70)
e(314	4	5	20)
e(315	1	2	60)
e(315	1	3	150)
e(315	2	3	30)
e(316	1	2	40)
e(317	1	2	140)
e(317	1	3	110)
e(317	2	3	130)
e(317	1	4	20)
e(317	2	4	100)
e(317	3	4	60)
e(317	1	5	100)
e(317	2	5	140)
e(317	3	5	150)
e(317	4	5	140)
e(318	1	2	100)
e(318	1	3	100)
e(318	2	3	110)
e(318	1	4	110)
e(318	2	4	30)
e(318	3	4	100)
e(319	1	2	90)
e(319	1	3	130)
e(319	2	3	20)
e(320	1	2	20)
e(320	1	3	30)
e(320	2	3	120)
e(320	1	4	80)
e(320	2	4	110)
e(320	3	4	60)
e(321	1	2	20)
e(321	1	3	90)
e(321	2	3	140)
e(322	1	2	40)
e(322	1	3	60)
e(322	2	3	120)
e(322	1	4	70)
e(322	2	4	140)
e(322	1	5	70)
e(322	2	5	110)
e(322	3	5	10)
e(322	4	5	110)
e(324	1	2	40)
e(324	1	3	40)
e(324	2	3	20)
e(326	1	2	20)
e(326	1	3	20)
e(326	2	3	30)
e(326	1	4	140)
e(326	2	4	160)
e(326	3	4	160)
e(328	1	2	30)
e(329	1	2	130)
e(332	1	2	90)
e(332	1	3	140)
e(332	2	3	40)
e(332	1	4	110)
e(332	2	4	30)
e(332	3	4	60)
e(334	1	2	80)
e(334	1	3	20)
e(334	2	3	60)
e(335	1	2	90)
e(336	1	2	50)
e(337	1	2	10)
e(337	1	3	100)
e(337	2	3	40)
e(337	1	4	100)
e(337	2	4	30)
e(337	3	4	110)
e(337	1	5	130)
e(337	2	5	40)
e(337	3	5	70)
e(337	4	5	120)
e(338	1	2	40)
e(338	1	3	70)
e(338	2	3	10)
e(338	1	4	10)
e(338	2	4	80)
e(338	3	4	10)
e(338	1	5	90)
e(338	2	5	20)
e(338	3	5	160)
e(338	4	5	50)
e(339	1	2	30)
e(339	1	3	110)
e(339	2	3	140)
e(339	1	4	70)
e(339	2	4	80)
e(339	3	4	100)
e(339	1	5	30)
e(339	2	5	20)
e(339	3	5	50)
e(339	4	5	140)
e(340	1	2	30)
e(340	1	3	20)
e(340	2	3	100)
e(340	1	4	150)
e(340	2	4	100)
e(340	3	4	130)
e(340	1	5	90)
e(340	2	5	110)
e(340	3	5	10)
e(340	4	5	80)
e(341	1	2	30)
e(341	1	3	140)
e(341	2	3	110)
e(342	1	2	70)
e(342	1	3	90)
e(342	2	3	10)
e(342	1	4	30)
e(342	2	4	70)
e(342	3	4	160)
e(342	1	5	90)
e(342	2	5	40)
e(342	3	5	140)
e(342	4	5	120)
e(343	1	2	30)
e(343	1	3	10)
e(343	2	3	140)
e(344	1	2	40)
e(344	1	3	60)
e(344	1	4	160)
e(344	2	4	90)
e(344	3	4	90)
e(344	1	5	160)
e(344	2	5	10)
e(344	3	5	150)
e(344	4	5	60)
e(345	1	2	20)
e(346	1	2	40)
e(346	1	3	80)
e(346	2	3	20)
e(346	1	4	110)
e(346	2	4	130)
e(346	3	4	100)
e(347	1	2	20)
e(347	1	3	100)
e(347	2	3	110)
e(347	1	4	110)
e(347	2	4	10)
e(347	3	4	40)
e(347	1	5	70)
e(347	2	5	60)
e(347	3	5	100)
e(347	4	5	140)
e(348	1	2	120)
e(348	1	3	20)
e(348	2	3	20)
e(348	1	4	130)
e(348	2	4	60)
e(348	3	4	60)
e(348	1	5	40)
e(348	2	5	80)
e(348	3	5	110)
e(348	4	5	80)
e(349	1	2	150)
e(349	1	3	40)
e(351	1	2	110)
e(351	1	3	150)
e(351	2	3	120)
e(351	1	4	150)
e(351	2	4	140)
e(351	3	4	10)
e(352	1	2	160)
e(352	2	3	40)
e(352	1	4	10)
e(352	2	4	120)
e(352	3	4	60)
e(352	1	5	20)
e(352	2	5	90)
e(352	3	5	150)
e(352	4	5	100)
e(353	1	2	110)
e(354	1	2	160)
e(354	1	3	110)
e(354	2	3	150)
e(354	2	4	110)
e(354	3	4	10)
e(354	1	5	140)
e(354	2	5	50)
e(354	3	5	130)
e(354	4	5	100)
e(355	1	2	100)
e(355	1	3	100)
e(355	2	3	140)
e(355	1	4	20)
e(355	2	4	140)
e(355	3	4	30)
e(355	1	5	110)
e(355	2	5	140)
e(355	3	5	120)
e(355	4	5	110)
e(356	1	2	40)
e(356	1	3	110)
e(356	2	3	10)
e(356	1	4	20)
e(356	2	4	50)
e(356	3	4	10)
e(358	1	2	80)
e(358	1	3	60)
e(358	2	3	110)
e(358	1	4	70)
e(358	2	4	90)
e(358	3	4	50)
e(359	1	2	40)
e(359	1	3	40)
e(359	2	3	110)
e(359	1	4	50)
e(359	2	4	20)
e(359	3	4	40)
e(360	1	2	50)
e(360	1	3	120)
e(360	2	3	160)
e(360	1	4	130)
e(360	2	4	80)
e(360	3	4	100)
e(361	1	2	80)
e(361	1	3	90)
e(361	2	3	50)
e(361	2	4	100)
e(361	3	4	80)
e(362	1	2	70)
e(362	2	3	150)
e(362	1	4	30)
e(362	2	4	80)
e(362	3	4	50)
e(362	1	5	150)
e(362	3	5	70)
e(362	4	5	100)
e(363	1	2	70)
e(363	1	3	120)
e(363	2	3	150)
e(364	1	2	30)
e(364	2	3	80)
e(366	1	2	90)
e(366	1	3	100)
e(366	2	3	80)
e(366	1	4	140)
e(366	2	4	150)
e(366	3	4	100)
e(366	1	5	130)
e(366	2	5	10)
e(366	4	5	20)
e(369	1	2	80)
e(369	1	3	150)
e(369	2	3	120)
e(370	1	2	10)
e(370	1	3	90)
e(370	2	3	140)
e(370	1	4	120)
e(370	2	4	70)
e(370	3	4	30)
e(371	1	2	10)
e(371	1	3	70)
e(371	1	4	150)
e(371	2	4	150)
e(371	3	4	110)
e(372	1	2	140)
e(372	1	3	40)
e(372	2	3	30)
e(372	1	4	130)
e(372	2	4	30)
e(372	3	4	90)
e(374	1	2	60)
e(374	1	3	10)
e(374	2	3	120)
e(374	1	4	40)
e(374	2	4	120)
e(374	3	4	70)
e(374	1	5	50)
e(374	2	5	50)
e(374	3	5	100)
e(374	4	5	10)
e(376	1	2	100)
e(376	1	3	140)
e(376	2	3	30)
e(376	1	4	20)
e(376	2	4	50)
e(376	3	4	60)
e(377	1	2	100)
e(377	1	3	120)
e(377	2	3	60)
e(379	1	2	130)
e(379	1	3	140)
e(379	2	3	130)
e(379	1	4	110)
e(379	2	4	90)
e(379	3	4	20)
e(379	1	5	10)
e(379	2	5	120)
e(379	3	5	10)
e(379	4	5	20)
e(380	1	2	50)
e(380	1	3	150)
e(380	2	3	130)
e(380	1	4	160)
e(380	2	4	70)
e(380	3	4	60)
e(380	2	5	20)
e(380	3	5	20)
e(380	4	5	90)
e(382	1	2	60)
e(383	1	2	20)
e(383	1	3	120)
e(384	1	2	120)
e(384	1	3	70)
e(384	2	3	20)
e(385	1	2	40)
e(385	2	3	30)
e(385	1	4	20)
e(385	2	4	90)
e(385	3	4	160)
e(385	1	5	50)
e(385	2	5	60)
e(385	3	5	70)
e(385	4	5	120)
e(386	1	2	140)
e(386	1	3	140)
e(386	2	3	110)
e(387	1	2	140)
e(387	1	3	150)
e(387	2	3	20)
e(387	1	4	150)
e(387	2	4	70)
e(387	3	4	140)
e(388	1	2	60)
e(391	1	2	30)
e(391	1	3	70)
e(392	1	2	10)
e(392	1	3	100)
e(392	2	3	90)
e(392	1	4	20)
e(392	2	4	60)
e(392	3	4	110)
e(392	1	5	20)
e(392	2	5	70)
e(392	3	5	50)
e(392	4	5	30)
e(393	1	2	120)
e(393	1	3	110)
e(393	1	4	30)
e(393	2	4	110)
e(393	3	4	30)
e(395	1	2	30)
e(395	1	3	10)
e(395	2	3	60)
e(395	1	4	150)
e(395	2	4	40)
e(395	3	4	70)
e(397	1	2	90)
e(397	1	3	50)
e(397	2	3	30)
e(398	1	2	20)
e(399	1	2	120)
e(399	1	3	80)
e(399	2	3	70)
e(399	2	4	80)
e(399	3	4	80)
e(399	1	5	160)
e(399	2	5	100)
e(399	3	5	160)
e(399	4	5	60)
e(401	1	2	40)
e(401	1	3	60)
e(401	2	3	110)
e(402	1	2	100)
e(403	1	2	100)
e(403	1	3	80)
e(403	2	3	80)
e(403	1	4	90)
e(403	2	4	80)
e(403	3	4	100)
e(405	1	2	100)
e(405	1	3	130)
e(405	2	3	100)
e(405	1	4	140)
e(405	2	4	110)
e(405	3	4	50)
e(406	1	2	10)
e(408	1	2	130)
e(408	1	3	160)
e(408	2	3	30)
e(408	1	4	10)
e(408	2	4	160)
e(408	3	4	60)
e(408	1	5	20)
e(408	2	5	40)
e(408	3	5	90)
e(408	4	5	130)
e(409	1	2	150)
e(409	1	3	140)
e(409	2	3	140)
e(409	1	4	10)
e(409	2	4	10)
e(409	3	4	50)
e(409	1	5	130)
e(409	2	5	50)
e(409	3	5	40)
e(409	4	5	160)
e(410	1	2	130)
e(410	1	3	150)
e(410	2	3	20)
e(410	1	4	150)
e(410	2	4	100)
e(410	3	4	30)
e(411	1	2	80)
e(412	1	2	90)
e(414	1	2	20)
e(414	1	3	130)
e(414	2	3	90)
e(414	1	4	30)
e(414	2	4	160)
e(414	3	4	140)
e(415	1	2	20)
e(415	1	3	20)
e(415	2	3	50)
e(416	1	2	40)
e(416	1	3	10)
e(416	2	3	80)
e(416	1	4	160)
e(416	2	4	10)
e(416	1	5	80)
e(416	2	5	40)
e(416	3	5	160)
e(416	4	5	160)
e(418	1	2	150)
e(418	1	3	130)
e(418	2	3	110)
e(419	1	2	50)
e(420	1	2	150)
e(420	1	3	100)
e(420	2	3	120)
e(420	1	4	20)
e(420	3	4	70)
e(420	1	5	110)
e(420	2	5	100)
e(420	3	5	70)
e(420	4	5	40)
e(421	1	2	120)
e(421	1	3	130)
e(421	2	3	160)
e(421	2	4	50)
e(421	3	4	80)
e(422	1	2	70)
e(422	1	3	140)
e(422	2	3	100)
e(425	1	2	130)
e(425	1	3	50)
e(425	2	3	110)
e(425	1	4	40)
e(425	2	4	130)
e(425	3	4	130)
e(425	1	5	150)
e(425	2	5	80)
e(425	3	5	110)
e(425	4	5	50)
e(426	1	2	150)
e(426	1	3	60)
e(426	2	3	10)
e(426	1	4	40)
e(426	2	4	140)
e(426	3	4	140)
e(426	1	5	120)
e(426	2	5	120)
e(426	3	5	160)
e(426	4	5	60)
e(427	1	2	150)
e(427	1	3	60)
e(427	1	4	40)
e(427	2	4	120)
e(427	3	4	30)
e(427	3	5	10)
e(427	4	5	40)
e(429	1	2	110)
e(429	1	3	150)
e(429	2	3	60)
e(430	1	2	90)
e(430	1	3	90)
e(430	2	3	50)
e(430	1	4	20)
e(430	2	4	130)
e(430	3	4	70)
e(431	1	2	80)
e(431	1	3	110)
e(431	2	3	100)
e(431	1	4	20)
e(431	2	4	30)
e(431	3	4	20)
e(431	1	5	90)
e(431	2	5	160)
e(431	3	5	90)
e(431	4	5	100)
e(432	1	2	20)
e(432	1	3	60)
e(432	2	3	80)
e(432	1	4	160)
e(432	2	4	10)
e(432	3	4	160)
e(433	2	3	70)
e(433	1	4	20)
e(433	2	4	20)
e(433	3	4	110)
e(433	1	5	30)
e(433	3	5	90)
e(433	4	5	160)
e(435	1	2	110)
e(435	1	3	120)
e(435	2	3	10)
e(435	1	4	120)
e(435	2	4	140)
e(435	3	4	140)
e(435	1	5	30)
e(435	2	5	50)
e(435	3	5	70)
e(435	4	5	150)
e(436	1	2	100)
e(436	1	3	160)
e(436	2	3	150)
e(437	1	2	40)
e(437	1	3	160)
e(437	2	3	40)
e(437	1	4	50)
e(437	3	4	150)
e(438	1	2	30)
e(438	1	3	20)
e(438	2	3	90)
e(438	1	4	160)
e(438	2	4	120)
e(438	3	4	150)
e(438	1	5	10)
e(438	2	5	50)
e(438	3	5	100)
e(438	4	5	100)
e(439	1	2	60)
e(439	1	3	160)
e(439	2	3	40)
e(439	1	4	140)
e(439	2	4	60)
e(439	3	4	40)
e(439	1	5	110)
e(439	2	5	60)
e(439	3	5	100)
e(439	4	5	160)
e(440	1	2	80)
e(440	1	3	130)
e(440	2	3	20)
e(440	1	4	10)
e(440	2	4	150)
e(440	3	4	150)
e(442	1	2	40)
e(442	1	3	110)
e(442	2	3	160)
e(442	1	4	30)
e(442	2	4	120)
e(442	3	4	20)
e(443	1	2	100)
e(443	1	3	100)
e(443	2	3	30)
e(443	1	4	10)
e(443	2	4	110)
e(443	3	4	40)
e(445	1	2	50)
e(445	1	3	90)
e(445	2	3	140)
e(446	1	2	100)
e(446	1	3	100)
e(446	1	4	120)
e(446	2	4	160)
e(446	3	4	130)
e(447	1	2	70)
e(447	1	3	30)
e(447	2	3	40)
e(447	1	4	80)
e(447	2	4	120)
e(447	3	4	140)
e(448	1	2	120)
e(448	1	3	140)
e(448	2	3	140)
e(449	1	2	30)
e(449	1	3	160)
e(449	2	3	100)
e(449	1	4	80)
e(449	2	4	110)
e(449	3	4	140)
e(449	1	5	50)
e(449	2	5	40)
e(449	3	5	30)
e(449	4	5	150)
e(454	1	2	70)
e(454	1	3	80)
e(454	2	3	110)
e(454	1	4	20)
e(454	2	4	160)
e(454	3	4	90)
e(454	1	5	130)
e(454	2	5	120)
e(454	4	5	110)
e(455	1	2	120)
e(455	1	3	150)
e(455	2	3	70)
e(455	1	4	60)
e(455	2	4	150)
e(455	3	4	150)
e(455	1	5	40)
e(455	2	5	30)
e(455	3	5	110)
e(455	4	5	90)
e(456	1	2	50)
e(457	1	2	130)
e(457	1	3	120)
e(457	2	3	140)
e(457	1	4	160)
e(457	2	4	160)
e(457	3	4	110)
e(458	1	2	30)
e(459	1	2	110)
e(460	1	2	30)
e(460	1	3	110)
e(460	2	3	100)
e(460	1	4	110)
e(460	2	4	70)
e(460	3	4	160)
e(461	1	2	30)
e(461	1	3	10)
e(461	2	3	130)
e(461	1	4	40)
e(461	2	4	130)
e(461	3	4	20)
e(463	1	2	50)
e(463	1	3	90)
e(463	2	3	30)
e(463	1	4	20)
e(463	2	4	160)
e(463	3	4	80)
e(463	1	5	90)
e(463	2	5	160)
e(463	3	5	130)
e(463	4	5	150)
e(464	1	2	150)
e(464	1	3	140)
e(464	2	3	160)
e(464	1	4	40)
e(464	2	4	110)
e(464	3	4	50)
e(465	1	3	100)
e(465	2	3	80)
e(465	1	4	100)
e(465	2	4	80)
e(465	3	4	130)
e(466	1	2	20)
e(466	1	3	150)
e(466	2	3	130)
e(467	1	2	100)
e(467	1	3	20)
e(467	2	3	80)
e(467	1	4	150)
e(467	2	4	150)
e(467	3	4	40)
e(468	1	2	140)
e(468	1	3	10)
e(468	2	3	80)
e(468	1	4	130)
e(468	2	4	20)
e(468	3	4	70)
e(468	1	5	160)
e(468	2	5	130)
e(468	3	5	110)
e(468	4	5	110)
e(469	1	2	120)
e(470	1	2	110)
e(470	1	3	120)
e(470	2	3	70)
e(470	1	4	70)
e(470	2	4	30)
e(470	3	4	150)
e(470	1	5	80)
e(470	2	5	20)
e(470	3	5	150)
e(470	4	5	150)
e(471	1	2	100)
e(471	1	3	90)
e(471	2	3	70)
e(471	1	4	90)
e(471	2	4	110)
e(471	3	4	140)
e(472	1	2	130)
e(472	1	3	160)
e(472	2	3	80)
e(472	2	4	30)
e(472	1	5	10)
e(472	2	5	140)
e(472	3	5	30)
e(472	4	5	10)
e(473	1	2	100)
e(473	1	3	60)
e(473	2	3	30)
e(473	1	4	20)
e(473	2	4	10)
e(473	3	4	120)
e(474	1	2	100)
e(474	1	3	100)
e(474	2	3	120)
e(476	1	3	140)
e(476	2	3	30)
e(476	1	4	60)
e(476	2	4	30)
e(476	3	4	90)
e(476	1	5	30)
e(476	2	5	30)
e(476	3	5	30)
e(476	4	5	80)
e(477	1	2	70)
e(477	1	3	80)
e(477	2	3	80)
e(477	1	4	80)
e(477	2	4	30)
e(477	3	4	60)
e(478	1	2	50)
e(478	1	3	30)
e(478	2	3	50)
e(478	1	4	20)
e(478	2	4	40)
e(478	3	4	50)
e(480	1	2	30)
e(481	1	2	160)
e(482	1	2	120)
e(482	2	3	10)
e(482	1	4	70)
e(482	2	4	40)
e(482	3	4	110)
e(482	1	5	140)
e(482	2	5	30)
e(482	3	5	120)
e(482	4	5	30)
e(483	1	2	160)
e(483	1	3	130)
e(483	2	3	70)
e(484	1	2	160)
e(484	1	3	100)
e(484	2	3	20)
e(485	1	2	60)
e(485	1	3	110)
e(485	1	4	40)
e(485	2	4	20)
e(485	3	4	40)
e(486	1	2	150)
e(486	1	3	80)
e(486	2	3	130)
e(486	1	4	160)
e(486	2	4	130)
e(486	3	4	70)
e(487	1	2	50)
e(488	1	2	150)
e(488	1	3	60)
e(488	2	3	120)
e(488	1	5	160)
e(488	2	5	110)
e(488	3	5	10)
e(488	4	5	150)
e(490	1	2	140)
e(490	1	3	120)
e(490	2	3	120)
e(491	1	2	140)
e(491	1	3	60)
e(491	2	3	50)
e(491	1	4	130)
e(491	2	4	10)
e(491	3	4	160)
e(491	1	5	110)
e(491	2	5	90)
e(491	3	5	150)
e(491	4	5	70)
e(492	1	2	120)
e(494	1	2	150)
e(494	1	3	130)
e(494	2	3	70)
e(494	1	4	120)
e(494	2	4	120)
e(494	3	4	100)
e(495	1	2	140)
e(495	1	3	140)
e(495	2	3	150)
e(495	1	4	10)
e(495	2	4	110)
e(495	3	4	140)
e(498	1	2	110)
e(498	1	3	70)
e(498	2	3	40)
e(499	1	2	120)
e(499	1	3	160)
e(499	2	3	90)
e(499	1	4	40)
e(499	2	4	120)
e(499	3	4	10)
e(499	1	5	10)
e(499	2	5	90)
e(499	3	5	50)
e(499	4	5	100)
e(501	1	2	40)
e(501	1	3	50)
e(501	2	3	130)
e(503	1	2	60)
e(503	1	3	100)
e(503	2	3	150)
e(504	1	2	30)
e(504	1	3	10)
e(504	2	3	40)
e(504	1	4	120)
e(504	2	4	20)
e(504	3	4	130)
e(505	1	2	10)
e(505	1	3	90)
e(505	2	3	70)
e(505	1	4	60)
e(505	2	4	110)
e(505	3	4	160)
e(506	1	2	100)
e(506	1	3	30)
e(506	2	3	100)
e(506	1	4	30)
e(506	2	4	130)
e(506	3	4	160)
e(507	1	2	70)
e(508	1	2	20)
e(508	1	3	20)
e(508	2	3	30)
e(509	1	2	50)
e(509	1	3	100)
e(509	2	3	160)
e(509	1	4	130)
e(509	2	4	50)
e(509	3	4	140)
e(509	1	5	40)
e(509	2	5	140)
e(509	3	5	160)
e(509	4	5	40)
e(510	1	2	90)
e(510	1	3	80)
e(510	2	3	130)
e(513	1	2	40)
e(513	1	3	60)
e(513	2	3	50)
e(514	1	2	70)
e(515	1	2	60)
e(515	1	3	80)
e(515	2	3	40)
e(515	1	4	20)
e(515	2	4	100)
e(515	3	4	110)
e(517	1	2	40)
e(518	1	2	110)
e(519	1	2	100)
e(519	1	3	120)
e(519	2	3	30)
e(519	1	4	20)
e(519	2	4	20)
e(519	3	4	50)
e(521	1	2	70)
e(521	1	3	160)
e(521	2	3	60)
e(522	1	2	140)
e(522	2	3	110)
e(522	1	4	50)
e(522	2	4	60)
e(522	3	4	60)
e(522	2	5	140)
e(522	3	5	50)
e(522	4	5	90)
e(525	1	2	160)
e(526	1	2	140)
e(526	1	3	20)
e(526	2	3	150)
e(527	1	2	10)
e(527	1	3	10)
e(527	2	3	60)
e(527	1	4	40)
e(527	2	4	30)
e(527	3	4	80)
e(528	1	2	50)
e(528	1	3	110)
e(528	2	3	100)
e(528	1	4	50)
e(528	2	4	160)
e(528	3	4	60)
e(528	1	5	110)
e(528	2	5	30)
e(528	3	5	150)
e(528	4	5	110)
e(529	1	2	10)
e(529	1	3	10)
e(529	2	3	100)
e(529	1	4	150)
e(529	2	4	30)
e(529	3	4	70)
e(529	1	5	60)
e(529	2	5	60)
e(529	3	5	140)
e(529	4	5	140)
e(530	1	2	40)
e(530	1	3	90)
e(530	2	3	50)
e(530	1	4	110)
e(530	2	4	20)
e(530	3	4	90)
e(530	1	5	100)
e(530	2	5	20)
e(530	3	5	150)
e(530	4	5	50)
e(531	1	2	100)
e(531	1	3	110)
e(531	2	3	120)
e(531	2	4	130)
e(531	3	4	50)
e(532	1	2	130)
e(532	1	3	160)
e(532	2	3	120)
e(532	1	4	40)
e(532	2	4	60)
e(532	3	4	30)
e(533	1	2	120)
e(533	1	3	120)
e(533	2	3	30)
e(533	2	4	60)
e(533	3	4	40)
e(535	1	2	120)
e(535	1	3	40)
e(535	2	3	90)
e(535	1	4	160)
e(535	2	4	110)
e(535	3	4	90)
e(535	2	5	120)
e(535	3	5	10)
e(535	4	5	10)
e(536	1	2	80)
e(536	1	3	120)
e(536	2	3	80)
e(536	1	4	70)
e(536	2	4	110)
e(536	3	4	90)
e(536	1	5	40)
e(536	2	5	140)
e(536	3	5	100)
e(536	4	5	120)
e(537	1	2	60)
e(537	1	3	130)
e(537	2	3	10)
e(537	1	4	150)
e(537	2	4	120)
e(537	3	4	10)
e(537	1	5	60)
e(537	2	5	70)
e(537	3	5	140)
e(537	4	5	60)
e(541	1	2	110)
e(542	1	2	120)
e(543	1	2	60)
e(543	1	3	40)
e(543	2	3	140)
e(543	1	4	90)
e(543	2	4	100)
e(543	3	4	140)
e(543	1	5	140)
e(543	2	5	40)
e(543	3	5	150)
e(543	4	5	110)
e(544	1	2	110)
e(544	1	3	40)
e(544	2	3	160)
e(544	1	4	80)
e(544	2	4	150)
e(544	3	4	110)
e(545	1	2	30)
e(545	1	3	70)
e(545	2	3	90)
e(546	1	3	110)
e(546	2	3	90)
e(546	1	4	80)
e(546	2	4	110)
e(546	3	4	90)
e(546	1	5	160)
e(546	2	5	20)
e(546	3	5	110)
e(546	4	5	130)
e(547	1	2	130)
e(547	1	3	120)
e(547	2	3	140)
e(547	1	4	100)
e(547	2	4	140)
e(547	3	4	140)
e(548	1	2	120)
e(548	1	3	130)
e(548	2	3	160)
e(549	1	2	100)
e(549	1	3	50)
e(549	2	3	150)
e(549	1	4	80)
e(549	2	4	10)
e(549	3	4	50)
e(550	1	2	140)
e(550	1	3	40)
e(550	2	3	140)
e(550	1	4	110)
e(550	2	4	150)
e(550	3	4	90)
e(550	1	5	100)
e(550	2	5	30)
e(550	3	5	110)
e(550	4	5	110)
e(551	1	2	140)
e(551	1	3	110)
e(551	2	3	50)
e(551	1	4	20)
e(551	2	4	110)
e(551	3	4	80)
e(551	1	5	20)
e(551	2	5	120)
e(551	3	5	10)
e(551	4	5	140)
e(552	1	2	20)
e(552	1	3	90)
e(552	2	3	150)
e(553	1	2	40)
e(553	1	3	40)
e(553	2	3	90)
e(554	1	2	30)
e(554	1	3	30)
e(554	2	3	60)
e(554	1	4	80)
e(554	2	4	160)
e(554	3	4	10)
e(557	1	2	10)
e(557	1	3	130)
e(557	2	3	130)
e(557	1	4	130)
e(557	2	4	20)
e(557	3	4	60)
e(558	1	2	10)
e(559	1	2	150)
e(559	1	3	90)
e(559	2	3	10)
e(560	1	2	30)
e(561	1	2	60)
e(561	1	3	120)
e(561	2	3	160)
e(562	1	2	90)
e(562	1	3	10)
e(562	2	3	90)
e(563	1	2	50)
e(564	1	2	90)
e(566	1	2	10)
e(566	1	3	130)
e(566	2	3	50)
e(567	1	2	130)
e(568	1	2	100)
e(568	1	3	100)
e(568	2	3	140)
e(569	1	2	10)
e(569	1	3	130)
e(569	2	3	160)
e(570	1	3	30)
e(570	2	3	130)
e(570	1	4	110)
e(570	2	4	100)
e(570	3	4	130)
e(570	1	5	90)
e(570	3	5	80)
e(570	4	5	10)
e(571	1	2	30)
e(573	1	2	80)
e(575	1	2	130)
e(575	1	3	130)
e(575	2	3	10)
e(575	1	4	40)
e(575	2	4	130)
e(575	3	4	70)
e(575	2	5	10)
e(575	3	5	150)
e(575	4	5	100)
e(577	1	2	130)
e(577	1	3	150)
e(577	2	3	130)
e(577	1	4	50)
e(577	2	4	90)
e(577	3	4	90)
e(578	1	2	30)
e(578	1	3	60)
e(578	2	3	30)
e(579	1	2	100)
e(579	1	3	40)
e(579	2	3	90)
e(579	1	4	140)
e(579	2	4	110)
e(579	3	4	140)
e(581	1	2	50)
e(582	1	2	140)
e(583	1	2	160)
e(583	1	3	40)
e(583	2	3	130)
e(583	1	4	120)
e(583	2	4	100)
e(583	3	4	30)
e(587	1	2	10)
e(587	1	3	10)
e(587	2	3	140)
e(587	1	4	130)
e(587	2	4	80)
e(587	3	4	30)
e(587	1	5	30)
e(587	2	5	90)
e(587	3	5	110)
e(587	4	5	60)
e(589	1	2	100)
e(589	1	3	70)
e(589	2	3	50)
e(590	1	2	120)
e(590	1	3	150)
e(590	2	3	130)
e(590	1	4	130)
e(590	2	4	160)
e(590	3	4	140)
e(590	1	5	20)
e(590	2	5	70)
e(590	3	5	50)
e(590	4	5	120)
e(591	1	2	110)
e(591	1	3	160)
e(591	2	3	150)
e(592	1	2	30)
e(592	1	3	120)
e(592	2	3	80)
e(592	1	4	80)
e(592	2	4	90)
e(592	3	4	90)
e(592	1	5	110)
e(592	2	5	140)
e(592	3	5	10)
e(592	4	5	80)
e(594	1	2	50)
e(595	1	2	60)
e(595	1	3	70)
e(595	2	3	10)
e(596	1	2	10)
e(597	1	2	80)
e(597	1	3	140)
e(597	2	3	20)
e(598	1	2	140)
e(598	2	3	20)
e(600	1	2	120)
e(600	1	3	50)
e(600	2	3	110)
e(600	1	4	20)
e(600	2	4	110)
e(600	3	4	110)
e(601	1	2	40)
e(602	1	2	120)
e(602	1	3	40)
e(602	2	3	70)
e(602	1	4	80)
e(602	2	4	80)
e(602	3	4	50)
e(602	1	5	140)
e(602	2	5	150)
e(602	3	5	70)
e(602	4	5	70)
e(603	1	2	20)
e(604	1	2	50)
e(604	1	3	20)
e(604	2	3	10)
e(604	1	4	110)
e(604	2	4	140)
e(604	3	4	90)
e(604	1	5	80)
e(604	2	5	70)
e(604	3	5	90)
e(604	4	5	20)
e(606	1	2	20)
e(606	1	3	30)
e(606	2	3	110)
e(606	1	4	140)
e(606	2	4	120)
e(606	3	4	90)
e(606	1	5	100)
e(606	2	5	90)
e(606	3	5	110)
e(606	4	5	140)
e(607	1	2	130)
e(607	1	3	140)
e(607	2	3	100)
e(607	1	4	150)
e(607	2	4	160)
e(607	1	5	130)
e(607	2	5	20)
e(607	3	5	150)
e(607	4	5	40)
e(608	1	2	30)
e(609	1	2	120)
e(609	1	3	80)
e(609	2	3	90)
e(610	1	2	100)
e(611	1	2	120)
e(611	1	3	10)
e(611	2	3	30)
e(611	1	4	60)
e(611	2	4	150)
e(611	3	4	70)
e(611	1	5	90)
e(611	2	5	50)
e(611	3	5	90)
e(611	4	5	40)
e(612	1	2	80)
e(612	1	3	150)
e(612	2	3	120)
e(613	1	2	70)
e(613	1	3	100)
e(613	2	3	40)
e(614	1	2	50)
e(615	1	2	160)
e(615	1	3	150)
e(615	2	3	100)
e(616	1	2	80)
e(616	1	3	120)
e(616	2	3	120)
e(616	2	4	130)
e(616	3	4	10)
e(618	1	2	150)
e(618	1	3	40)
e(618	2	3	30)
e(618	1	4	150)
e(618	2	4	90)
e(618	3	4	100)
e(622	1	2	10)
e(622	1	3	90)
e(622	2	3	110)
e(622	1	4	20)
e(622	2	4	30)
e(622	3	4	160)
e(624	1	2	130)
e(625	1	2	30)
e(629	1	2	160)
e(629	1	3	60)
e(629	1	4	60)
e(629	2	4	130)
e(629	3	4	100)
e(631	1	2	10)
e(631	2	3	20)
e(631	1	4	90)
e(631	2	4	20)
e(631	3	4	120)
e(631	1	5	130)
e(631	3	5	10)
e(631	4	5	20)
e(632	1	2	80)
e(632	1	3	50)
e(632	2	3	20)
e(632	1	4	70)
e(632	2	4	160)
e(632	3	4	30)
e(632	1	5	100)
e(632	2	5	90)
e(632	3	5	160)
e(632	4	5	30)
e(634	1	3	60)
e(634	2	3	50)
e(634	1	4	80)
e(634	2	4	50)
e(634	3	4	120)
e(635	1	2	60)
e(635	1	3	90)
e(635	2	3	100)
e(636	1	2	110)
e(636	1	3	30)
e(636	2	3	10)
e(637	1	2	120)
e(637	1	3	120)
e(637	2	3	100)
e(637	1	4	150)
e(637	3	4	50)
e(637	1	5	90)
e(637	3	5	30)
e(637	4	5	30)
e(639	1	2	100)
e(639	1	3	30)
e(639	2	3	60)
e(639	1	4	100)
e(639	2	4	100)
e(639	3	4	80)
e(639	1	5	60)
e(639	2	5	90)
e(639	3	5	40)
e(641	1	2	70)
e(642	1	2	110)
e(642	1	3	60)
e(642	2	3	120)
e(643	1	2	130)
e(643	1	3	90)
e(644	1	2	110)
e(644	1	3	30)
e(644	2	3	130)
e(644	1	4	90)
e(644	2	4	70)
e(644	3	4	60)
e(645	1	2	30)
e(645	1	3	120)
e(645	2	3	160)
e(645	1	4	30)
e(645	2	4	80)
e(645	3	4	80)
e(645	1	5	50)
e(645	2	5	100)
e(645	3	5	150)
e(645	4	5	10)
e(646	1	2	40)
e(646	1	3	10)
e(646	2	3	50)
e(647	1	2	110)
e(648	1	2	100)
e(648	1	3	110)
e(648	2	3	130)
e(648	1	4	10)
e(648	2	4	130)
e(648	3	4	20)
e(648	1	5	60)
e(648	3	5	60)
e(648	4	5	100)
e(649	1	2	130)
e(650	1	2	160)
e(650	1	3	100)
e(650	2	3	80)
e(650	1	4	150)
e(650	2	4	100)
e(650	3	4	40)
e(650	1	5	90)
e(650	2	5	90)
e(650	3	5	160)
e(650	4	5	20)
e(651	1	2	50)
e(652	1	3	160)
e(652	2	3	20)
e(652	2	4	50)
e(652	3	4	110)
e(653	1	2	100)
e(653	1	3	60)
e(653	2	3	60)
e(653	1	4	140)
e(653	2	4	50)
e(653	3	4	80)
e(653	2	5	130)
e(653	3	5	70)
e(653	4	5	110)
e(654	1	2	100)
e(654	1	4	30)
e(654	2	4	40)
e(654	3	4	10)
e(654	1	5	160)
e(654	2	5	40)
e(654	4	5	60)
e(655	1	2	120)
e(655	1	3	40)
e(655	2	3	140)
e(655	1	4	100)
e(655	2	4	70)
e(655	3	4	100)
e(655	1	5	130)
e(655	2	5	160)
e(655	3	5	160)
e(655	4	5	130)
e(656	1	2	50)
e(656	1	3	50)
e(656	2	3	120)
e(656	1	4	60)
e(656	2	4	30)
e(657	1	2	120)
e(657	1	3	50)
e(657	2	3	70)
e(657	1	4	120)
e(657	2	4	60)
e(657	3	4	90)
e(657	1	5	140)
e(657	2	5	70)
e(657	3	5	70)
e(657	4	5	100)
e(658	1	2	70)
e(658	1	3	50)
e(658	2	3	10)
e(658	1	4	80)
e(658	2	4	90)
e(658	3	4	50)
e(658	1	5	10)
e(658	2	5	10)
e(658	3	5	40)
e(658	4	5	150)
e(660	1	2	10)
e(660	1	3	70)
e(660	2	3	110)
e(660	1	4	60)
e(660	2	4	140)
e(660	3	4	30)
e(660	1	5	20)
e(660	2	5	50)
e(660	3	5	20)
e(660	4	5	60)
e(661	1	2	110)
e(661	1	3	140)
e(661	2	3	50)
e(662	1	2	110)
e(662	1	3	30)
e(662	2	3	40)
e(663	1	2	40)
e(663	1	3	110)
e(663	2	3	150)
e(663	1	4	30)
e(663	3	4	160)
e(663	1	5	40)
e(663	2	5	80)
e(663	3	5	40)
e(663	4	5	10)
e(664	1	2	10)
e(664	1	3	120)
e(664	2	3	10)
e(664	2	4	30)
e(665	1	2	50)
e(665	1	3	90)
e(665	2	3	120)
e(665	1	4	30)
e(665	2	4	100)
e(665	3	4	160)
e(665	1	5	90)
e(665	2	5	140)
e(665	3	5	20)
e(665	4	5	10)
e(666	1	2	20)
e(666	1	3	110)
e(666	2	3	90)
e(666	1	4	30)
e(666	2	4	90)
e(666	3	4	160)
e(666	1	5	100)
e(666	2	5	120)
e(666	3	5	10)
e(666	4	5	10)
e(667	1	2	80)
e(667	1	3	90)
e(667	2	3	60)
e(667	1	4	70)
e(667	2	4	20)
e(667	3	4	60)
e(668	1	2	110)
e(668	1	3	40)
e(668	2	3	130)
e(668	1	4	120)
e(668	2	4	70)
e(668	3	4	40)
e(669	1	2	160)
e(669	1	3	20)
e(669	2	3	110)
e(669	1	4	70)
e(669	2	4	150)
e(669	3	4	20)
e(669	1	5	110)
e(669	2	5	50)
e(669	3	5	50)
e(669	4	5	160)
e(671	1	2	110)
e(671	1	3	40)
e(671	2	3	110)
e(671	1	4	110)
e(671	2	4	130)
e(671	3	4	130)
e(671	1	5	10)
e(671	2	5	110)
e(671	3	5	10)
e(671	4	5	40)
e(672	1	2	110)
e(672	1	3	60)
e(672	2	3	100)
e(672	1	4	80)
e(672	2	4	150)
e(672	3	4	20)
e(672	1	5	100)
e(672	2	5	30)
e(672	3	5	100)
e(672	4	5	120)
e(673	1	2	150)
e(674	1	2	160)
e(674	1	3	110)
e(674	1	4	100)
e(674	2	4	110)
e(674	3	4	40)
e(674	1	5	130)
e(674	2	5	80)
e(674	3	5	140)
e(674	4	5	120)
e(678	1	2	50)
e(678	1	3	160)
e(678	2	3	30)
e(679	1	2	90)
e(679	1	3	130)
e(679	2	3	130)
e(680	1	2	140)
e(681	1	2	90)
e(682	1	2	130)
e(682	1	3	70)
e(682	2	3	130)
e(682	1	4	10)
e(682	2	4	80)
e(682	3	4	120)
e(684	1	2	20)
e(684	2	4	110)
e(684	1	5	60)
e(684	2	5	90)
e(684	3	5	50)
e(684	4	5	130)
e(686	1	2	30)
e(688	1	2	50)
e(688	1	3	40)
e(688	2	3	10)
e(690	1	2	150)
e(691	1	2	60)
e(691	1	3	100)
e(691	2	3	30)
e(692	1	3	80)
e(692	2	3	20)
e(693	1	2	90)
e(693	1	3	10)
e(693	2	3	70)
e(693	1	4	80)
e(693	2	4	130)
e(693	3	4	80)
e(693	1	5	160)
e(693	2	5	20)
e(693	3	5	20)
e(693	4	5	10)
e(694	1	2	60)
e(694	1	3	120)
e(694	2	3	160)
e(694	1	4	160)
e(694	2	4	30)
e(695	1	2	10)
e(695	2	3	120)
e(695	1	4	70)
e(695	2	4	120)
e(695	3	4	130)
e(695	1	5	30)
e(695	2	5	70)
e(695	3	5	90)
e(695	4	5	100)
e(696	1	2	30)
e(696	2	3	80)
e(696	1	4	90)
e(696	2	4	90)
e(696	3	4	100)
e(697	1	2	30)
e(697	1	3	140)
e(697	2	3	50)
e(697	1	4	80)
e(697	2	4	160)
e(697	3	4	120)
e(697	2	5	30)
e(697	3	5	120)
e(697	4	5	20)
e(699	1	2	100)
e(699	1	3	50)
e(699	2	3	110)
e(699	1	4	60)
e(699	2	4	20)
e(699	3	4	100)
e(700	1	2	110)
e(700	1	3	20)
