75

d(1	8	12	3	200000.0)
d(2	15	16	3	200000.0)
d(3	16	19	2	200000.0)
d(4	20	21	1	200000.0)
d(5	2	11	1	200000.0)
d(6	23	23	4	200000.0)
d(7	19	24	1	200000.0)
d(8	19	21	1	200000.0)
d(9	3	13	4	200000.0)
d(10	21	23	4	200000.0)
d(11	21	21	5	200000.0)
d(12	20	24	4	200000.0)
d(13	16	24	2	200000.0)
d(14	5	10	5	200000.0)
d(15	8	19	3	200000.0)
d(16	19	22	5	200000.0)
d(17	13	22	1	200000.0)
d(18	2	22	2	200000.0)
d(19	11	19	3	200000.0)
d(20	19	21	1	200000.0)
d(21	8	16	4	200000.0)
d(22	18	21	2	200000.0)
d(23	8	18	2	200000.0)
d(24	22	23	3	200000.0)
d(25	5	7	2	200000.0)
d(26	1	24	4	200000.0)
d(27	9	15	2	200000.0)
d(28	10	21	3	200000.0)
d(29	16	24	3	200000.0)
d(30	9	17	5	200000.0)
d(31	15	18	1	200000.0)
d(32	6	6	1	200000.0)
d(33	14	21	4	200000.0)
d(34	19	19	2	200000.0)
d(35	22	24	5	200000.0)
d(36	9	15	2	200000.0)
d(37	20	24	3	200000.0)
d(38	7	20	4	200000.0)
d(39	14	22	5	200000.0)
d(40	13	21	4	200000.0)
d(41	14	21	1	200000.0)
d(42	21	21	4	200000.0)
d(43	1	20	1	200000.0)
d(44	10	16	2	200000.0)
d(45	21	23	5	200000.0)
d(46	3	8	2	200000.0)
d(47	17	23	5	200000.0)
d(48	13	17	3	200000.0)
d(49	20	22	3	200000.0)
d(50	11	18	1	200000.0)
d(51	12	13	1	200000.0)
d(52	10	14	5	200000.0)
d(53	14	16	5	200000.0)
d(54	10	23	2	200000.0)
d(55	9	13	2	200000.0)
d(56	18	19	3	200000.0)
d(57	6	22	2	200000.0)
d(58	18	20	5	200000.0)
d(59	13	13	4	200000.0)
d(60	10	13	5	200000.0)
d(61	19	20	1	200000.0)
d(62	12	12	4	200000.0)
d(63	13	22	4	200000.0)
d(64	21	22	3	200000.0)
d(65	7	22	5	200000.0)
d(66	10	13	5	200000.0)
d(67	8	14	1	200000.0)
d(68	15	16	1	200000.0)
d(69	15	18	4	200000.0)
d(70	8	8	1	200000.0)
d(71	20	21	5	200000.0)
d(72	4	6	3	200000.0)
d(73	7	24	1	200000.0)
d(74	16	21	3	200000.0)
d(75	17	20	4	200000.0)
v(1	1	18	177	36	2)
v(1	2	9	66	18	2)
v(1	3	3	40	6	2)
v(2	1	9	47	18	2)
v(2	2	2	45	4	2)
v(2	3	3	75	6	2)
v(3	1	14	144	28	1)
v(3	2	9	51	18	1)
v(4	1	5	161	10	0)
v(5	1	19	168	38	0)
v(6	1	6	124	12	3)
v(6	2	32	145	64	3)
v(6	3	7	70	14	3)
v(6	4	32	188	64	3)
v(7	1	23	137	46	0)
v(8	1	3	154	6	0)
v(9	1	32	108	64	3)
v(9	2	24	30	48	3)
v(9	3	23	44	46	3)
v(9	4	9	64	18	3)
v(10	1	10	24	20	3)
v(10	2	8	105	16	2)
v(10	3	24	34	48	2)
v(10	4	14	82	28	3)
v(11	1	15	159	30	3)
v(11	2	17	29	34	3)
v(11	3	1	13	2	4)
v(11	4	21	159	42	4)
v(11	5	9	51	18	2)
v(12	1	14	116	28	3)
v(12	2	20	102	40	2)
v(12	3	2	120	4	3)
v(12	4	25	129	50	2)
v(13	1	4	65	8	1)
v(13	2	2	95	4	1)
v(14	1	32	59	64	3)
v(14	2	4	44	8	4)
v(14	3	24	59	48	4)
v(14	4	27	154	54	4)
v(14	5	18	141	36	3)
v(15	1	25	78	50	1)
v(15	2	13	70	26	1)
v(15	3	18	39	36	2)
v(16	1	12	27	24	4)
v(16	2	24	133	48	4)
v(16	3	10	76	20	4)
v(16	4	12	141	24	4)
v(16	5	32	58	64	4)
v(17	1	4	83	8	0)
v(18	1	12	42	24	1)
v(18	2	26	71	52	1)
v(19	1	10	79	20	1)
v(19	2	13	62	26	2)
v(19	3	6	52	12	1)
v(20	1	11	85	22	0)
v(21	1	17	136	34	3)
v(21	2	26	180	52	3)
v(21	3	6	121	12	3)
v(21	4	2	64	4	3)
v(22	1	25	138	50	1)
v(22	2	18	178	36	1)
v(23	1	28	137	56	1)
v(23	2	1	78	2	1)
v(24	1	19	56	38	2)
v(24	2	10	77	20	1)
v(24	3	15	52	30	1)
v(25	1	11	42	22	1)
v(25	2	8	37	16	1)
v(26	1	27	46	54	3)
v(26	2	1	145	2	3)
v(26	3	12	136	24	3)
v(26	4	11	93	22	3)
v(27	1	14	132	28	1)
v(27	2	21	89	42	1)
v(28	1	8	124	16	2)
v(28	2	25	37	50	2)
v(28	3	24	96	48	2)
v(29	1	11	167	22	2)
v(29	2	6	87	12	2)
v(29	3	10	117	20	2)
v(30	1	27	125	54	4)
v(30	2	17	97	34	4)
v(30	3	20	68	40	4)
v(30	4	17	100	34	4)
v(30	5	26	111	52	4)
v(31	1	22	117	44	0)
v(32	1	30	78	60	0)
v(33	1	28	65	56	3)
v(33	2	32	37	64	3)
v(33	3	6	149	12	3)
v(33	4	12	109	24	3)
v(34	1	4	131	8	1)
v(34	2	1	20	2	1)
v(35	1	25	115	50	4)
v(35	2	30	121	60	3)
v(35	3	1	128	2	3)
v(35	4	13	26	26	4)
v(35	5	8	155	16	4)
v(36	1	12	160	24	1)
v(36	2	21	24	42	1)
v(37	1	17	145	34	2)
v(37	2	24	134	48	2)
v(37	3	8	159	16	2)
v(38	1	3	162	6	3)
v(38	2	4	47	8	3)
v(38	3	12	142	24	3)
v(38	4	26	131	52	3)
v(39	1	22	171	44	4)
v(39	2	28	187	56	3)
v(39	3	11	62	22	4)
v(39	4	5	102	10	4)
v(39	5	7	54	14	3)
v(40	1	11	24	22	3)
v(40	2	1	17	2	2)
v(40	3	4	35	8	2)
v(40	4	20	105	40	3)
v(41	1	31	111	62	0)
v(42	1	9	65	18	3)
v(42	2	26	73	52	3)
v(42	3	30	45	60	3)
v(42	4	13	38	26	3)
v(43	1	11	120	22	0)
v(44	1	2	17	4	1)
v(44	2	2	145	4	1)
v(45	1	14	155	28	3)
v(45	2	6	146	12	3)
v(45	3	12	36	24	3)
v(45	4	18	169	36	3)
v(45	5	10	99	20	2)
v(46	1	25	73	50	1)
v(46	2	30	43	60	1)
v(47	1	5	33	10	4)
v(47	2	4	122	8	4)
v(47	3	25	153	50	4)
v(47	4	27	138	54	4)
v(47	5	10	97	20	4)
v(48	1	16	55	32	2)
v(48	2	25	34	50	2)
v(48	3	8	100	16	2)
v(49	1	4	39	8	2)
v(49	2	8	138	16	2)
v(49	3	8	120	16	2)
v(50	1	6	158	12	0)
v(51	1	17	165	34	0)
v(52	1	2	63	4	4)
v(52	2	32	178	64	4)
v(52	3	13	111	26	4)
v(52	4	9	16	18	4)
v(52	5	9	82	18	4)
v(53	1	5	101	10	3)
v(53	2	21	126	42	4)
v(53	3	17	140	34	4)
v(53	4	6	131	12	3)
v(53	5	9	122	18	4)
v(54	1	13	64	26	1)
v(54	2	20	113	40	1)
v(55	1	8	161	16	1)
v(55	2	12	29	24	1)
v(56	1	22	158	44	2)
v(56	2	14	66	28	2)
v(56	3	12	160	24	2)
v(57	1	16	175	32	1)
v(57	2	28	34	56	1)
v(58	1	5	87	10	4)
v(58	2	24	58	48	4)
v(58	3	18	129	36	4)
v(58	4	12	140	24	4)
v(58	5	21	168	42	4)
v(59	1	25	52	50	3)
v(59	2	20	62	40	3)
v(59	3	16	37	32	3)
v(59	4	19	22	38	3)
v(60	1	8	21	16	4)
v(60	2	25	119	50	4)
v(60	3	23	95	46	4)
v(60	4	2	134	4	4)
v(60	5	9	71	18	4)
v(61	1	27	149	54	0)
v(62	1	8	73	16	3)
v(62	2	19	168	38	3)
v(62	3	17	70	34	3)
v(62	4	20	94	40	3)
v(63	1	21	42	42	3)
v(63	2	27	62	54	2)
v(63	3	12	135	24	2)
v(63	4	26	186	52	3)
v(64	1	11	40	22	2)
v(64	2	31	81	62	2)
v(64	3	20	180	40	2)
v(65	1	15	34	30	3)
v(65	2	31	86	62	3)
v(65	3	4	141	8	3)
v(65	4	19	98	38	3)
v(65	5	30	150	60	4)
v(66	1	27	77	54	4)
v(66	2	8	118	16	4)
v(66	3	28	138	56	4)
v(66	4	4	97	8	4)
v(66	5	8	95	16	4)
v(67	1	16	88	32	0)
v(68	1	20	140	40	0)
v(69	1	11	13	22	3)
v(69	2	4	27	8	3)
v(69	3	26	109	52	3)
v(69	4	31	121	62	3)
v(70	1	8	35	16	0)
v(71	1	17	149	34	3)
v(71	2	9	115	18	4)
v(71	3	20	164	40	4)
v(71	4	8	38	16	3)
v(71	5	28	93	56	4)
v(72	1	12	43	24	2)
v(72	2	32	171	64	2)
v(72	3	14	29	28	2)
v(73	1	12	72	24	0)
v(74	1	20	149	40	2)
v(74	2	19	162	38	2)
v(74	3	12	77	24	2)
v(75	1	18	69	36	2)
v(75	2	15	48	30	3)
v(75	3	15	142	30	3)
v(75	4	13	84	26	2)
e(1	1	2	140)
e(1	1	3	130)
e(1	2	3	130)
e(2	1	2	70)
e(2	1	3	40)
e(2	2	3	110)
e(3	1	2	20)
e(6	1	2	140)
e(6	1	3	70)
e(6	2	3	100)
e(6	1	4	40)
e(6	2	4	70)
e(6	3	4	150)
e(9	1	2	40)
e(9	1	3	130)
e(9	2	3	150)
e(9	1	4	130)
e(9	2	4	50)
e(9	3	4	110)
e(10	1	2	130)
e(10	1	3	20)
e(10	1	4	50)
e(10	2	4	70)
e(10	3	4	140)
e(11	1	2	40)
e(11	1	3	60)
e(11	2	3	160)
e(11	1	4	40)
e(11	2	4	20)
e(11	3	4	10)
e(11	3	5	60)
e(11	4	5	80)
e(12	1	2	120)
e(12	1	3	120)
e(12	2	3	60)
e(12	1	4	80)
e(12	3	4	150)
e(13	1	2	70)
e(14	1	2	30)
e(14	1	3	20)
e(14	2	3	140)
e(14	1	4	30)
e(14	2	4	160)
e(14	3	4	70)
e(14	2	5	120)
e(14	3	5	130)
e(14	4	5	150)
e(15	1	3	130)
e(15	2	3	10)
e(16	1	2	110)
e(16	1	3	20)
e(16	2	3	140)
e(16	1	4	60)
e(16	2	4	110)
e(16	3	4	160)
e(16	1	5	90)
e(16	2	5	40)
e(16	3	5	110)
e(16	4	5	60)
e(18	1	2	150)
e(19	1	2	110)
e(19	2	3	90)
e(21	1	2	30)
e(21	1	3	20)
e(21	2	3	110)
e(21	1	4	160)
e(21	2	4	60)
e(21	3	4	140)
e(22	1	2	130)
e(23	1	2	50)
e(24	1	2	80)
e(24	1	3	90)
e(25	1	2	160)
e(26	1	2	150)
e(26	1	3	20)
e(26	2	3	40)
e(26	1	4	150)
e(26	2	4	120)
e(26	3	4	30)
e(27	1	2	80)
e(28	1	2	120)
e(28	1	3	100)
e(28	2	3	130)
e(29	1	2	30)
e(29	1	3	70)
e(29	2	3	160)
e(30	1	2	30)
e(30	1	3	50)
e(30	2	3	40)
e(30	1	4	60)
e(30	2	4	40)
e(30	3	4	10)
e(30	1	5	100)
e(30	2	5	70)
e(30	3	5	20)
e(30	4	5	30)
e(33	1	2	110)
e(33	1	3	30)
e(33	2	3	160)
e(33	1	4	140)
e(33	2	4	10)
e(33	3	4	80)
e(34	1	2	50)
e(35	1	2	100)
e(35	1	3	10)
e(35	1	4	150)
e(35	2	4	100)
e(35	3	4	40)
e(35	1	5	90)
e(35	2	5	50)
e(35	3	5	100)
e(35	4	5	70)
e(36	1	2	110)
e(37	1	2	20)
e(37	1	3	120)
e(37	2	3	70)
e(38	1	2	70)
e(38	1	3	10)
e(38	2	3	110)
e(38	1	4	130)
e(38	2	4	20)
e(38	3	4	40)
e(39	1	2	160)
e(39	1	3	50)
e(39	2	3	30)
e(39	1	4	120)
e(39	2	4	130)
e(39	3	4	10)
e(39	1	5	70)
e(39	3	5	80)
e(39	4	5	110)
e(40	1	2	50)
e(40	1	3	70)
e(40	1	4	100)
e(40	2	4	160)
e(40	3	4	50)
e(42	1	2	70)
e(42	1	3	70)
e(42	2	3	90)
e(42	1	4	10)
e(42	2	4	90)
e(42	3	4	90)
e(44	1	2	80)
e(45	1	2	90)
e(45	1	3	90)
e(45	2	3	20)
e(45	2	4	100)
e(45	3	4	80)
e(45	1	5	160)
e(45	4	5	20)
e(46	1	2	20)
e(47	1	2	70)
e(47	1	3	50)
e(47	2	3	110)
e(47	1	4	60)
e(47	2	4	20)
e(47	3	4	100)
e(47	1	5	140)
e(47	2	5	130)
e(47	3	5	150)
e(47	4	5	60)
e(48	1	2	110)
e(48	1	3	130)
e(48	2	3	70)
e(49	1	2	20)
e(49	1	3	110)
e(49	2	3	140)
e(52	1	2	40)
e(52	1	3	100)
e(52	2	3	10)
e(52	1	4	100)
e(52	2	4	20)
e(52	3	4	120)
e(52	1	5	120)
e(52	2	5	150)
e(52	3	5	110)
e(52	4	5	10)
e(53	1	2	60)
e(53	1	3	30)
e(53	2	3	100)
e(53	2	4	30)
e(53	3	4	10)
e(53	1	5	90)
e(53	2	5	110)
e(53	3	5	150)
e(53	4	5	80)
e(54	1	2	160)
e(55	1	2	130)
e(56	1	2	120)
e(56	1	3	10)
e(56	2	3	140)
e(57	1	2	70)
e(58	1	2	70)
e(58	1	3	110)
e(58	2	3	110)
e(58	1	4	90)
e(58	2	4	150)
e(58	3	4	50)
e(58	1	5	20)
e(58	2	5	160)
e(58	3	5	160)
e(58	4	5	90)
e(59	1	2	40)
e(59	1	3	120)
e(59	2	3	120)
e(59	1	4	120)
e(59	2	4	90)
e(59	3	4	140)
e(60	1	2	70)
e(60	1	3	40)
e(60	2	3	140)
e(60	1	4	100)
e(60	2	4	100)
e(60	3	4	160)
e(60	1	5	30)
e(60	2	5	140)
e(60	3	5	70)
e(60	4	5	20)
e(62	1	2	100)
e(62	1	3	90)
e(62	2	3	130)
e(62	1	4	110)
e(62	2	4	140)
e(62	3	4	160)
e(63	1	2	20)
e(63	1	3	100)
e(63	1	4	70)
e(63	2	4	110)
e(63	3	4	60)
e(64	1	2	140)
e(64	1	3	60)
e(64	2	3	160)
e(65	1	2	150)
e(65	2	3	160)
e(65	1	4	10)
e(65	3	4	50)
e(65	1	5	150)
e(65	2	5	120)
e(65	3	5	100)
e(65	4	5	90)
e(66	1	2	100)
e(66	1	3	30)
e(66	2	3	70)
e(66	1	4	10)
e(66	2	4	150)
e(66	3	4	90)
e(66	1	5	90)
e(66	2	5	80)
e(66	3	5	120)
e(66	4	5	140)
e(69	1	2	60)
e(69	1	3	20)
e(69	2	3	50)
e(69	1	4	110)
e(69	2	4	50)
e(69	3	4	100)
e(71	1	2	130)
e(71	1	3	140)
e(71	2	3	140)
e(71	2	4	160)
e(71	3	4	160)
e(71	1	5	100)
e(71	2	5	10)
e(71	3	5	40)
e(71	4	5	10)
e(72	1	2	110)
e(72	1	3	140)
e(72	2	3	110)
e(74	1	2	30)
e(74	1	3	140)
e(74	2	3	50)
e(75	1	2	90)
e(75	1	3	20)
e(75	2	3	160)
e(75	2	4	20)
e(75	3	4	100)
